[0.41274238 0.40133154 0.48087816 0.37434294 0.18310789]
[0.01359838 0.78674771 0.27136848 0.132753   0.48972264]
[0.25192563 0.00180707 0.80087781 0.39072853 0.06413315]
[0.18341871 0.80154745 0.46118566 0.14207924 0.23368583]
[0.04785735 0.78608418 0.18757029 0.75976104 0.00192389]
[0.02602432 0.03130673 0.06042869 0.74287727 0.48463596]
[0.08553591 0.25616413 0.01810306 0.6982453  0.04908957]
[0.22173219 0.09319866 0.06047523 0.60137754 0.57172972]
[0.12750853 0.33792412 0.78452152 0.04113249 0.15948413]
[0.00677293 0.00518487 0.35497593 0.84932389 0.02129234]
[0.11641615 0.54752183 0.20144498 0.72057828 0.00468389]
[0.08015091 0.01017976 0.67456522 0.43973575 0.44633778]
[0.00137848 0.05805661 0.45213681 0.83653773 0.00328348]
[0.55282171 0.43650063 0.66741663 0.32049741 0.00907677]
[0.07340442 0.32820348 0.51266285 0.75653837 0.00512963]
[0.113011   0.03324533 0.16023868 0.50552527 0.68151839]
[0.65272088 0.20382404 0.35185396 0.59734978 0.09547986]
[0.13672584 0.09873275 0.35973101 0.38995796 0.45487308]
[1.95927561e-04 1.48164216e-02 1.36259816e-02 8.46439036e-01
 4.42741290e-01]
[0.20240181 0.88922057 0.33939388 0.05357622 0.13109195]
[0.05723303 0.34188444 0.74324093 0.3449848  0.18353173]
[0.15349076 0.02280484 0.07169088 0.28891428 0.60023955]
[0.33563744 0.64945663 0.58977775 0.3350584  0.38788368]
[0.84940327 0.02464234 0.58655766 0.42700675 0.18100558]
[0.58559142 0.17847987 0.65001905 0.03237858 0.33405661]
[-1.19927038e-04 -6.09747401e-04  1.01449343e-03 -1.31662191e-03
  6.86077405e-01]
[-1.14359694e-04  2.14748990e-03  1.40801141e-01  7.73086519e-01
  3.45878450e-01]
[ 1.60087775e-03 -1.82066759e-04 -8.59177894e-06  6.49877651e-01
  2.07050542e-01]
[0.40571455 0.15847056 0.76754599 0.04138734 0.01144679]
[3.77966481e-03 3.02637953e-03 1.66250529e-04 8.76875823e-02
 7.89700566e-01]
[0.46079901 0.1557631  0.56563631 0.32246337 0.34659836]
[0.6140335  0.17768831 0.46023231 0.20767053 0.03417375]
[0.16494724 0.83763054 0.07670041 0.11927222 0.05818318]
[0.14251434 0.33474764 0.20679017 0.33069341 0.54163402]
[9.40966437e-05 1.24081949e-02 6.64592852e-01 1.22905577e-01
 3.01694260e-01]
[5.47163370e-05 1.04698047e-02 5.65641300e-01 5.21105172e-01
 3.41530137e-01]
[0.0022988  0.00764706 0.0017455  0.88331696 0.04320368]
[0.0386444  0.23097586 0.50254374 0.60417471 0.17005001]
[0.53809914 0.02615371 0.03585004 0.71404256 0.67611999]
[0.23938732 0.10296406 0.43766097 0.64555508 0.01625694]
[ 8.99942524e-06 -7.10525446e-05  3.65979037e-04  7.66956333e-01
  7.99708459e-01]
[0.26431825 0.18061034 0.83860315 0.52421244 0.0305497 ]
[0.33769826 0.14608303 0.14976879 0.81304483 0.00986968]
[0.34025306 0.50698652 0.09743746 0.48463358 0.53829958]
[0.01500665 0.01058335 0.19737411 0.03240342 0.61311462]
[0.64165787 0.16832871 0.67309485 0.12610158 0.46526827]
[ 1.73119822e-04 -2.67811230e-04 -4.80808805e-05  4.90956588e-01
  5.40771096e-01]
[0.03898372 0.17971849 0.01552648 1.181794   0.00910402]
[0.05711195 0.25101057 0.02287127 0.81130853 0.0667894 ]
[0.03453662 0.23507227 0.64008403 0.31838745 0.15588215]
[0.20337081 0.93682789 0.09658354 0.88975485 0.00918792]
[0.15111483 0.06329629 0.0240022  0.78696906 0.01588096]
[7.24404612e-02 3.37756074e-02 6.42986845e-01 3.00803617e-04
 3.53425537e-01]
[0.68185981 0.50834611 0.09685182 0.12862708 0.06269525]
[0.20679224 0.04287425 0.00531832 0.60405656 0.20355808]
[0.10867018 0.07252984 0.28577782 0.54873165 0.49133834]
[0.33006832 0.32219664 0.26724075 0.19869072 0.52130695]
[0.26597893 0.51691655 0.46898875 0.38350024 0.31768897]
[5.33790150e-02 3.14949664e-01 1.15854606e-01 8.80314241e-01
 4.38398201e-04]
[0.18221711 0.92530342 0.08407015 0.13195972 0.00160089]
[0.00268855 0.00213411 0.24234471 0.58116704 0.37823532]
[ 0.07866441  0.12080681  0.04561604 -0.00152013  0.7841359 ]
[0.15845701 0.15465088 0.00530435 0.60248115 0.20312347]
[0.00161033 0.22138405 0.1908894  0.81983204 0.05944434]
[0.04653445 0.49641911 0.44242147 1.04865206 0.00922104]
[0.19535074 0.19515406 0.00489851 0.75036741 0.0527092 ]
[0.00735288 0.0330108  0.04987901 0.87386564 0.00856872]
[0.50202198 0.49028137 0.40642023 0.30326775 0.32300915]
[0.37026156 0.35206182 0.56950064 0.32468086 0.34896882]
[0.45907185 0.52319445 0.66269599 0.3022393  0.24267061]
[0.31722962 0.03656105 0.85852081 0.01885545 0.29184666]
[0.16709838 0.00099316 0.53137372 0.85253551 0.16951824]
[0.02705645 0.07157923 0.16725198 0.80636142 0.17241078]
[0.09573859 0.25489214 0.11831907 0.55438384 0.42116683]
[0.02405809 1.00570842 0.56043304 0.18989174 0.28451067]
[ 3.15321386e-01  1.48800245e-01  1.57193819e-01 -5.17774315e-05
  6.67251965e-01]
[0.10331561 0.10021736 0.08502774 0.77990477 0.01163878]
[0.01589933 0.24433791 0.24747753 0.18963074 0.54067769]
[0.20654007 0.91463908 0.0370392  0.04537088 0.12287463]
[0.34008922 0.81715322 0.20972058 0.31181109 0.56290701]
[0.44115798 0.18336484 0.19465858 0.6170017  0.03373598]
[0.41149268 0.34297555 0.1372802  1.08984762 0.00518948]
[0.0803188  0.52666992 0.22096789 0.54979631 0.15038339]
[0.42206963 0.41263179 0.02011857 0.66860241 0.01059595]
[0.00210602 0.08561407 0.66453832 0.12677134 0.37789559]
[0.05648174 0.33671562 0.0109258  0.84239559 0.01110615]
[0.06546301 0.6978559  0.62174837 0.01708176 0.00307144]
[0.89860121 0.08466441 0.37819059 0.04883502 0.14510673]
[0.53413216 0.51017686 0.7519564  0.03783074 0.38607868]
[0.71812817 0.23737095 0.08867068 0.11758645 0.05736791]
[0.24163625 0.23575428 0.19566374 0.75237999 0.0124423 ]
[0.28968481 0.02322992 0.93994331 0.05238149 0.15522846]
[0.35489824 0.0005758  0.15311298 0.55741096 0.3634542 ]
[-8.84707688e-06  8.62748862e-03  3.12750034e-03  1.31443179e+00
  6.41629253e-02]
[0.05256593 0.03828837 0.6859594  0.12118676 0.28640342]
[0.05934514 0.26082026 0.02376506 0.79847381 0.06598125]
[ 1.12861009e-03 -5.47183702e-04  3.18167929e-05 -3.07914457e-04
  8.98116438e-01]
[0.56807041 0.44855397 0.66002691 0.32278767 0.02259143]
[0.04429945 0.00536295 0.45730034 1.07687791 0.00931338]
[0.01890633 0.0226334  0.04399329 0.83121887 0.36181506]
