[0.04722504 0.29188988 0.00546427 0.75643323 0.25494685]
[0.08015091 0.01017976 0.67456522 0.43973575 0.44633778]
[0.18341871 0.80154745 0.46118566 0.14207924 0.23368583]
[0.64165787 0.16832871 0.67309485 0.12610158 0.46526827]
[0.22173219 0.09319866 0.06047523 0.60137754 0.57172972]
[0.04952892 0.81346448 0.19410043 0.78627874 0.00452786]
[0.08831579 0.0956552  0.0640167  0.3008741  0.6878574 ]
[4.56660235e-04 7.84397309e-05 2.47051578e-02 2.06077223e-02
 7.69355290e-01]
[0.08553591 0.25616413 0.01810306 0.6982453  0.04908957]
[0.31722962 0.03656105 0.85852081 0.01885545 0.29184666]
[0.98082699 0.3839165  0.45526577 0.06825746 0.21168934]
[0.45907185 0.52319445 0.66269599 0.3022393  0.24267061]
[0.33006832 0.32219664 0.26724075 0.19869072 0.52130695]
[0.0386444  0.23097586 0.50254374 0.60417471 0.17005001]
[0.53413216 0.51017686 0.7519564  0.03783074 0.38607868]
[0.14251434 0.33474764 0.20679017 0.33069341 0.54163402]
[0.02602432 0.03130673 0.06042869 0.74287727 0.48463596]
[0.21079696 0.14741079 0.67325943 0.88040129 0.06258986]
[ 8.99942524e-06 -7.10525446e-05  3.65979037e-04  7.66956333e-01
  7.99708459e-01]
[0.56019627 0.1820348  0.11232573 0.88521847 0.13692957]
[0.15584434 0.58378211 0.72230427 0.34180458 0.44182141]
[0.04622533 0.05416211 0.02679243 0.0414536  0.70525223]
[0.37026156 0.35206182 0.56950064 0.32468086 0.34896882]
[0.44115798 0.18336484 0.19465858 0.6170017  0.03373598]
[0.01359838 0.78674771 0.27136848 0.132753   0.48972264]
[0.34025306 0.50698652 0.09743746 0.48463358 0.53829958]
[0.53809914 0.02615371 0.03585004 0.71404256 0.67611999]
[0.01500665 0.01058335 0.19737411 0.03240342 0.61311462]
[0.10867018 0.07252984 0.28577782 0.54873165 0.49133834]
[0.00891879 0.00555095 0.00197177 0.44260895 0.70064262]
[0.00447238 0.01778141 0.12721941 0.26404878 0.68775217]
[0.41274238 0.40133154 0.48087816 0.37434294 0.18310789]
[0.03766874 0.06459732 0.06874502 0.71558936 0.64874204]
[0.13672584 0.09873275 0.35973101 0.38995796 0.45487308]
[0.34008922 0.81715322 0.20972058 0.31181109 0.56290701]
[0.113011   0.03324533 0.16023868 0.50552527 0.68151839]
[0.01589933 0.24433791 0.24747753 0.18963074 0.54067769]
[1.95927561e-04 1.48164216e-02 1.36259816e-02 8.46439036e-01
 4.42741290e-01]
[0.89348388 0.19618198 0.66053212 0.29938273 0.38894316]
[0.15349076 0.02280484 0.07169088 0.28891428 0.60023955]
[0.33563744 0.64945663 0.58977775 0.3350584  0.38788368]
[0.84940327 0.02464234 0.58655766 0.42700675 0.18100558]
[3.77966481e-03 3.02637953e-03 1.66250529e-04 8.76875823e-02
 7.89700566e-01]
[ 7.75906985e-04 -5.73720536e-04  6.31597423e-04 -1.28647203e-03
  7.11651353e-01]
[0.28968481 0.02322992 0.93994331 0.05238149 0.15522846]
[0.0816136  0.02668359 0.07809558 0.28612643 0.70355873]
[0.06029237 0.08628337 0.02762113 0.56485763 0.65246918]
[ 3.15321386e-01  1.48800245e-01  1.57193819e-01 -5.17774315e-05
  6.67251965e-01]
[0.09573859 0.25489214 0.11831907 0.55438384 0.42116683]
[0.00145438 0.00567282 0.23839847 0.57175656 0.37961569]
[0.16709838 0.00099316 0.53137372 0.85253551 0.16951824]
[-1.61127638e-04 -5.87354837e-04  4.06947330e-04  1.35114192e-02
  8.02924487e-01]
[0.15845701 0.15465088 0.00530435 0.60248115 0.20312347]
[0.23938732 0.10296406 0.43766097 0.64555508 0.01625694]
[0.01609042 0.05377604 0.01180113 1.01524738 0.04975858]
[ 0.07866441  0.12080681  0.04561604 -0.00152013  0.7841359 ]
[0.0803188  0.52666992 0.22096789 0.54979631 0.15038339]
[0.26597893 0.51691655 0.46898875 0.38350024 0.31768897]
[0.05934514 0.26082026 0.02376506 0.79847381 0.06598125]
[0.04653445 0.49641911 0.44242147 1.04865206 0.00922104]
[-8.84707688e-06  8.62748862e-03  3.12750034e-03  1.31443179e+00
  6.41629253e-02]
[0.07340442 0.32820348 0.51266285 0.75653837 0.00512963]
[0.35489824 0.0005758  0.15311298 0.55741096 0.3634542 ]
[0.56807041 0.44855397 0.66002691 0.32278767 0.02259143]
[0.68185981 0.50834611 0.09685182 0.12862708 0.06269525]
[0.00268855 0.00213411 0.24234471 0.58116704 0.37823532]
[0.41149268 0.34297555 0.1372802  1.08984762 0.00518948]
[0.1109033  0.07761286 0.13112437 0.98948273 0.20097324]
[0.50202198 0.49028137 0.40642023 0.30326775 0.32300915]
[0.02705645 0.07157923 0.16725198 0.80636142 0.17241078]
[0.05711195 0.25101057 0.02287127 0.81130853 0.0667894 ]
[0.20543471 0.06376808 0.11076645 0.93728162 0.06312363]
[0.01498572 0.21609494 0.02741151 0.96000219 0.08642351]
[0.02405809 1.00570842 0.56043304 0.18989174 0.28451067]
[0.24163625 0.23575428 0.19566374 0.75237999 0.0124423 ]
[0.19535074 0.19515406 0.00489851 0.75036741 0.0527092 ]
[0.11641615 0.54752183 0.20144498 0.72057828 0.00468389]
[-1.19927038e-04 -6.09747401e-04  1.01449343e-03 -1.31662191e-03
  6.86077405e-01]
[0.55282171 0.43650063 0.66741663 0.32049741 0.00907677]
[0.05723303 0.34188444 0.74324093 0.3449848  0.18353173]
[0.04429945 0.00536295 0.45730034 1.07687791 0.00931338]
[0.6140335  0.17768831 0.46023231 0.20767053 0.03417375]
[0.25192563 0.00180707 0.80087781 0.39072853 0.06413315]
[0.12750853 0.33792412 0.78452152 0.04113249 0.15948413]
[0.06546301 0.6978559  0.62174837 0.01708176 0.00307144]
[0.00210602 0.08561407 0.66453832 0.12677134 0.37789559]
[ 1.12861009e-03 -5.47183702e-04  3.18167929e-05 -3.07914457e-04
  8.98116438e-01]
[5.47163370e-05 1.04698047e-02 5.65641300e-01 5.21105172e-01
 3.41530137e-01]
[0.42206963 0.41263179 0.02011857 0.66860241 0.01059595]
[0.17297256 0.07752189 0.12838225 0.28602075 0.73514634]
[0.26431825 0.18061034 0.83860315 0.52421244 0.0305497 ]
[0.49790666 0.29763628 0.03857497 0.99088868 0.05276239]
[0.46079901 0.1557631  0.56563631 0.32246337 0.34659836]
[0.0489889  0.80461898 0.1919908  0.77771191 0.00447423]
[0.04003737 0.24753107 0.00462728 0.784133   0.26002868]
[0.25337076 0.74857434 0.35492034 0.40554302 0.59121478]
[0.65272088 0.20382404 0.35185396 0.59734978 0.09547986]
[0.11954942 0.11192984 0.20178329 1.02837453 0.38702533]
[0.04302991 0.16258522 0.19544434 0.99600977 0.3748823 ]
[0.47155286 0.04431085 0.14196361 0.07490629 0.78002766]
