[0.04173756 0.32832278 0.37644474 0.16131105 0.54009857]
[0.00978798 0.85292483 0.04649694 0.08848697 0.35481845]
[0.04529702 0.77679774 0.57492214 0.28053234 0.01299014]
[0.15339141 0.1569764  0.08769662 0.01603864 0.60134601]
[0.87486962 0.10957982 0.31967895 0.48854226 0.01937532]
[0.09601198 0.09638635 0.00892853 0.84016747 0.25295763]
[0.15606047 1.19746475 0.14864315 0.25773731 0.05283411]
[0.02336301 0.08057273 0.66069028 0.2402249  0.24374107]
[0.29915489 0.29077007 0.02428196 0.47723624 0.58609012]
[0.29784341 0.23084902 0.14008269 0.39490977 0.54807462]
[0.64540575 0.34388504 0.15588445 0.40772866 0.14621375]
[0.00960304 0.0758961  0.92034943 0.01733245 0.1995382 ]
[0.02105995 0.68763739 0.15028647 0.36508149 0.26459764]
[0.36192446 0.74652503 0.45464189 0.27400617 0.20612152]
[0.59970451 0.12035765 0.51752417 0.07608193 0.10119101]
[0.06620661 0.07223967 0.50497738 0.69555981 0.24969894]
[0.82430699 0.29683249 0.11806251 0.54392373 0.03742119]
[0.36051837 0.38993349 0.13395745 0.05542077 0.48998487]
[0.66839058 0.74621534 0.1345236  0.08697755 0.06745347]
[0.09082164 0.02651692 0.74643616 0.0740687  0.21844352]
[0.43085347 0.19859257 0.05195099 0.74747837 0.01492057]
[0.04549686 0.04953211 0.34725437 0.47714141 0.51124028]
[0.60323916 0.41391201 0.30634685 0.36245382 0.30675264]
[0.5120422  0.01602889 0.38365663 0.64255756 0.07163065]
[0.03937272 0.70587662 0.47191364 0.08231517 0.17229596]
[0.33850036 0.32907139 0.02748097 0.45462094 0.53141899]
[0.00170755 0.01352488 0.11765307 0.92468895 0.21630464]
[ 1.37978443e-03 -4.03309567e-04  6.62394712e-03  4.89296164e-02
  7.01632909e-01]
[0.04661075 0.04761019 0.00391535 0.91263012 0.20541361]
[0.00419766 0.03389254 0.4268432  0.72295362 0.17944234]
[0.01128277 0.09754621 0.73234362 0.28605736 0.06732357]
[0.08104465 0.09625415 0.71731783 0.35662643 0.06534683]
[0.20906645 0.23211913 0.30678637 0.61518113 0.22406876]
[0.69604496 0.71963873 0.05912813 0.09996132 0.20064535]
[0.20435095 0.41982547 0.25603711 0.15338503 0.48495003]
[0.08261083 0.184699   0.16705284 0.5565921  0.34442615]
[0.00133933 0.0365675  0.5655952  0.56190389 0.06478589]
[0.02935372 0.50419669 0.38126182 0.18317603 0.46961222]
[0.65281919 0.5288298  0.34287994 0.20334827 0.13148046]
[0.01500142 0.01484481 0.10369515 0.72290979 0.21866844]
[0.34339173 0.07210018 0.54340024 0.22008663 0.31661383]
[0.03803701 0.00423486 0.01121762 0.82687863 0.38308507]
[0.00836142 0.00755762 0.70540954 0.01174596 0.52978298]
[0.20774156 0.45261665 0.4098824  0.05610891 0.5561573 ]
[0.01476737 0.00941809 0.00473377 0.00611073 0.62794239]
[0.0199049  0.03719051 0.74548517 0.34015051 0.02003049]
[0.02404154 0.04113225 0.41066651 0.47945016 0.3223456 ]
[0.38814112 0.08209706 0.5794574  0.23862463 0.18248235]
[0.21760413 0.75065661 0.0490628  0.23578358 0.31529681]
[0.03153654 0.03572378 0.03754409 0.73346375 0.0303319 ]
[0.62137666 0.21762816 0.27870097 0.70689974 0.01753102]
[0.95222288 0.43796294 0.11352052 0.02363289 0.01683499]
[0.7876634  0.23427585 0.04871598 0.07589118 0.21732721]
[0.28499732 0.22173062 0.76560497 0.20652664 0.03880655]
[1.37921918e-04 9.30604046e-02 2.56334446e-01 6.25936852e-01
 3.37658168e-01]
[0.08512245 0.1659071  0.02632927 0.40857829 0.58523621]
[0.63780476 0.13334994 0.28192    0.23055257 0.33154351]
[0.41620155 0.01291523 0.31185997 0.52192554 0.41805153]
[0.04713097 0.03092854 0.01508121 0.023962   0.6263452 ]
[0.79279779 0.28546501 0.11531532 0.69633118 0.05268262]
[0.04191051 0.00478198 0.01125324 0.90386904 0.2218512 ]
[0.35883279 0.16181351 0.04674037 0.86572427 0.00648358]
[0.40246835 0.30648072 0.15421946 0.721252   0.15152819]
[0.32500083 0.06950094 0.72271336 0.19518423 0.39450929]
[0.00154291 0.04158106 0.77660912 0.38225158 0.07004326]
[0.0072196  0.00778472 0.73024492 0.07198622 0.4244015 ]
[0.29869082 0.2307164  0.56879475 0.22989563 0.02400919]
[0.13325511 0.03808491 0.32834343 0.49462737 0.44146178]
[0.00173998 0.01576105 0.12210976 0.03135407 0.63886771]
[0.04254027 0.68627042 0.46612035 0.19029445 0.22944241]
[0.00526846 0.07065471 0.53262963 0.38934824 0.29752622]
[0.00783449 0.01515891 0.01322186 0.47940509 0.46579518]
[0.71297018 0.11039869 0.10670965 0.54221848 0.17529235]
[0.02779575 0.04455685 0.04083023 0.14351879 0.57254073]
[0.36936655 0.28639947 0.17371561 0.01745466 0.4969674 ]
[0.21553474 0.00415803 0.4805484  0.54154152 0.03536779]
[0.30256571 0.49155441 0.44448506 0.21672916 0.27126996]
[0.01891942 0.02115786 0.45241008 0.07422053 0.53611897]
[0.33642751 0.3570372  0.38222236 0.18754148 0.45973492]
[3.74888526e-04 1.65049967e-01 2.32343188e-01 6.29192476e-01
 3.39410497e-01]
[0.47257832 0.42947616 0.47318653 0.48291107 0.08462662]
[0.01767399 0.00644756 0.0888874  1.11584358 0.04607443]
[0.22625106 0.50624625 0.45701444 0.00157409 0.37523264]
[0.50880309 0.01144518 0.21877526 0.5393404  0.11752507]
[0.15660717 0.29592806 0.6506072  0.04536142 0.32332879]
[0.00299298 0.00241724 0.26151419 0.62052535 0.49906077]
[0.21325225 0.24396651 0.20266237 0.69533079 0.31107787]
[0.06023637 0.48972077 0.56081185 0.24135612 0.05197984]
[0.18181143 0.15651511 0.03978478 0.90329649 0.02653685]
[0.82776521 0.29009609 0.37126356 0.02648009 0.01970185]
[0.56062923 0.56494405 0.05232345 0.03912387 0.21097051]
[0.05994127 0.13042601 0.52479296 0.05431609 0.53149538]
[0.38747972 0.73280539 0.27472612 0.34184748 0.01343126]
[0.60683338 0.0077832  0.14171304 0.27748026 0.41616385]
[0.13453679 0.01750341 0.0183941  0.94755369 0.02021511]
[0.00088663 0.01384343 0.10431018 0.04986422 0.61441924]
[0.10053819 0.73996828 0.04081804 0.17211171 0.55343387]
[7.79601135e-01 3.49091458e-01 3.55251562e-01 3.60046444e-01
 4.40040222e-04]
[0.06142274 0.00767116 0.00878944 0.8679543  0.62048782]
[0.00633452 0.35002585 0.4777914  0.02048401 0.46182421]
