[0.57909553 0.01311033 0.24899889 0.6141245  0.01827551]
[0.47463044 0.2117579  0.05697169 0.72056205 0.01491773]
[0.27116364 0.12424982 0.69846066 0.34832496 0.00435626]
[0.84723351 0.00612342 0.04865103 0.27365407 0.03455699]
[0.58989836 0.6585343  0.10036489 0.0762495  0.05928524]
[0.00489371 0.43343614 0.02361808 0.6164625  0.35419933]
[0.00146848 0.02180045 0.36880936 0.38250885 0.38858806]
[0.00419734 0.04246722 0.32070415 0.01795906 0.57151053]
[0.28805499 0.00576164 0.6421276  0.34359304 0.05751712]
[0.29946595 0.32382738 0.11115045 0.17559002 0.51587571]
[0.11863047 0.5702185  0.6347832  0.00240708 0.04372727]
[0.62392338 0.22454069 0.15804851 0.56372819 0.02887849]
[0.01604677 0.02683611 0.27251968 0.64887301 0.28432534]
[0.00502893 0.1379967  0.19456444 0.52656101 0.41031516]
[0.51221147 0.07433325 0.34412868 0.14712647 0.34903636]
[0.04191051 0.00478198 0.01125324 0.90386904 0.2218512 ]
[0.21078313 0.00624164 0.30492772 0.4318393  0.32723463]
[0.92201684 0.42405314 0.10991838 0.13496313 0.01645788]
[0.58229986 0.11684787 0.50883214 0.07425225 0.08605079]
[0.42095252 0.79613447 0.29871281 0.10451749 0.01734976]
[0.10694954 0.17870144 0.45673042 0.22703843 0.39601337]
[0.64048163 0.00824856 0.14957171 0.60832757 0.07330955]
[0.67353326 0.1284968  0.1614521  0.21845197 0.05794831]
[0.12549035 0.00350575 0.09592126 0.59310721 0.39403528]
[0.29452328 0.00590467 0.65653931 0.17708169 0.03473869]
[0.33246666 0.07023862 0.4963694  0.20410331 0.35708061]
[5.11468848e-02 9.21603189e-01 3.54709400e-01 2.49407823e-02
 4.20472821e-04]
[0.12410703 0.6388451  0.24928427 0.6137547  0.0182802 ]
[0.00827309 0.01598123 0.01272216 0.48597009 0.47215371]
[0.11021855 0.11128556 0.00479195 0.76691733 0.03479256]
[0.65329802 0.13888612 0.15712888 0.21254688 0.16812768]
[0.00418416 0.00936446 0.62526602 0.06014781 0.59474181]
[0.02336301 0.08057273 0.66069028 0.2402249  0.24374107]
[0.15059414 0.1541058  0.03248201 0.06475479 0.57397455]
[0.10053819 0.73996828 0.04081804 0.17211171 0.55343387]
[0.06012958 0.48885393 0.57136297 0.2442332  0.05259881]
[0.67301051 0.02144633 0.16752624 0.36008832 0.11370304]
[ 1.37978443e-03 -4.03309567e-04  6.62394712e-03  4.89296164e-02
  7.01632909e-01]
[0.09353381 0.04306928 0.80939236 0.12299402 0.03438055]
[0.61612526 0.12879769 0.272338   0.21195589 0.15706118]
[0.00978798 0.85292483 0.04649694 0.08848697 0.35481845]
[0.78691101 0.00274    0.05476241 0.1872876  0.22752652]
[0.00921284 0.06933459 0.62912959 0.001463   0.36402966]
[0.75375635 0.00981517 0.1717711  0.34466386 0.12438512]
[0.00125877 0.01004293 0.09487913 0.76905089 0.23366744]
[0.00960304 0.0758961  0.92034943 0.01733245 0.1995382 ]
[0.35681268 0.78429698 0.04294757 0.05435395 0.1828503 ]
[0.31115682 0.11800057 0.01993866 0.75081528 0.00554698]
[0.00305526 0.02556584 0.65975159 0.23123907 0.41918788]
[0.02741888 0.00325381 0.73983243 0.34093729 0.01990016]
[0.20408845 0.41928583 0.25421365 0.1307327  0.47726673]
[0.0044857  0.24922369 0.32740799 0.39583084 0.45473248]
[0.22746105 0.50842145 0.45031802 0.01153568 0.13889308]
[0.73229369 0.55047255 0.04072662 0.20232443 0.03801688]
[0.02779575 0.04455685 0.04083023 0.14351879 0.57254073]
[ 1.48529363e-03  4.99937027e-04  4.82252230e-04 -1.30830263e-03
  7.16943770e-01]
[0.0229195  0.73679109 0.16102658 0.35022393 0.27494623]
[0.65318929 0.13855129 0.25713058 0.02588716 0.1676745 ]
[0.81700685 0.35927469 0.06039484 0.28563014 0.01526954]
[0.30839988 0.6778504  0.03711573 0.04669101 0.36079248]
[0.06904905 0.0123768  0.58970202 0.29121864 0.29755764]
[0.57650649 0.16809642 0.13308934 0.262425   0.45668398]
[0.59511998 0.0187279  0.58782073 0.11535986 0.06627496]
[0.20284115 0.22519482 0.2976571  0.59681401 0.21739004]
[0.03707499 0.00135096 0.70560009 0.02036741 0.03501528]
[0.00133933 0.0365675  0.5655952  0.56190389 0.06478589]
[0.21603132 0.73689184 0.14410456 0.03643702 0.37278811]
[0.27088785 0.29297048 0.18869524 0.17231548 0.50881624]
[0.04090888 0.00514078 0.79024243 0.20390847 0.01998363]
[0.01551599 0.12671756 0.69024119 0.15482351 0.0576465 ]
[0.71297018 0.11039869 0.10670965 0.54221848 0.17529235]
[0.54756708 0.07366364 0.41506365 0.52487069 0.16983638]
[0.00520241 0.17097545 0.11415351 0.71675793 0.28378553]
[0.15445049 0.00445468 0.11666197 0.72682901 0.11699345]
[3.56632062e-04 1.59503722e-01 2.24562657e-01 6.25281711e-01
 3.35852680e-01]
[0.33017661 0.00906489 0.24739734 0.70639709 0.06510941]
[0.19023239 0.41803222 0.02288121 0.58195046 0.39690261]
[2.41584702e-04 5.02240792e-03 9.26735275e-02 9.45485775e-02
 5.84643386e-01]
[0.36622067 0.33622902 0.42594609 0.00985425 0.45760857]
[0.22625106 0.50624625 0.45701444 0.00157409 0.37523264]
[0.01891942 0.02115786 0.45241008 0.07422053 0.53611897]
[0.00427673 0.44942356 0.5847519  0.23681049 0.18383105]
[0.00375762 0.23179144 0.18937887 0.61610556 0.20236876]
[0.14913349 0.15217158 0.18902333 0.60863722 0.19842398]
[0.23762164 0.22927194 0.01922215 0.35677558 0.4480505 ]
[0.30539238 0.00931529 0.27509017 0.415051   0.33271536]
[0.09601198 0.09638635 0.00892853 0.84016747 0.25295763]
[0.36936655 0.28639947 0.17371561 0.01745466 0.4969674 ]
[0.06362189 0.06415504 0.58878082 0.21462288 0.19101489]
[0.22215122 0.0442211  0.21216698 0.7192292  0.10119101]
[0.00137023 0.04859046 0.65513446 0.47044145 0.30973652]
[0.00652275 0.36017214 0.47282871 0.02048786 0.46190277]
[0.03394757 0.05821132 0.57870831 0.08334335 0.30231452]
[0.75769795 0.15978451 0.12466922 0.2518086  0.00855775]
[0.50880309 0.01144518 0.21877526 0.5393404  0.11752507]
[ 4.51616708e-04 -3.65698095e-04  5.20779949e-03  9.84901562e-01
  4.04916575e-02]
[0.38189211 0.39035451 0.43727589 0.09903133 0.20250824]
[0.71504669 0.25051794 0.32083833 0.02258395 0.1212338 ]
[0.8757363  0.11717861 0.11979023 0.00123353 0.0176233 ]
[0.15144705 0.00358344 0.60073627 0.64260015 0.01913879]
