[0.81125549 0.36467003 0.25607135 0.02772035 0.3800417 ]
[0.71297018 0.11039869 0.10670965 0.54221848 0.17529235]
[0.00526846 0.07065471 0.53262963 0.38934824 0.29752622]
[0.43085347 0.19859257 0.05195099 0.74747837 0.01492057]
[0.00149468 0.01192249 0.11160206 0.91571139 0.21405628]
[0.62328637 0.13030138 0.2755031  0.22525695 0.32398929]
[0.59970451 0.12035765 0.51752417 0.07608193 0.10119101]
[0.38814112 0.08209706 0.5794574  0.23862463 0.18248235]
[0.36388703 0.07643783 0.14272824 0.12808112 0.54023075]
[0.81732741 0.10135118 0.29861852 0.44255287 0.0179451 ]
[0.41620155 0.01291523 0.31185997 0.52192554 0.41805153]
[0.21836634 0.16912093 0.38943702 0.16040715 0.53867396]
[0.00978798 0.85292483 0.04649694 0.08848697 0.35481845]
[0.40246835 0.30648072 0.15421946 0.721252   0.15152819]
[0.00179122 0.01363501 0.01627981 0.70511344 0.33164435]
[0.03413406 0.05853285 0.58187187 0.08592983 0.30412407]
[0.00652275 0.36017214 0.47282871 0.02048786 0.46190277]
[0.06142274 0.00767116 0.00878944 0.8679543  0.62048782]
[0.41372897 0.00511253 0.09661282 0.56904599 0.44592005]
[0.57909553 0.01311033 0.24899889 0.6141245  0.01827551]
[0.02779575 0.04455685 0.04083023 0.14351879 0.57254073]
[0.10053819 0.73996828 0.04081804 0.17211171 0.55343387]
[0.50880309 0.01144518 0.21877526 0.5393404  0.11752507]
[0.00502893 0.1379967  0.19456444 0.52656101 0.41031516]
[0.64540575 0.34388504 0.15588445 0.40772866 0.14621375]
[0.36936655 0.28639947 0.17371561 0.01745466 0.4969674 ]
[0.15339141 0.1569764  0.08769662 0.01603864 0.60134601]
[0.03153654 0.03572378 0.03754409 0.73346375 0.0303319 ]
[3.74888526e-04 1.65049967e-01 2.32343188e-01 6.29192476e-01
 3.39410497e-01]
[0.20774156 0.45261665 0.4098824  0.05610891 0.5561573 ]
[0.06023637 0.48972077 0.56081185 0.24135612 0.05197984]
[0.30935686 0.3007013  0.02511144 0.46643061 0.5855861 ]
[0.56062923 0.56494405 0.05232345 0.03912387 0.21097051]
[0.82430699 0.29683249 0.11806251 0.54392373 0.03742119]
[0.21553474 0.00415803 0.4805484  0.54154152 0.03536779]
[0.69604496 0.71963873 0.05912813 0.09996132 0.20064535]
[0.36051837 0.38993349 0.13395745 0.05542077 0.48998487]
[0.54765365 0.01221263 0.34042201 0.6431952  0.07170189]
[0.13453679 0.01750341 0.0183941  0.94755369 0.02021511]
[0.03850214 0.00480375 0.74394072 0.33944141 0.01998815]
[0.00419766 0.03389254 0.4268432  0.72295362 0.17944234]
[0.02336301 0.08057273 0.66069028 0.2402249  0.24374107]
[0.65318929 0.13855129 0.25713058 0.02588716 0.1676745 ]
[0.06413843 0.06974119 0.80072765 0.02203641 0.27208602]
[0.38747972 0.73280539 0.27472612 0.34184748 0.01343126]
[0.08474853 0.16517709 0.02621361 0.40677766 0.58266876]
[0.00495547 0.00429636 0.41366498 0.48911375 0.4769599 ]
[0.01891942 0.02115786 0.45241008 0.07422053 0.53611897]
[0.14960927 0.15043821 0.18469422 0.61447726 0.19959039]
[0.26832935 0.00152227 0.06265108 0.61162932 0.42583757]
[0.95222288 0.43796294 0.11352052 0.02363289 0.01683499]
[0.05424464 0.01052827 0.88291849 0.23099265 0.07478637]
[0.15606047 1.19746475 0.14864315 0.25773731 0.05283411]
[5.11468848e-02 9.21603189e-01 3.54709400e-01 2.49407823e-02
 4.20472821e-04]
[0.68915254 0.02178281 0.51633448 0.20771186 0.06890038]
[2.90335044e-04 5.68907635e-03 1.03645667e-01 4.92665352e-02
 6.07354434e-01]
[0.09082164 0.02651692 0.74643616 0.0740687  0.21844352]
[0.35883279 0.16181351 0.04674037 0.86572427 0.00648358]
[0.30264628 0.67726153 0.04306351 0.03183822 0.35883733]
[0.00133933 0.0365675  0.5655952  0.56190389 0.06478589]
[0.01128277 0.09754621 0.73234362 0.28605736 0.06732357]
[0.72972866 0.25567312 0.32729305 0.02308989 0.12372194]
[0.54756708 0.07366364 0.41506365 0.52487069 0.16983638]
[0.0382239  0.03806373 0.08386411 0.67848806 0.20432521]
[0.79279779 0.28546501 0.11531532 0.69633118 0.05268262]
[0.09601198 0.09638635 0.00892853 0.84016747 0.25295763]
[0.73229369 0.55047255 0.04072662 0.20232443 0.03801688]
[0.20284115 0.22519482 0.2976571  0.59681401 0.21739004]
[0.84704278 0.12244094 0.25038549 0.2692309  0.05689304]
[0.22625106 0.50624625 0.45701444 0.00157409 0.37523264]
[0.20435095 0.41982547 0.25603711 0.15338503 0.48495003]
[0.0229195  0.73679109 0.16102658 0.35022393 0.27494623]
[0.00714034 0.62599494 0.03412021 0.57290244 0.38346182]
[0.39369491 0.41777491 0.44999505 0.220405   0.02122921]
[0.00142029 0.01507729 0.11676335 0.02988778 0.61089043]
[0.00960304 0.0758961  0.92034943 0.01733245 0.1995382 ]
[0.28499732 0.22173062 0.76560497 0.20652664 0.03880655]
[0.15445049 0.00445468 0.11666197 0.72682901 0.11699345]
[0.34339173 0.07210018 0.54340024 0.22008663 0.31661383]
[0.04713097 0.03092854 0.01508121 0.023962   0.6263452 ]
[ 4.51616708e-04 -3.65698095e-04  5.20779949e-03  9.84901562e-01
  4.04916575e-02]
[0.01604677 0.02683611 0.27251968 0.64887301 0.28432534]
[0.00783449 0.01515891 0.01322186 0.47940509 0.46579518]
[0.65896291 0.735684   0.14786257 0.08597102 0.06668711]
[0.05994127 0.13042601 0.52479296 0.05431609 0.53149538]
[0.20915371 0.06009737 0.5151515  0.25635082 0.44618996]
[0.28294957 0.63250577 0.56536488 0.0149493  0.17508084]
[ 1.37978443e-03 -4.03309567e-04  6.62394712e-03  4.89296164e-02
  7.01632909e-01]
[0.00836142 0.00755762 0.70540954 0.01174596 0.52978298]
[0.04191051 0.00478198 0.01125324 0.90386904 0.2218512 ]
[0.66839058 0.74621534 0.1345236  0.08697755 0.06745347]
[0.01476737 0.00941809 0.00473377 0.00611073 0.62794239]
[0.00725299 0.05767336 0.75517944 0.00217749 0.43608863]
[0.29784341 0.23084902 0.14008269 0.39490977 0.54807462]
[0.03609698 0.64735127 0.43281587 0.03196116 0.16099238]
[0.60683338 0.0077832  0.14171304 0.27748026 0.41616385]
[0.00573379 0.38144385 0.5393927  0.30958757 0.32836634]
[0.15660717 0.29592806 0.6506072  0.04536142 0.32332879]
[0.72330448 0.56006614 0.04799304 0.28305453 0.02960281]
[0.01551599 0.12671756 0.69024119 0.15482351 0.0576465 ]
