[0.00292387 0.00546853 0.11078153 0.05272594 0.68572109]
[0.14797355 0.02939523 0.0115468  0.62261398 0.58860902]
[0.5524469  0.61669853 0.11118464 0.07152072 0.42173415]
[0.64540575 0.34388504 0.15588445 0.40772866 0.14621375]
[0.08512245 0.1659071  0.02632927 0.40857829 0.58523621]
[0.04713097 0.03092854 0.01508121 0.023962   0.6263452 ]
[0.53487472 0.01983979 0.40007079 0.53953558 0.13153382]
[0.00703133 0.00662944 0.08022791 0.64194264 0.55297487]
[0.13325511 0.03808491 0.32834343 0.49462737 0.44146178]
[0.03078321 0.571143   0.16751573 0.37841375 0.53769321]
[0.00154291 0.04158106 0.77660912 0.38225158 0.07004326]
[ 1.13012439e+00 -4.23815639e-04  3.67100471e-01  3.52878750e-01
  1.35231516e-01]
[0.02950025 0.03739439 0.03203018 0.78098672 0.28906802]
[0.01891942 0.02115786 0.45241008 0.07422053 0.53611897]
[0.12112407 0.12482326 0.8732809  0.25715553 0.25931488]
[0.4544482  0.35248053 0.21680291 0.02166585 0.61279511]
[0.01411516 0.11119825 0.93015574 0.24558586 0.22777399]
[0.35347999 0.07858852 0.55664655 0.02695253 0.53761373]
[0.01476737 0.00941809 0.00473377 0.00611073 0.62794239]
[0.25417057 0.28228773 0.37293056 0.61633686 0.24055274]
[0.18192452 0.18625765 0.12679948 0.02031021 0.62194054]
[0.08524902 0.18378774 0.82818582 0.32842964 0.09492767]
[0.23802148 0.52739403 0.47703914 0.00173726 0.41652402]
[0.79216351 0.01053331 0.40968018 0.41183438 0.29241466]
[0.65729636 0.23108269 0.29794848 0.74967192 0.01861104]
[0.08119257 0.16600303 0.10152268 0.44348093 0.46788454]
[0.00488386 0.039313   0.49390684 0.83686403 0.21017907]
[0.4865319  0.31482572 0.23962847 0.58841759 0.2800537 ]
[0.40246835 0.30648072 0.15421946 0.721252   0.15152819]
[1.55370449e-03 5.45668548e-04 1.05696610e-02 4.31384746e-02
 6.98252825e-01]
[0.0063125  0.09589362 0.06546855 0.70410172 0.21298561]
[4.58189532e-04 4.46414102e-02 1.41168462e-02 3.74535687e-01
 5.99931576e-01]
[0.63657078 0.13203975 0.29956636 0.23285108 0.40799954]
[0.21325225 0.24396651 0.20266237 0.69533079 0.31107787]
[0.30256571 0.49155441 0.44448506 0.21672916 0.27126996]
[0.02578595 0.18249477 0.27827841 0.22938116 0.58731339]
[0.01767399 0.00644756 0.0888874  1.11584358 0.04607443]
[0.02404154 0.04113225 0.41066651 0.47945016 0.3223456 ]
[0.70645709 0.8844033  0.36747983 0.19907049 0.1247562 ]
[0.46929577 0.87678142 0.32973636 0.41299224 0.01920293]
[0.75632475 0.11714745 0.11320027 0.57531277 0.1691193 ]
[0.62618606 0.48775201 0.18353232 0.44110887 0.03842057]
[0.33642751 0.3570372  0.38222236 0.18754148 0.45973492]
[0.13958944 0.10538787 0.52294512 0.66357807 0.28482126]
[0.0518355  0.35270888 0.13454973 0.23323092 0.59708563]
[0.34555335 0.39558104 0.41404347 0.20043282 0.33031137]
[0.13453679 0.01750341 0.0183941  0.94755369 0.02021511]
[0.24446258 0.19183105 0.46873477 0.02008752 0.6018963 ]
[1.17586861 0.53742223 0.15347766 0.029703   0.0208944 ]
[0.02295187 0.0247771  0.12773551 0.56361593 0.56039034]
[0.89281921 0.50785096 0.32484153 0.31130057 0.12857456]
[0.69105955 0.77153808 0.13908677 0.08953815 0.25554354]
[0.79279779 0.28546501 0.11531532 0.69633118 0.05268262]
[0.64073161 0.00825202 0.14963009 0.29309629 0.43942737]
[0.4426371  0.13140846 0.02814294 0.46560202 0.54420445]
[0.0223476  0.07706982 0.63218078 0.229767   0.31085431]
[0.60323916 0.41391201 0.30634685 0.36245382 0.30675264]
[0.17235432 0.03791534 0.14643171 0.56658262 0.44411893]
[0.45686446 0.00555923 0.50610337 0.21875578 0.35076006]
[0.01418742 0.11176381 0.93486093 0.24683896 0.21313092]
[0.86939606 0.31309914 0.12772745 0.57353933 0.03946593]
[0.00756246 0.00832289 0.35631288 0.0689633  0.62574763]
[0.04616511 0.14149757 0.65596208 0.44277565 0.07485484]
[6.10284079e-05 1.99812194e-02 2.88361079e-02 6.66447411e-01
 3.30135085e-01]
[0.40510815 0.18275006 0.05277225 0.97759296 0.00737187]
[0.0072196  0.00778472 0.73024492 0.07198622 0.4244015 ]
[0.76742228 0.22517285 0.68490227 0.3422611  0.01664207]
[0.16941755 0.32015849 0.70058481 0.04904776 0.3484468 ]
[0.24503745 0.18799083 0.37937084 0.16143061 0.54389458]
[0.20242065 0.44101758 0.39939124 0.05760322 0.48987912]
[0.56492451 0.84821522 0.54516949 0.0480593  0.12050676]
[0.05075855 0.05530959 0.38727062 0.43066495 0.56826653]
[0.23801796 0.25431628 0.47773972 0.19214141 0.45571683]
[0.63780476 0.13334994 0.28192    0.23055257 0.33154351]
[0.21565266 0.24671733 0.19202443 0.65228946 0.37029207]
[0.00173998 0.01576105 0.12210976 0.03135407 0.63886771]
[ 4.36433133e-03 -5.49061461e-04  2.86066711e-01  6.47759111e-01
  4.48219643e-01]
[0.07058302 0.11406081 0.10362488 0.0489668  0.59772309]
[0.5120422  0.01602889 0.38365663 0.64255756 0.07163065]
[0.07217079 0.00911654 0.00985272 1.01871099 0.02261956]
[0.69604496 0.71963873 0.05912813 0.09996132 0.20064535]
[0.28499732 0.22173062 0.76560497 0.20652664 0.03880655]
[0.18857233 0.50829183 0.87543009 0.1655402  0.30890461]
[0.64472752 0.69986262 0.23991523 0.10093992 0.21540824]
[0.10826138 0.03603788 0.16251836 0.50065341 0.3806657 ]
[0.01216817 0.01293632 0.06813706 0.56574342 0.55171904]
[5.67352402e-04 5.25000119e-02 1.65778792e-02 4.39950455e-01
 5.96186302e-01]
[0.4954574  0.0848619  0.35803079 0.05917895 0.50853762]
[0.3749955  0.07878885 0.5893182  0.23929885 0.34402009]
[0.00504429 0.00288899 0.03187075 0.03087421 0.69976031]
[0.05483877 0.07368566 0.88405487 0.36838971 0.05547268]
[0.06142274 0.00767116 0.00878944 0.8679543  0.62048782]
[-3.95331420e-05  1.10336914e-02  3.19523820e-02  6.60716131e-01
  3.27307878e-01]
[0.59645235 0.54255464 0.66184952 0.34227008 0.01612781]
[0.24296685 0.19065442 0.46986051 0.02124988 0.60208508]
[5.80506625e-04 1.43029761e-04 7.08384015e-02 1.27134180e-01
 7.70765844e-01]
[0.03153654 0.03572378 0.03754409 0.73346375 0.0303319 ]
[0.33850036 0.32907139 0.02748097 0.45462094 0.53141899]
[0.67482696 0.35949557 0.17510312 0.43382639 0.13813485]
[0.73953311 0.83209288 0.28005676 0.08546591 0.25671262]
