[0.10463272 0.0408489  0.88661825 0.13284696 0.03768676]
[0.30539238 0.00931529 0.27509017 0.415051   0.33271536]
[0.00133933 0.0365675  0.5655952  0.56190389 0.06478589]
[0.75769795 0.15978451 0.12466922 0.2518086  0.00855775]
[ 4.51616708e-04 -3.65698095e-04  5.20779949e-03  9.84901562e-01
  4.04916575e-02]
[0.04090888 0.00514078 0.79024243 0.20390847 0.01998363]
[0.73229369 0.55047255 0.04072662 0.20232443 0.03801688]
[0.02779575 0.04455685 0.04083023 0.14351879 0.57254073]
[0.42095252 0.79613447 0.29871281 0.10451749 0.01734976]
[0.23531456 0.5259836  0.46585632 0.01200787 0.1436991 ]
[0.0044857  0.24922369 0.32740799 0.39583084 0.45473248]
[0.68915254 0.02178281 0.51633448 0.20771186 0.06890038]
[0.58989836 0.6585343  0.10036489 0.0762495  0.05928524]
[0.26840324 0.20879238 0.72105076 0.19438359 0.03652465]
[5.11468848e-02 9.21603189e-01 3.54709400e-01 2.49407823e-02
 4.20472821e-04]
[0.00836142 0.00755762 0.70540954 0.01174596 0.52978298]
[0.30839988 0.6778504  0.03711573 0.04669101 0.36079248]
[0.00137023 0.04859046 0.65513446 0.47044145 0.30973652]
[0.35883279 0.16181351 0.04674037 0.86572427 0.00648358]
[0.64048163 0.00824856 0.14957171 0.60832757 0.07330955]
[0.06012958 0.48885393 0.57136297 0.2442332  0.05259881]
[0.15144705 0.00358344 0.60073627 0.64260015 0.01913879]
[0.92201684 0.42405314 0.10991838 0.13496313 0.01645788]
[0.02741888 0.00325381 0.73983243 0.34093729 0.01990016]
[ 1.37978443e-03 -4.03309567e-04  6.62394712e-03  4.89296164e-02
  7.01632909e-01]
[0.01891942 0.02115786 0.45241008 0.07422053 0.53611897]
[0.01604677 0.02683611 0.27251968 0.64887301 0.28432534]
[0.20915371 0.06009737 0.5151515  0.25635082 0.44618996]
[0.41940258 0.42655674 0.46580319 0.0906067  0.15291659]
[0.62328637 0.13030138 0.2755031  0.22525695 0.32398929]
[0.00526846 0.07065471 0.53262963 0.38934824 0.29752622]
[3.56632062e-04 1.59503722e-01 2.24562657e-01 6.25281711e-01
 3.35852680e-01]
[0.06413843 0.06974119 0.80072765 0.02203641 0.27208602]
[0.69604496 0.71963873 0.05912813 0.09996132 0.20064535]
[0.20284115 0.22519482 0.2976571  0.59681401 0.21739004]
[0.33404557 0.01024617 0.25031484 0.71475098 0.06588187]
[0.51221147 0.07433325 0.34412868 0.14712647 0.34903636]
[0.01128277 0.09754621 0.73234362 0.28605736 0.06732357]
[0.20774156 0.45261665 0.4098824  0.05610891 0.5561573 ]
[0.01551599 0.12671756 0.69024119 0.15482351 0.0576465 ]
[0.00375762 0.23179144 0.18937887 0.61610556 0.20236876]
[0.29784341 0.23084902 0.14008269 0.39490977 0.54807462]
[0.00978798 0.85292483 0.04649694 0.08848697 0.35481845]
[0.02336301 0.08057273 0.66069028 0.2402249  0.24374107]
[0.00502893 0.1379967  0.19456444 0.52656101 0.41031516]
[0.29946595 0.32382738 0.11115045 0.17559002 0.51587571]
[0.00125877 0.01004293 0.09487913 0.76905089 0.23366744]
[0.00960304 0.0758961  0.92034943 0.01733245 0.1995382 ]
[0.28805499 0.00576164 0.6421276  0.34359304 0.05751712]
[0.72330448 0.56006614 0.04799304 0.28305453 0.02960281]
[0.65329802 0.13888612 0.15712888 0.21254688 0.16812768]
[0.72972866 0.25567312 0.32729305 0.02308989 0.12372194]
[0.6135744  0.47538131 0.05126366 0.24215966 0.02581631]
[0.15339141 0.1569764  0.08769662 0.01603864 0.60134601]
[2.46465445e-04 5.08915284e-03 9.37720264e-02 9.56941153e-02
 5.91574146e-01]
[0.09082164 0.02651692 0.74643616 0.0740687  0.21844352]
[0.75375635 0.00981517 0.1717711  0.34466386 0.12438512]
[0.03413406 0.05853285 0.58187187 0.08592983 0.30412407]
[0.00725299 0.05767336 0.75517944 0.00217749 0.43608863]
[0.22625106 0.50624625 0.45701444 0.00157409 0.37523264]
[0.04713097 0.03092854 0.01508121 0.023962   0.6263452 ]
[0.47463044 0.2117579  0.05697169 0.72056205 0.01491773]
[0.84723351 0.00612342 0.04865103 0.27365407 0.03455699]
[0.21553474 0.00415803 0.4805484  0.54154152 0.03536779]
[0.00652275 0.36017214 0.47282871 0.02048786 0.46190277]
[0.00679352 0.05390276 0.92354198 0.02732208 0.04595571]
[0.54765365 0.01221263 0.34042201 0.6431952  0.07170189]
[0.0229195  0.73679109 0.16102658 0.35022393 0.27494623]
[0.01476737 0.00941809 0.00473377 0.00611073 0.62794239]
[0.04191051 0.00478198 0.01125324 0.90386904 0.2218512 ]
[0.53361679 0.53770252 0.04980051 0.03713578 0.2007889 ]
[0.38814112 0.08209706 0.5794574  0.23862463 0.18248235]
[0.13453679 0.01750341 0.0183941  0.94755369 0.02021511]
[0.36936655 0.28639947 0.17371561 0.01745466 0.4969674 ]
[0.44723462 0.46223882 0.0353923  0.64602595 0.19506049]
[0.12549035 0.00350575 0.09592126 0.59310721 0.39403528]
[0.71297018 0.11039869 0.10670965 0.54221848 0.17529235]
[0.65318929 0.13855129 0.25713058 0.02588716 0.1676745 ]
[0.20408845 0.41928583 0.25421365 0.1307327  0.47726673]
[0.55951638 0.56738688 0.04627203 0.09398627 0.35348488]
[0.09601198 0.09638635 0.00892853 0.84016747 0.25295763]
[0.48135489 0.46045791 0.21201882 0.01005888 0.46541589]
[0.15445049 0.00445468 0.11666197 0.72682901 0.11699345]
[0.36051837 0.38993349 0.13395745 0.05542077 0.48998487]
[0.05994127 0.13042601 0.52479296 0.05431609 0.53149538]
[0.29088758 0.28033809 0.02352505 0.43689292 0.54864713]
[0.54756708 0.07366364 0.41506365 0.52487069 0.16983638]
[0.10053819 0.73996828 0.04081804 0.17211171 0.55343387]
[0.00057902 0.000861   0.01875219 0.45366795 0.44088122]
[0.57909553 0.01311033 0.24899889 0.6141245  0.01827551]
[0.03153654 0.03572378 0.03754409 0.73346375 0.0303319 ]
[0.00456369 0.00392122 0.38204366 0.45156557 0.43637864]
[0.38724228 0.08327262 0.11488254 0.13205285 0.55671882]
[0.00419734 0.04246722 0.32070415 0.01795906 0.57151053]
[0.50880309 0.01144518 0.21877526 0.5393404  0.11752507]
[0.62159527 0.22370078 0.15745872 0.55767566 0.04214366]
[0.57650649 0.16809642 0.13308934 0.262425   0.45668398]
[0.8757363  0.11717861 0.11979023 0.00123353 0.0176233 ]
[0.14913349 0.15217158 0.18902333 0.60863722 0.19842398]
[0.59970451 0.12035765 0.51752417 0.07608193 0.10119101]
