[0.33013051 0.30319375 0.45963796 0.02295878 0.42051232]
[0.23727181 0.2534808  0.47621025 0.18625131 0.45611275]
[0.00504429 0.00288899 0.03187075 0.03087421 0.69976031]
[0.24446258 0.19183105 0.46873477 0.02008752 0.6018963 ]
[0.17195703 0.32496184 0.71107649 0.04981443 0.35438638]
[0.05514395 0.07024226 0.05976054 0.72909602 0.2708181 ]
[0.85406816 0.4634693  0.3069286  0.44902378 0.13147886]
[0.4426371  0.13140846 0.02814294 0.46560202 0.54420445]
[0.17624417 0.03924645 0.14706171 0.87164549 0.14351421]
[0.50346797 0.59411761 0.19660449 0.85774048 0.12919078]
[0.86939606 0.31309914 0.12772745 0.57353933 0.03946593]
[0.00292387 0.00546853 0.11078153 0.05272594 0.68572109]
[0.05483877 0.07368566 0.88405487 0.36838971 0.05547268]
[0.69105955 0.77153808 0.13908677 0.08953815 0.25554354]
[0.63780476 0.13334994 0.28192    0.23055257 0.33154351]
[0.26911233 0.17448903 0.51833914 0.61107524 0.29081384]
[0.25417057 0.28228773 0.37293056 0.61633686 0.24055274]
[0.28499732 0.22173062 0.76560497 0.20652664 0.03880655]
[0.08119257 0.16600303 0.10152268 0.44348093 0.46788454]
[0.02508183 0.69329518 0.46072966 0.49180284 0.0715601 ]
[0.10826138 0.03603788 0.16251836 0.50065341 0.3806657 ]
[0.23802148 0.52739403 0.47703914 0.00173726 0.41652402]
[0.75632475 0.11714745 0.11320027 0.57531277 0.1691193 ]
[0.13023155 0.06798103 0.06850674 0.76560912 0.1908654 ]
[0.40510815 0.18275006 0.05277225 0.97759296 0.00737187]
[-3.95331420e-05  1.10336914e-02  3.19523820e-02  6.60716131e-01
  3.27307878e-01]
[5.80506625e-04 1.43029761e-04 7.08384015e-02 1.27134180e-01
 7.70765844e-01]
[0.14892373 0.02958769 0.01162121 0.62662115 0.59138701]
[0.07058302 0.11406081 0.10362488 0.0489668  0.59772309]
[0.30220082 0.46843909 0.44784532 0.91064945 0.06956841]
[0.18857233 0.50829183 0.87543009 0.1655402  0.30890461]
[0.54330855 0.01821949 0.4063364  0.54801789 0.16145728]
[0.04616511 0.14149757 0.65596208 0.44277565 0.07485484]
[0.01216817 0.01293632 0.06813706 0.56574342 0.55171904]
[0.64540575 0.34388504 0.15588445 0.40772866 0.14621375]
[0.80348594 0.01069257 0.41553529 0.41397322 0.29621964]
[0.00543856 0.0432884  0.54319273 0.88389019 0.22528159]
[0.01103034 0.01242862 0.33762292 0.05481366 0.59009428]
[0.45909969 0.34967343 0.17591821 0.82299892 0.17289806]
[0.64472752 0.69986262 0.23991523 0.10093992 0.21540824]
[5.67352402e-04 5.25000119e-02 1.65778792e-02 4.39950455e-01
 5.96186302e-01]
[0.01891942 0.02115786 0.45241008 0.07422053 0.53611897]
[0.0223476  0.07706982 0.63218078 0.229767   0.31085431]
[0.02295187 0.0247771  0.12773551 0.56361593 0.56039034]
[0.32379613 0.69875217 0.25277327 0.26870849 0.53606461]
[0.28282717 1.23090008 0.36611989 0.3511248  0.14496187]
[0.13325511 0.03808491 0.32834343 0.49462737 0.44146178]
[0.56492451 0.84821522 0.54516949 0.0480593  0.12050676]
[0.76742228 0.22517285 0.68490227 0.3422611  0.01664207]
[0.5120422  0.01602889 0.38365663 0.64255756 0.07163065]
[0.5524469  0.61669853 0.11118464 0.07152072 0.42173415]
[0.79424649 0.28598765 0.11668426 0.69635441 0.05274457]
[0.4865319  0.31482572 0.23962847 0.58841759 0.2800537 ]
[0.64073161 0.00825202 0.14963009 0.29309629 0.43942737]
[0.33850036 0.32907139 0.02748097 0.45462094 0.53141899]
[0.23801796 0.25431628 0.47773972 0.19214141 0.45571683]
[0.09725729 0.05230724 0.78590799 0.79623012 0.10517367]
[0.34555335 0.39558104 0.41404347 0.20043282 0.33031137]
[0.4954574  0.0848619  0.35803079 0.05917895 0.50853762]
[0.0518355  0.35270888 0.13454973 0.23323092 0.59708563]
[0.0063125  0.09589362 0.06546855 0.70410172 0.21298561]
[0.25426737 0.19236435 0.48571496 0.68431084 0.29359869]
[0.373482   0.35766752 0.54290239 0.23481624 0.37629088]
[0.00703133 0.00662944 0.08022791 0.64194264 0.55297487]
[0.63527832 0.38700342 0.33361513 0.37517438 0.31746905]
[4.58189532e-04 4.46414102e-02 1.41168462e-02 3.74535687e-01
 5.99931576e-01]
[0.01767399 0.00644756 0.0888874  1.11584358 0.04607443]
[0.0307216  0.646441   0.18950573 0.38457119 0.57956251]
[0.69604496 0.71963873 0.05912813 0.09996132 0.20064535]
[0.08578035 0.60170843 0.53320607 0.49206658 0.39586125]
[0.3749955  0.07878885 0.5893182  0.23929885 0.34402009]
[0.07217079 0.00911654 0.00985272 1.01871099 0.02261956]
[0.00661423 0.01108569 0.61924257 0.11529919 0.32363933]
[0.24296685 0.19065442 0.46986051 0.02124988 0.60208508]
[0.01476737 0.00941809 0.00473377 0.00611073 0.62794239]
[0.15768542 0.08362435 0.17513559 0.85218367 0.14517247]
[0.01418742 0.11176381 0.93486093 0.24683896 0.21313092]
[0.00756246 0.00832289 0.35631288 0.0689633  0.62574763]
[0.02449499 0.04241768 0.27166656 0.05184979 0.71216607]
[0.2586771  0.26707186 0.90685025 0.27955396 0.28174929]
[0.01489923 0.01454714 0.02908243 0.12268743 0.63944572]
[0.06858065 0.03746524 0.10376417 0.10114067 0.69764662]
[0.01573306 0.02024781 0.20289736 0.88331943 0.33841863]
[0.26980941 0.5312005  0.08402132 0.0211789  0.69714868]
[0.05787937 0.05778189 0.01691488 0.042631   0.71638604]
[0.00349795 0.00929614 0.06205575 0.31151803 0.7620033 ]
[0.05309226 0.20498993 0.05592504 0.74718815 0.50711726]
[0.1968394  0.20156359 0.13718975 0.02160243 0.6728083 ]
[0.08849139 0.18094953 0.11063489 0.45344924 0.48331521]
[0.05790266 0.30249862 0.60744903 0.61189137 0.43598342]
[0.20714521 0.23696796 0.1867417  0.66363449 0.37435181]
[0.06008264 0.48002102 0.50049953 0.42230025 0.57106776]
[0.02792761 0.78484665 0.52150902 0.58696282 0.08241269]
[0.0265658  0.00803066 0.01232427 0.2470181  0.70546246]
[0.31652388 0.24631155 0.85025205 0.22959682 0.04314187]
[0.02145988 0.01417084 0.00482883 0.07951295 0.76711038]
[0.03198414 0.03034583 0.28508564 0.03913494 0.65750121]
[0.36890421 0.79567078 0.2890935  0.30646088 0.60715811]
[0.33747611 0.30995012 0.46986113 0.02531007 0.42891065]
[0.21758292 0.96834729 0.41011176 0.30677047 0.36457986]
