[0.65329802 0.13888612 0.15712888 0.21254688 0.16812768]
[3.56632062e-04 1.59503722e-01 2.24562657e-01 6.25281711e-01
 3.35852680e-01]
[3.07021134e-01 6.00684865e-01 8.34999892e-02 2.08806685e-04
 5.55606157e-01]
[0.53878656 0.49487707 0.05917725 0.01053252 0.47284986]
[0.02336301 0.08057273 0.66069028 0.2402249  0.24374107]
[0.31381952 0.25349615 0.28757719 0.01942486 0.50723476]
[0.58989836 0.6585343  0.10036489 0.0762495  0.05928524]
[0.91125765 0.4175948  0.10719652 0.01714829 0.19639666]
[0.35681268 0.78429698 0.04294757 0.05435395 0.1828503 ]
[0.00176345 0.06114861 0.82236198 0.017463   0.17358816]
[0.30228542 0.31986487 0.10273556 0.17400677 0.5123174 ]
[0.04090888 0.00514078 0.79024243 0.20390847 0.01998363]
[0.13862345 0.0522672  0.21482817 0.62708239 0.00310406]
[0.01891942 0.02115786 0.45241008 0.07422053 0.53611897]
[0.02741888 0.00325381 0.73983243 0.34093729 0.01990016]
[0.5233002  0.00617796 0.63429847 0.00248564 0.04382825]
[0.47575525 0.09932286 0.20809953 0.46121449 0.14043309]
[0.66067424 0.00593934 0.02850014 0.09143815 0.3173427 ]
[0.92201684 0.42405314 0.10991838 0.13496313 0.01645788]
[0.31115682 0.11800057 0.01993866 0.75081528 0.00554698]
[0.67745377 0.0988991  0.17321562 0.16635999 0.07854782]
[0.78691101 0.00274    0.05476241 0.1872876  0.22752652]
[0.06362189 0.06415504 0.58878082 0.21462288 0.19101489]
[0.05583451 0.45399006 0.58724756 0.15451577 0.05666935]
[0.00305526 0.02556584 0.65975159 0.23123907 0.41918788]
[0.03707499 0.00135096 0.70560009 0.02036741 0.03501528]
[0.27116364 0.12424982 0.69846066 0.34832496 0.00435626]
[0.22746105 0.50842145 0.45031802 0.01153568 0.13889308]
[0.33246666 0.07023862 0.4963694  0.20410331 0.35708061]
[0.00137023 0.04859046 0.65513446 0.47044145 0.30973652]
[0.57909553 0.01311033 0.24899889 0.6141245  0.01827551]
[0.0158761  0.10081589 0.68238139 0.01655526 0.01340282]
[0.11863047 0.5702185  0.6347832  0.00240708 0.04372727]
[0.20408845 0.41928583 0.25421365 0.1307327  0.47726673]
[0.02682477 0.04301763 0.57578765 0.08273685 0.30016699]
[0.06012958 0.48885393 0.57136297 0.2442332  0.05259881]
[0.64048163 0.00824856 0.14957171 0.60832757 0.07330955]
[0.01184729 0.31976578 0.44978523 0.02140573 0.37795632]
[0.81700685 0.35927469 0.06039484 0.28563014 0.01526954]
[ 1.37978443e-03 -4.03309567e-04  6.62394712e-03  4.89296164e-02
  7.01632909e-01]
[0.84723351 0.00612342 0.04865103 0.27365407 0.03455699]
[0.50880309 0.01144518 0.21877526 0.5393404  0.11752507]
[0.59511998 0.0187279  0.58782073 0.11535986 0.06627496]
[0.36936655 0.28639947 0.17371561 0.01745466 0.4969674 ]
[0.41308292 0.18422883 0.0552092  0.62796606 0.01401961]
[0.00921284 0.06933459 0.62912959 0.001463   0.36402966]
[0.26862838 0.11692879 0.04230896 0.61807323 0.20149571]
[0.65318929 0.13855129 0.25713058 0.02588716 0.1676745 ]
[0.20284115 0.22519482 0.2976571  0.59681401 0.21739004]
[0.45740545 0.32362219 0.13306333 0.28905278 0.23287094]
[0.00427673 0.44942356 0.5847519  0.23681049 0.18383105]
[0.00111282 0.109375   0.0049109  0.70957091 0.35455768]
[0.00978798 0.85292483 0.04649694 0.08848697 0.35481845]
[0.71297018 0.11039869 0.10670965 0.54221848 0.17529235]
[0.12549035 0.00350575 0.09592126 0.59310721 0.39403528]
[0.73229369 0.55047255 0.04072662 0.20232443 0.03801688]
[0.8757363  0.11717861 0.11979023 0.00123353 0.0176233 ]
[0.42095252 0.79613447 0.29871281 0.10451749 0.01734976]
[0.39809253 0.01232691 0.35856231 0.40935288 0.12927403]
[0.00351683 0.19814294 0.26045521 0.0104076  0.54401671]
[0.03741382 0.00420561 0.01004488 0.80705353 0.19810104]
[0.45488023 0.01429886 0.34428523 0.54739803 0.01210294]
[0.15059414 0.1541058  0.03248201 0.06475479 0.57397455]
[0.0229195  0.73679109 0.16102658 0.35022393 0.27494623]
[0.00502893 0.1379967  0.19456444 0.52656101 0.41031516]
[0.26074775 0.24904151 0.33803144 0.34696483 0.33701303]
[0.0038983  0.03240742 0.83219358 0.29705222 0.06564695]
[2.22194051e-02 4.01752110e-01 1.54729377e-01 8.27684743e-01
 4.77341175e-04]
[0.80433521 0.00288408 0.29234976 0.10366756 0.03386284]
[0.21603132 0.73689184 0.14410456 0.03643702 0.37278811]
[0.45804456 0.09179082 0.42291148 0.00137621 0.35606776]
[2.41584702e-04 5.02240792e-03 9.26735275e-02 9.45485775e-02
 5.84643386e-01]
[0.71504669 0.25051794 0.32083833 0.02258395 0.1212338 ]
[0.38795315 0.43327934 0.61877306 0.19855781 0.03730906]
[0.00497663 0.03775981 0.38224033 0.66969057 0.2336563 ]
[0.00146848 0.02180045 0.36880936 0.38250885 0.38858806]
[0.25154393 0.24396695 0.0203947  0.37860778 0.41461375]
[0.38189211 0.39035451 0.43727589 0.09903133 0.20250824]
[0.00754839 0.07551836 0.56679737 0.03322616 0.47257232]
[0.00489371 0.43343614 0.02361808 0.6164625  0.35419933]
[0.02377161 0.00265508 0.01811965 0.69217124 0.01550952]
[0.62392338 0.22454069 0.15804851 0.56372819 0.02887849]
[0.14418175 0.00881941 0.00466838 0.75868588 0.03439933]
[5.11468848e-02 9.21603189e-01 3.54709400e-01 2.49407823e-02
 4.20472821e-04]
[ 1.48529363e-03  4.99937027e-04  4.82252230e-04 -1.30830263e-03
  7.16943770e-01]
[0.23593391 0.22764033 0.01908533 0.35405324 0.44473716]
[0.00950106 0.07577294 0.93124998 0.13617273 0.01782812]
[0.27088785 0.29297048 0.18869524 0.17231548 0.50881624]
[0.01604677 0.02683611 0.27251968 0.64887301 0.28432534]
[0.00133933 0.0365675  0.5655952  0.56190389 0.06478589]
[0.75769795 0.15978451 0.12466922 0.2518086  0.00855775]
[0.75375635 0.00981517 0.1717711  0.34466386 0.12438512]
[0.61612526 0.12879769 0.272338   0.21195589 0.15706118]
[0.67353326 0.1284968  0.1614521  0.21845197 0.05794831]
[0.26990093 0.00492234 0.60166302 0.32180738 0.05386722]
[0.30839988 0.6778504  0.03711573 0.04669101 0.36079248]
[0.00419734 0.04246722 0.32070415 0.01795906 0.57151053]
[0.00827309 0.01598123 0.01272216 0.48597009 0.47215371]
[0.15144705 0.00358344 0.60073627 0.64260015 0.01913879]
[0.00125877 0.01004293 0.09487913 0.76905089 0.23366744]
