[ 1.37978443e-03 -4.03309567e-04  6.62394712e-03  4.89296164e-02
  7.01632909e-01]
[0.03078321 0.571143   0.16751573 0.37841375 0.53769321]
[0.12112407 0.12482326 0.8732809  0.25715553 0.25931488]
[0.04173756 0.32832278 0.37644474 0.16131105 0.54009857]
[0.64540575 0.34388504 0.15588445 0.40772866 0.14621375]
[0.87486962 0.10957982 0.31967895 0.48854226 0.01937532]
[0.60683338 0.0077832  0.14171304 0.27748026 0.41616385]
[0.5524469  0.61669853 0.11118464 0.07152072 0.42173415]
[0.21565266 0.24671733 0.19202443 0.65228946 0.37029207]
[0.07058302 0.11406081 0.10362488 0.0489668  0.59772309]
[0.60323916 0.41391201 0.30634685 0.36245382 0.30675264]
[0.13453679 0.01750341 0.0183941  0.94755369 0.02021511]
[0.00756246 0.00832289 0.35631288 0.0689633  0.62574763]
[0.62137666 0.21762816 0.27870097 0.70689974 0.01753102]
[0.03209292 0.03276538 0.13651087 0.78531319 0.17879035]
[0.20774156 0.45261665 0.4098824  0.05610891 0.5561573 ]
[0.16941755 0.32015849 0.70058481 0.04904776 0.3484468 ]
[0.40246835 0.30648072 0.15421946 0.721252   0.15152819]
[0.04713097 0.03092854 0.01508121 0.023962   0.6263452 ]
[0.08524902 0.18378774 0.82818582 0.32842964 0.09492767]
[0.00133933 0.0365675  0.5655952  0.56190389 0.06478589]
[0.5120422  0.01602889 0.38365663 0.64255756 0.07163065]
[0.73620607 0.0097462  0.38074324 0.3825973  0.2764594 ]
[0.17235432 0.03791534 0.14643171 0.56658262 0.44411893]
[0.7876634  0.23427585 0.04871598 0.07589118 0.21732721]
[0.82430699 0.29683249 0.11806251 0.54392373 0.03742119]
[0.00526846 0.07065471 0.53262963 0.38934824 0.29752622]
[0.36936655 0.28639947 0.17371561 0.01745466 0.4969674 ]
[4.58189532e-04 4.46414102e-02 1.41168462e-02 3.74535687e-01
 5.99931576e-01]
[0.50880309 0.01144518 0.21877526 0.5393404  0.11752507]
[0.79279779 0.28546501 0.11531532 0.69633118 0.05268262]
[0.04549686 0.04953211 0.34725437 0.47714141 0.51124028]
[0.01411516 0.11119825 0.93015574 0.24558586 0.22777399]
[0.69604496 0.71963873 0.05912813 0.09996132 0.20064535]
[0.38747972 0.73280539 0.27472612 0.34184748 0.01343126]
[0.13958944 0.10538787 0.52294512 0.66357807 0.28482126]
[0.22625106 0.50624625 0.45701444 0.00157409 0.37523264]
[0.08104465 0.09625415 0.71731783 0.35662643 0.06534683]
[0.18857233 0.50829183 0.87543009 0.1655402  0.30890461]
[0.18192452 0.18625765 0.12679948 0.02031021 0.62194054]
[0.56492451 0.84821522 0.54516949 0.0480593  0.12050676]
[0.40510815 0.18275006 0.05277225 0.97759296 0.00737187]
[0.33850036 0.32907139 0.02748097 0.45462094 0.53141899]
[0.34339173 0.07210018 0.54340024 0.22008663 0.31661383]
[0.60635485 0.55118071 0.67264862 0.04591051 0.11764513]
[0.52963939 0.481728   0.58772598 0.29826829 0.01424797]
[0.08119257 0.16600303 0.10152268 0.44348093 0.46788454]
[0.03937272 0.70587662 0.47191364 0.08231517 0.17229596]
[0.05994127 0.13042601 0.52479296 0.05431609 0.53149538]
[6.10284079e-05 1.99812194e-02 2.88361079e-02 6.66447411e-01
 3.30135085e-01]
[0.20906645 0.23211913 0.30678637 0.61518113 0.22406876]
[0.95222288 0.43796294 0.11352052 0.02363289 0.01683499]
[0.00154291 0.04158106 0.77660912 0.38225158 0.07004326]
[0.75632475 0.11714745 0.11320027 0.57531277 0.1691193 ]
[0.06142274 0.00767116 0.00878944 0.8679543  0.62048782]
[0.07995162 0.13113263 0.22372564 0.665488   0.32303462]
[7.79601135e-01 3.49091458e-01 3.55251562e-01 3.60046444e-01
 4.40040222e-04]
[0.01476737 0.00941809 0.00473377 0.00611073 0.62794239]
[0.08512245 0.1659071  0.02632927 0.40857829 0.58523621]
[0.00173998 0.01576105 0.12210976 0.03135407 0.63886771]
[0.30256571 0.49155441 0.44448506 0.21672916 0.27126996]
[0.00299298 0.00241724 0.26151419 0.62052535 0.49906077]
[0.07217079 0.00911654 0.00985272 1.01871099 0.02261956]
[0.02779575 0.04455685 0.04083023 0.14351879 0.57254073]
[0.64472752 0.69986262 0.23991523 0.10093992 0.21540824]
[0.04191051 0.00478198 0.01125324 0.90386904 0.2218512 ]
[0.00292387 0.00546853 0.11078153 0.05272594 0.68572109]
[0.20435095 0.41982547 0.25603711 0.15338503 0.48495003]
[0.63513208 0.10876692 0.09336719 0.48357103 0.22554628]
[0.33642751 0.3570372  0.38222236 0.18754148 0.45973492]
[0.3044071  0.06759861 0.47792026 0.02048401 0.46182421]
[0.41381828 0.52968033 0.15423739 0.37693428 0.26336166]
[3.74888526e-04 1.65049967e-01 2.32343188e-01 6.29192476e-01
 3.39410497e-01]
[0.01418742 0.11176381 0.93486093 0.24683896 0.21313092]
[0.01767399 0.00644756 0.0888874  1.11584358 0.04607443]
[0.01018652 0.92090371 0.05020418 0.09570507 0.38310761]
[0.02935372 0.50419669 0.38126182 0.18317603 0.46961222]
[0.21325225 0.24396651 0.20266237 0.69533079 0.31107787]
[0.01891942 0.02115786 0.45241008 0.07422053 0.53611897]
[0.0072196  0.00778472 0.73024492 0.07198622 0.4244015 ]
[0.00419766 0.03389254 0.4268432  0.72295362 0.17944234]
[0.01216817 0.01293632 0.06813706 0.56574342 0.55171904]
[0.42657917 0.11123583 0.06352748 0.14172177 0.60247236]
[0.0063125  0.09589362 0.06546855 0.70410172 0.21298561]
[0.13325511 0.03808491 0.32834343 0.49462737 0.44146178]
[0.34555335 0.39558104 0.41404347 0.20043282 0.33031137]
[0.02950025 0.03739439 0.03203018 0.78098672 0.28906802]
[0.05075855 0.05530959 0.38727062 0.43066495 0.56826653]
[0.29915489 0.29077007 0.02428196 0.47723624 0.58609012]
[0.0223476  0.07706982 0.63218078 0.229767   0.31085431]
[ 8.31162552e-01 -4.73531468e-04  6.87880317e-01  3.28682685e-01
  1.26005763e-01]
[0.09601198 0.09638635 0.00892853 0.84016747 0.25295763]
[0.28499732 0.22173062 0.76560497 0.20652664 0.03880655]
[0.00901955 0.01749364 0.01108612 0.48065805 0.46702476]
[0.24446258 0.19183105 0.46873477 0.02008752 0.6018963 ]
[0.02404154 0.04113225 0.41066651 0.47945016 0.3223456 ]
[0.18181143 0.15651511 0.03978478 0.90329649 0.02653685]
[0.03153654 0.03572378 0.03754409 0.73346375 0.0303319 ]
[0.63780476 0.13334994 0.28192    0.23055257 0.33154351]
[0.73482769 0.02764014 0.37340906 0.38045253 0.27020766]
