[0.19061692 0.16539927 0.06095286 0.02971926 0.61872606]
[0.66963652 0.01901537 0.30790474 0.4280213  0.37939108]
[ 1.18033914e-04 -5.12964856e-04  1.36640671e-02  8.32921240e-01
  2.62547935e-01]
[0.09054031 0.59048825 0.661438   0.0042437  0.02537976]
[0.02923582 0.02657224 0.35847906 0.18804423 0.68912888]
[0.07295962 0.72442051 0.17699363 0.37958483 0.01541874]
[ 0.00483521  0.06015174  0.84331232 -0.00135449  0.0206758 ]
[0.26562365 0.98361295 0.01769141 0.10804518 0.19892632]
[0.03108856 0.57634203 0.63732387 0.1801523  0.04745323]
[0.00580137 0.0585942  0.01444299 0.00537075 0.69060177]
[0.06863267 0.00105455 0.67078322 0.41564874 0.36851984]
[0.22735802 0.38929915 0.09215838 0.26979382 0.61521855]
[ 2.16256155e-04 -4.89075082e-05  1.51103380e-04  3.46904204e-01
  5.43345227e-01]
[0.69257194 0.38850055 0.04214515 0.4329266  0.02909203]
[0.01455539 0.02812231 0.86427536 0.225774   0.41436208]
[0.04203112 0.29586543 0.59719191 0.3679996  0.21282486]
[0.23688499 0.00158635 0.0028833  0.1268706  0.80947586]
[0.17019395 0.84865855 0.1015228  0.35846476 0.05633021]
[0.37930671 0.90786795 0.0130702  0.10959785 0.04311573]
[0.45723842 0.05294928 0.77194169 0.2216428  0.30995358]
[1.04781759 0.18366058 0.01114562 0.19004118 0.32747209]
[0.02074011 0.06025511 0.49195483 0.32014038 0.54862106]
[0.10606515 0.88375989 0.46832122 0.19714658 0.05188677]
[0.00327455 0.03594828 0.13310898 0.15787476 0.78979144]
[0.40060598 0.47186291 0.26275237 0.55343806 0.38326273]
[0.13629267 0.12371662 0.45278379 0.56875317 0.45200614]
[0.09083584 0.05020062 0.40936703 0.61828461 0.42247524]
[0.0549454  0.10424293 0.13582833 0.13951118 0.66897131]
[0.41593759 0.6646879  0.1594194  0.34401958 0.05369679]
[0.0994058  0.69893797 0.28754461 0.36848866 0.2131066 ]
[1.01109603 0.17720366 0.02249046 0.18334749 0.10659523]
[0.16060207 0.38428241 0.00550583 0.04587509 0.63927126]
[0.28208789 0.67076785 0.01444953 0.33364601 0.25280179]
[0.80638127 0.14380996 0.12518208 0.38090322 0.0598606 ]
[0.0280361  0.90674102 0.01315021 0.09503572 0.17634169]
[0.34958356 0.04264781 0.14767084 0.59470619 0.39043821]
[0.00690843 0.00138946 0.87656436 0.06746154 0.03764618]
[0.00291793 0.00707359 0.89814332 0.07459594 0.03860149]
[0.06060615 0.02767976 0.20478823 0.18590464 0.72068516]
[0.34528174 0.00940561 0.58264407 0.40966551 0.36323649]
[0.54253555 0.62166603 0.31056158 0.0785539  0.3609303 ]
[ 3.96814809e-04 -4.26326559e-04  1.51781279e-03  8.31152246e-01
  4.76818054e-01]
[0.00330262 0.19486378 0.39992855 0.62827225 0.3974815 ]
[0.02587133 0.31010524 0.92467358 0.06891533 0.0235804 ]
[0.07083012 0.57815479 0.31678007 0.14055664 0.53883351]
[0.46368857 0.68105097 0.25168083 0.02656223 0.16741907]
[3.97832276e-01 3.64281117e-01 4.97078782e-01 4.40351011e-04
 4.48224832e-01]
[0.25904801 0.08413737 0.7186267  0.18135681 0.45565603]
[0.57811028 0.10106987 0.01283742 0.68082123 0.29120702]
[0.00172467 0.00153041 0.72709624 0.42636961 0.08564661]
[0.75695762 0.42551681 0.16575898 0.48332442 0.03250919]
[0.01443863 0.00337214 0.20078187 0.08392693 0.78726829]
[0.34271399 0.03953885 0.52180615 0.15310852 0.5086986 ]
[0.50266244 0.18884915 0.60610775 0.01970928 0.04764257]
[0.00875441 0.00943318 0.71870797 0.24944169 0.17089131]
[0.04242679 0.4217092  0.10335933 0.66550829 0.00214537]
[0.00407384 0.05115401 0.7183994  0.64336302 0.02352083]
[0.00477963 0.00573534 0.00509653 0.01244036 0.794371  ]
[2.11293181e-01 3.48446788e-01 6.18540251e-01 2.28921406e-04
 1.15178664e-01]
[0.52603878 0.95448943 0.12140838 0.07296126 0.02976397]
[0.0008677  0.0062481  0.00377627 0.7002009  0.53763403]
[0.64337769 0.01707886 0.29525161 0.45154573 0.17416275]
[0.13523191 0.24515155 0.94823318 0.07702385 0.03139588]
[0.04011662 0.726607   0.17722274 0.39972501 0.11706663]
[0.38952391 0.11314902 0.70958513 0.14938885 0.0374464 ]
[0.51136429 0.09312318 0.33256206 0.52342344 0.50358335]
[0.00109843 0.00777146 0.00452663 0.27826902 0.74793005]
[0.90130125 0.00774723 0.01111829 0.48848953 0.2051405 ]
[0.57300129 0.47601884 0.34026019 0.43232061 0.08132037]
[0.46888287 0.47597223 0.58189482 0.4084063  0.34932245]
[ 7.64744327e-05 -2.52384281e-04  1.19822591e-03  7.36720891e-01
  4.07418668e-02]
[0.31720588 0.60451899 0.37453516 0.03718824 0.3882376 ]
[0.56298837 0.07277246 0.66164138 0.16084648 0.09840195]
[0.00385443 0.00393787 0.56195498 0.02939978 0.56413896]
[0.22991238 0.00534748 0.00992869 0.26869891 0.72483017]
[0.0660924  0.01770455 0.11970274 0.02344673 0.64771686]
[2.04174118e-04 1.82437971e-03 8.66178866e-03 9.14267920e-01
 2.83003577e-02]
[0.87273209 0.49067728 0.08311116 0.28780439 0.02083381]
[0.61333795 0.04951875 0.41150716 0.27747127 0.5120561 ]
[0.185263   0.44046016 0.00947401 0.73221882 0.00345836]
[0.97431272 0.22408453 0.11421287 0.0712638  0.04161487]
[0.02622    0.84832042 0.3253707  0.09064733 0.12341629]
[0.00400037 0.07937154 0.10165099 0.76654944 0.01683694]
[0.33306766 0.00246319 0.01740369 0.16086354 0.62092278]
[0.84928975 0.10372407 0.12009708 0.39779122 0.01725499]
[ 0.13364416  0.22391378  0.3857546  -0.00152061  0.55495346]
[0.03001227 0.59764673 0.66069622 0.00423653 0.04799404]
[0.23149101 0.15552611 0.33344914 0.24797036 0.61904018]
[0.36580012 0.06356736 0.62121308 0.01435221 0.11898902]
[6.21720149e-04 5.41316328e-04 3.67048415e-04 7.12921705e-01
 1.60830923e-01]
[0.27307954 0.27937528 0.05032038 0.29329301 0.54580822]
[0.17626041 0.44767683 0.52748134 0.52108994 0.20285807]
[0.96966492 0.00838114 0.01196561 0.04753831 0.20087706]
[0.19219445 0.27252351 0.04368124 0.50609837 0.43891085]
[0.14137834 0.33607611 0.00721891 0.70378193 0.26872061]
[ 6.01363251e-04 -3.19054922e-04  3.84347735e-02  8.22457296e-01
  1.76666241e-01]
[0.00448774 0.00683597 0.70997351 0.36658146 0.05950346]
[0.00093633 0.00079973 0.00840979 0.01241367 0.79291689]
[0.06854084 0.03645153 0.00603475 0.61905843 0.52773784]
[6.44496879e-04 5.74471847e-04 3.75506011e-04 7.32792629e-01
 6.63891082e-02]
