[0.23688499 0.00158635 0.0028833  0.1268706  0.80947586]
[0.19061692 0.16539927 0.06095286 0.02971926 0.61872606]
[0.02865537 0.01024941 0.03469451 0.29723924 0.57763504]
[ 0.1332853   0.2196808   0.39034356 -0.00064884  0.55806816]
[0.13629267 0.12371662 0.45278379 0.56875317 0.45200614]
[0.13523191 0.24515155 0.94823318 0.07702385 0.03139588]
[0.00194641 0.05144458 0.04499314 0.02916191 0.72741302]
[0.34958356 0.04264781 0.14767084 0.59470619 0.39043821]
[0.00109843 0.00777146 0.00452663 0.27826902 0.74793005]
[-2.88934979e-05 -4.58415391e-04 -4.50539536e-06  7.22677695e-02
  1.00998351e+00]
[0.56298837 0.07277246 0.66164138 0.16084648 0.09840195]
[0.48884169 0.84877438 0.16492297 0.3640691  0.16070087]
[0.03003263 0.55685246 0.65921214 0.1821052  0.04796594]
[0.25904801 0.08413737 0.7186267  0.18135681 0.45565603]
[0.00680784 0.13321066 0.05584597 0.77948408 0.01091117]
[0.19219445 0.27252351 0.04368124 0.50609837 0.43891085]
[0.17626041 0.44767683 0.52748134 0.52108994 0.20285807]
[0.00327455 0.03594828 0.13310898 0.15787476 0.78979144]
[0.02923582 0.02657224 0.35847906 0.18804423 0.68912888]
[0.43445656 0.63206389 0.23425898 0.11757576 0.16152326]
[0.75695762 0.42551681 0.16575898 0.48332442 0.03250919]
[0.01443863 0.00337214 0.20078187 0.08392693 0.78726829]
[0.00498269 0.1288415  0.19813832 0.72241977 0.30266462]
[0.27307954 0.27937528 0.05032038 0.29329301 0.54580822]
[0.46888287 0.47597223 0.58189482 0.4084063  0.34932245]
[0.31580007 0.73213878 0.51892255 0.54345345 0.15896463]
[0.23149101 0.15552611 0.33344914 0.24797036 0.61904018]
[0.09083584 0.05020062 0.40936703 0.61828461 0.42247524]
[0.02074011 0.06025511 0.49195483 0.32014038 0.54862106]
[0.07762048 0.201432   0.37531764 0.60662578 0.48510805]
[0.0660924  0.01770455 0.11970274 0.02344673 0.64771686]
[0.61333795 0.04951875 0.41150716 0.27747127 0.5120561 ]
[0.00223781 0.00335311 0.15040737 0.50099184 0.59141246]
[0.00330262 0.19486378 0.39992855 0.62827225 0.3974815 ]
[0.00407384 0.05115401 0.7183994  0.64336302 0.02352083]
[0.51136429 0.09312318 0.33256206 0.52342344 0.50358335]
[0.22991238 0.00534748 0.00992869 0.26869891 0.72483017]
[0.00093633 0.00079973 0.00840979 0.01241367 0.79291689]
[0.0994058  0.69893797 0.28754461 0.36848866 0.2131066 ]
[0.0549454  0.10424293 0.13582833 0.13951118 0.66897131]
[0.4620154  0.68482627 0.65448553 0.32326743 0.10891338]
[0.11271205 0.47419274 0.27057497 0.53067487 0.55595132]
[0.03902485 0.26747037 0.54407811 0.52295668 0.523561  ]
[0.00299551 0.02311903 0.00612347 0.33031337 0.61334048]
[0.06796614 0.0765262  0.03155456 0.75860646 0.40147561]
[0.54253555 0.62166603 0.31056158 0.0785539  0.3609303 ]
[0.06060615 0.02767976 0.20478823 0.18590464 0.72068516]
[0.00358463 0.03280553 0.26802709 0.24598683 0.76213539]
[ 6.01363251e-04 -3.19054922e-04  3.84347735e-02  8.22457296e-01
  1.76666241e-01]
[0.01681623 0.04062153 1.08829129 0.28868042 0.3518951 ]
[0.07083012 0.57815479 0.31678007 0.14055664 0.53883351]
[0.33385092 0.07694388 0.51055107 0.42128461 0.43471024]
[0.40060598 0.47186291 0.26275237 0.55343806 0.38326273]
[0.06872279 0.09275126 0.00354002 0.95397315 0.12051675]
[0.00580137 0.0585942  0.01444299 0.00537075 0.69060177]
[0.01658741 0.2032677  0.02550383 0.4476515  0.58311257]
[0.15319833 0.10249274 0.10573155 0.71502472 0.30148994]
[0.12569965 0.13878227 0.82356326 0.41856781 0.13264586]
[0.22735802 0.38929915 0.09215838 0.26979382 0.61521855]
[0.00385443 0.00393787 0.56195498 0.02939978 0.56413896]
[0.34528174 0.00940561 0.58264407 0.40966551 0.36323649]
[0.15091495 0.02597143 0.2187669  0.77008112 0.30796605]
[0.06854084 0.03645153 0.00603475 0.61905843 0.52773784]
[0.31720588 0.60451899 0.37453516 0.03718824 0.3882376 ]
[0.16060207 0.38428241 0.00550583 0.04587509 0.63927126]
[0.14137834 0.33607611 0.00721891 0.70378193 0.26872061]
[0.25359317 0.55421489 0.63271737 0.16908391 0.45365865]
[0.34271399 0.03953885 0.52180615 0.15310852 0.5086986 ]
[0.26562365 0.98361295 0.01769141 0.10804518 0.19892632]
[ 1.18033914e-04 -5.12964856e-04  1.36640671e-02  8.32921240e-01
  2.62547935e-01]
[0.04203112 0.29586543 0.59719191 0.3679996  0.21282486]
[0.06863267 0.00105455 0.67078322 0.41564874 0.36851984]
[6.21720149e-04 5.41316328e-04 3.67048415e-04 7.12921705e-01
 1.60830923e-01]
[ 0.01741686  0.02841918  0.030154   -0.00194983  0.68465078]
[ 2.76588454e-04 -1.04753123e-04  5.77571004e-01  3.09502148e-02
  5.80795920e-01]
[ 3.96814809e-04 -4.26326559e-04  1.51781279e-03  8.31152246e-01
  4.76818054e-01]
[0.90130125 0.00774723 0.01111829 0.48848953 0.2051405 ]
[0.01641022 0.53275743 0.63005329 0.09060029 0.12335353]
[0.44601035 0.71277012 0.17094484 0.36903781 0.05760701]
[0.01550604 0.0299773  0.92007403 0.24048815 0.29715032]
[2.11293181e-01 3.48446788e-01 6.18540251e-01 2.28921406e-04
 1.15178664e-01]
[0.45723842 0.05294928 0.77194169 0.2216428  0.30995358]
[0.57811028 0.10106987 0.01283742 0.68082123 0.29120702]
[0.44952565 0.37586362 0.13687749 0.16688024 0.62411875]
[0.10606515 0.88375989 0.46832122 0.19714658 0.05188677]
[0.01391721 0.0442175  0.11224716 0.50256785 0.80401307]
[0.3261162  0.61908325 0.38394079 0.03735399 0.39726737]
[0.03470545 0.11308821 0.232567   0.14902871 0.69924376]
[0.00847096 0.06459086 0.01695509 0.89430203 0.2133726 ]
[0.08539721 0.15228108 0.60100115 0.88268951 0.21297068]
[0.00558376 0.14097965 0.05905117 0.86139904 0.07530737]
[0.66963652 0.01901537 0.30790474 0.4280213  0.37939108]
[0.13589    0.36139486 0.15756746 0.02865585 0.83341653]
[0.1174689  0.13928095 0.06970057 0.62185605 0.64630784]
[0.13683508 0.08133851 0.17228158 0.06680154 0.68554173]
[0.03292986 0.06450335 0.11607921 0.84732235 0.45363818]
[0.21597787 0.79977664 0.39265845 0.49734897 0.24870316]
[0.0639522  0.1157746  0.44902686 0.80537901 0.03814105]
[0.33175811 0.44447189 0.31648273 0.17444283 0.67182497]
[0.0008677  0.0062481  0.00377627 0.7002009  0.53763403]
