[0.02754523 0.00166209 0.0679594  0.67602418 0.41275464]
[0.04940587 0.01741793 0.70327239 0.12093462 0.16350712]
[0.00138926 0.00165647 0.07066693 0.8972413  0.03125787]
[0.00996214 0.00305812 0.26965996 0.04148394 0.5310582 ]
[0.64566445 0.01179899 0.12974653 0.38849391 0.03332748]
[ 2.48349508e-02 -1.31259084e-04  3.94554766e-02  4.38081130e-01
  5.91948318e-01]
[0.60989554 0.01184462 0.30869733 0.36457533 0.21140869]
[0.0931245  0.00118104 0.00394288 0.82690943 0.14107834]
[0.09986295 0.00131053 0.00402857 0.87200851 0.09779627]
[0.01393788 0.11421807 0.83601108 0.1426843  0.18693189]
[0.00396581 0.04983632 0.70011118 0.62693151 0.0183733 ]
[0.65819817 0.01571193 0.02093151 0.03325766 0.46432303]
[0.43445656 0.63206389 0.23425898 0.11757576 0.16152326]
[4.86962270e-01 8.03488023e-01 5.25142376e-02 5.28664011e-04
 1.09380802e-01]
[0.51882225 0.22678258 0.64604465 0.15735798 0.18385765]
[1.09372547e-01 9.21748636e-04 3.05358493e-03 9.54561378e-01
 2.84661406e-02]
[0.9063448  0.34321389 0.27128349 0.09244532 0.20205231]
[0.00436841 0.10379608 0.46939865 0.80558863 0.00246467]
[0.56132457 0.6115145  0.01174813 0.10629517 0.20911943]
[0.10390417 0.12144194 0.70093424 0.35592679 0.03904459]
[0.24832242 0.09288989 0.15774679 0.04429396 0.56610281]
[0.18630051 0.00439451 0.4586908  0.36240434 0.37100727]
[ 0.13785571  0.15591095  0.32300351 -0.00205664  0.46173381]
[0.637846   0.0225659  0.02765297 0.03429661 0.44785626]
[0.31720588 0.60451899 0.37453516 0.03718824 0.3882376 ]
[0.0396282  0.33844396 0.0736576  0.04458681 0.56917732]
[0.54540966 0.20301535 0.17346925 0.48237056 0.20919622]
[0.26577795 0.28832654 0.00538959 0.04487118 0.62589961]
[0.43356277 0.00772311 0.01447475 0.68473715 0.08882587]
[0.11746628 0.04140245 0.46296349 0.04194155 0.38868021]
[0.25565133 0.03813787 0.58153104 0.54915083 0.00380603]
[0.37566496 0.04300742 0.57190292 0.46513409 0.08425745]
[1.51505811e-01 7.91994668e-02 3.11470246e-04 1.24856873e-01
 6.40690282e-01]
[0.11390408 0.80431202 0.33082974 0.11002262 0.21601378]
[-3.74615295e-06 -2.02659733e-04  2.07591938e-03  9.16339511e-01
  1.40258365e-01]
[0.41458118 0.00967164 0.01623619 0.48184298 0.46479412]
[0.05446849 0.06078589 0.30400752 0.40450666 0.42612732]
[0.04817721 0.87218236 0.03108131 0.1468138  0.01342085]
[0.00794367 0.15499258 0.05909334 0.77792919 0.00784574]
[0.20155137 0.11031343 0.62297706 0.32605397 0.02223536]
[0.2036365  0.2495336  0.72443173 0.02715438 0.00332072]
[0.07925013 0.02865675 0.75130952 0.10006745 0.01279357]
[3.08062240e-03 2.96404117e-03 1.91490180e-04 6.72124515e-01
 5.19666531e-01]
[ 6.01363251e-04 -3.19054922e-04  3.84347735e-02  8.22457296e-01
  1.76666241e-01]
[0.25886936 0.0653538  0.48519646 0.47006677 0.23011723]
[0.10828566 0.01495179 0.41021277 0.39554767 0.48435464]
[0.66900359 0.18716742 0.02592565 0.05173923 0.21604793]
[0.23322573 0.34859872 0.5910032  0.12691157 0.34434071]
[0.32515519 0.08931454 0.5879564  0.11979989 0.32213369]
[0.67829293 0.012426   0.0276403  0.45585291 0.08580127]
[0.37188058 0.05574327 0.56822348 0.5816328  0.0040543 ]
[0.37266021 0.71025191 0.02798701 0.0365978  0.38240435]
[0.33483038 0.80202817 0.02228392 0.6484696  0.02314118]
[0.41930834 0.61001301 0.31241851 0.12086519 0.16341465]
[ 1.73106806e-05 -3.83780621e-04  6.32711705e-05  1.69887538e-03
  6.68739624e-01]
[0.57352625 0.62481642 0.03217499 0.10874313 0.0230967 ]
[0.10217798 0.12165328 0.69600358 0.43052496 0.04056064]
[0.04465147 0.14034851 0.0564309  0.74654416 0.00751368]
[0.09389499 0.10508939 0.49806146 0.03530229 0.4329983 ]
[6.47290996e-04 1.69880248e-02 9.15217243e-01 2.42318877e-01
 2.95734280e-01]
[0.35075746 0.66849066 0.40863826 0.01025619 0.0554645 ]
[0.5988925  0.52439672 0.42621501 0.05114344 0.14327088]
[0.37290882 0.54218759 0.00844177 0.02937087 0.56362176]
[2.77351599e-04 7.97510393e-03 1.26094400e-01 8.00749102e-01
 1.08979369e-02]
[0.63390665 0.02295399 0.02485856 0.26185304 0.50290909]
[0.54253555 0.62166603 0.31056158 0.0785539  0.3609303 ]
[0.11297321 0.90142892 0.01708124 0.06643438 0.26777143]
[0.38225812 0.87577825 0.03518165 0.11607354 0.04972692]
[0.04609356 0.0251176  0.44625526 0.29054712 0.49912931]
[0.42990758 0.04930278 0.654451   0.14650644 0.08228457]
[0.69590357 0.0166468  0.00634514 0.03526506 0.43664397]
[0.33122691 0.097289   0.60189371 0.17874037 0.22615484]
[ 1.57532967e-04 -1.73392374e-04  9.93544669e-02  9.54592419e-01
  1.20594790e-01]
[0.00385443 0.00393787 0.56195498 0.02939978 0.56413896]
[2.52706805e-04 5.94800681e-03 5.89219045e-01 5.23395587e-01
 4.26884364e-02]
[0.00347477 0.03552765 0.00756778 0.002392   0.66187823]
[0.05044383 0.93358635 0.02924689 0.15724622 0.04095998]
[0.00221153 0.03647309 0.61307141 0.54838846 0.01951878]
[6.84726142e-05 3.09178178e-03 3.32640686e-01 4.37886306e-02
 6.11480557e-01]
[0.07373127 0.06586872 0.00320446 0.83887198 0.14311674]
[ 5.82305276e-03 -4.26815233e-04  3.55843638e-03  6.46371216e-01
  4.99819676e-01]
[0.06872076 0.0927485  0.00353991 0.95394491 0.12051317]
[0.38978188 0.05020223 0.45812849 0.48995802 0.36381447]
[2.59684559e-02 8.99864003e-05 6.42505993e-02 7.03303610e-01
 4.27635652e-01]
[0.64127192 0.02323969 0.02514796 0.26511567 0.4937371 ]
[0.43783013 0.01023992 0.01714938 0.50868939 0.43277205]
[0.20028354 0.11220819 0.62188063 0.39663348 0.02322794]
[8.44870418e-04 2.27431545e-02 1.12094986e-01 1.01813500e+00
 2.72086770e-03]
[ 1.56573265e-04 -1.69716609e-04  9.97215719e-02  9.57927314e-01
  1.21016843e-01]
[0.43208967 0.47062619 0.30405341 0.35905943 0.20822277]
[ 3.19098049e-05 -5.32042224e-04  1.00761271e-02  8.22876387e-01
  1.76570012e-01]
[ 1.47458333e-04 -1.61960949e-04  9.96357918e-02  9.57101913e-01
  1.31499678e-01]
[0.06222234 0.00328793 0.02708828 0.87261775 0.02591352]
[0.42302867 0.00657446 0.01656587 0.49163752 0.45903292]
[0.07180509 0.06466009 0.00356356 0.81809076 0.13957336]
[ 1.77949450e-04 -2.21520320e-04 -4.33019685e-05  2.13432248e-03
  7.46685550e-01]
[0.00766736 0.0023414  0.28578976 0.05081177 0.58709106]
[0.00680784 0.13321066 0.05584597 0.77948408 0.01091117]
[ 7.02960682e-03 -3.89580130e-04  2.28013221e-04  6.50656074e-01
  5.03124737e-01]
[0.0046658  0.051627   0.7258098  0.59622499 0.01837832]
