[0.24832242 0.09288989 0.15774679 0.04429396 0.56610281]
[0.00432088 0.11572797 0.00409132 0.68574489 0.0019907 ]
[ 0.13785571  0.15591095  0.32300351 -0.00205664  0.46173381]
[0.0881877  0.75213619 0.16359639 0.06186575 0.2912145 ]
[0.36459864 0.12966635 0.24698176 0.03768599 0.43577281]
[0.11746628 0.04140245 0.46296349 0.04194155 0.38868021]
[ 5.66668723e-01  6.17340544e-01  9.85932086e-03  1.64282279e-01
 -4.67354066e-05]
[0.00172496 0.00194335 0.36166565 0.60838064 0.00082458]
[ 1.31209248e-02 -2.98648314e-04  5.21085198e-01  3.59597438e-02
  4.38382849e-01]
[ 1.16634613e-03 -5.89633892e-04  2.74140498e-01  1.33237396e-01
  6.46331127e-01]
[0.0396282  0.33844396 0.0736576  0.04458681 0.56917732]
[0.02965124 0.15625838 0.62346337 0.09935155 0.01518229]
[0.00190941 0.00932084 0.52260125 0.49183054 0.03882516]
[0.5244513  0.14144105 0.00169695 0.02579578 0.36067496]
[4.73731302e-04 2.92743060e-02 8.10854619e-01 7.21343741e-02
 4.72718744e-02]
[ 0.4108657   0.65112562  0.01101888 -0.00096817  0.22208899]
[0.00753621 0.00778977 0.72761093 0.16444623 0.01003677]
[0.0117498  0.21469711 0.69177099 0.08882161 0.00735554]
[-4.45918646e-05 -6.08227034e-04  6.51891434e-03  7.49250653e-01
  9.54313437e-02]
[0.05619041 0.29751299 0.16265768 0.04574017 0.57761894]
[0.09603216 0.76651526 0.31443782 0.0614242  0.20229332]
[0.12930277 0.03354341 0.69810671 0.10599718 0.07955065]
[0.0077767  0.00998169 0.42131992 0.34832911 0.45407724]
[0.51760992 0.58074947 0.04551067 0.07218436 0.0938088 ]
[0.00416319 0.06685895 0.69250572 0.4279889  0.04518284]
[0.13518084 0.62602954 0.00653333 0.02135033 0.44432134]
[6.24206778e-02 1.32070849e-02 9.90588486e-02 8.59723146e-01
 7.56460018e-04]
[0.52033039 0.58380401 0.01046325 0.09980699 0.2012248 ]
[0.00264596 0.71850154 0.01777078 0.43252209 0.00989215]
[0.21953181 0.00528669 0.50006535 0.39937939 0.11133392]
[0.00385443 0.00393787 0.56195498 0.02939978 0.56413896]
[0.38778803 0.13296299 0.66457521 0.00830983 0.00802009]
[0.07687653 0.01850613 0.68546977 0.09058731 0.19814092]
[0.46524679 0.51877027 0.39395278 0.0096876  0.0529039 ]
[0.05534636 0.01832    0.48717199 0.00267207 0.49299678]
[0.02875699 0.15166534 0.08302635 0.02231226 0.58638704]
[0.66147889 0.24322309 0.30865521 0.03848359 0.01141338]
[0.00160964 0.02710218 0.60729721 0.37413359 0.22766531]
[0.00641191 0.13438084 0.62603505 0.12951264 0.02979343]
[3.08648649e-05 4.32091485e-03 8.11552607e-01 3.91722158e-01
 2.01682873e-02]
[ 4.03090766e-03 -5.62705259e-04  1.73149080e-04  6.85918316e-01
  5.30303920e-01]
[0.04694665 0.37046323 0.29379089 0.03717461 0.42943139]
[0.00747011 0.91507812 0.03051593 0.06934919 0.01195167]
[-6.31920762e-06  4.12877704e-02  5.83137880e-01  4.36369991e-01
  9.88018028e-03]
[0.02205194 0.03265839 0.60425093 0.11093676 0.30166905]
[0.02010345 0.00682016 0.78550586 0.05510041 0.01264454]
[0.00795958 0.00244592 0.54976228 0.07689995 0.4106046 ]
[0.12850565 0.04764659 0.08158576 0.02188766 0.58694581]
[ 8.13084105e-04 -5.13981281e-04  5.25615349e-02  6.71532051e-01
  2.85094640e-01]
[0.35374035 0.1317973  0.02028142 0.05354913 0.50933357]
[0.01063134 0.9101504  0.02835393 0.06875444 0.25313494]
[0.2036365  0.2495336  0.72443173 0.02715438 0.00332072]
[ 1.60670189e-04 -2.09668905e-04  1.74067804e-04 -2.05153794e-03
  5.95620616e-01]
[0.00746659 0.91465565 0.03050183 0.06931621 0.02798022]
[-1.92809162e-05 -2.40792114e-04  1.87731980e-03  8.20339412e-01
  5.07404907e-02]
[ 1.35736232e-02 -2.23911751e-04  7.32538507e-01  1.03102461e-01
  3.50151344e-02]
[0.27226918 0.07632444 0.00428916 0.03973642 0.55561972]
[0.02123968 0.17437109 0.43900284 0.03159606 0.39010959]
[0.30882361 0.58853679 0.26629918 0.03338544 0.35492236]
[ 7.29009511e-04 -5.86395478e-04  4.78976606e-02  6.07432895e-01
  3.86833599e-01]
[1.78860498e-02 6.48746570e-01 2.30766797e-02 4.56192190e-01
 2.21021095e-04]
[0.00295655 0.0036141  0.82104312 0.1045047  0.01393389]
[0.39936643 0.08575506 0.58224357 0.15868274 0.02689601]
[0.00869728 0.00880839 0.70225107 0.09454379 0.21907071]
[0.01033523 0.00331871 0.34207742 0.05318764 0.50602534]
[0.31036392 0.02496847 0.51212761 0.11039118 0.31927288]
[ 0.1947853   0.00495076  0.32193404 -0.0015884   0.46020443]
[0.66900359 0.18716742 0.02592565 0.05173923 0.21604793]
[0.09389499 0.10508939 0.49806146 0.03530229 0.4329983 ]
[ 4.63787618e-01  5.05182414e-01  8.05990525e-03  4.42507267e-01
 -5.02209931e-05]
[0.53910127 0.58728727 0.03024102 0.1020889  0.16167104]
[0.00268067 0.01278696 0.35453954 0.0136644  0.5309571 ]
[0.10164836 0.86701121 0.16902789 0.00109319 0.0115269 ]
[0.0955774  0.14967056 0.78317701 0.02797809 0.00342552]
[0.10048301 0.85708101 0.18641118 0.01247019 0.02706428]
[ 0.6301991   0.02342834  0.02606999 -0.00200278  0.39178583]
[0.00542689 0.00548752 0.7320953  0.1654655  0.01010067]
[-1.98755226e-05 -4.13337483e-04  4.42763800e-05  1.63678865e-03
  6.57455603e-01]
[0.00355366 0.92911665 0.02894323 0.07052155 0.25840351]
[ 0.19114083  0.05699236  0.32178975 -0.00205664  0.46173381]
[ 2.87686279e-03 -5.61298504e-04  5.65279056e-01  2.72205731e-01
  4.99797215e-01]
[0.6541324  0.71269102 0.00455075 0.18994801 0.00078187]
[0.70410515 0.04508653 0.01193814 0.0270366  0.01722937]
[2.61586938e-04 6.66626314e-03 5.95544792e-01 5.29041737e-01
 1.80510700e-02]
[0.01620783 0.00531034 0.52324345 0.07880376 0.42217835]
[ 5.73249481e-03 -5.53976816e-04  5.67694602e-01  2.97220634e-02
  5.60417660e-01]
[ 2.71160524e-02 -4.49417993e-04  7.22158743e-01  1.22497438e-01
  3.39188739e-02]
[0.00757074 0.0021873  0.25122331 0.03849245 0.5391066 ]
[0.00280295 0.02476643 0.67670114 0.1073149  0.2136971 ]
[0.51285788 0.0117037  0.11786508 0.77915012 0.00267565]
[2.52706805e-04 5.94800681e-03 5.89219045e-01 5.23395587e-01
 4.26884364e-02]
[0.02190808 0.45366912 0.24265426 0.09098787 0.45718   ]
[ 2.80322130e-01  6.13153709e-02  4.71262936e-01  5.15790329e-01
 -4.56731932e-05]
[0.04971293 0.70415189 0.01019533 0.00833799 0.48673255]
[ 2.61484764e-02 -3.74804670e-04  4.87985174e-01  3.00376450e-01
  4.58657985e-01]
[0.19098673 0.0713159  0.12133662 0.19276519 0.56783686]
[0.00253573 0.04152066 0.69398536 0.42807215 0.0194047 ]
[-8.94869297e-05 -4.13123188e-04  9.79791853e-04  8.78960264e-01
  9.57618129e-02]
[0.07727763 0.01815031 0.70166509 0.10739409 0.20336631]
[0.53773498 0.02894837 0.00677304 0.0267917  0.35558882]
