[ 0.1332853   0.2196808   0.39034356 -0.00064884  0.55806816]
[-2.88934979e-05 -4.58415391e-04 -4.50539536e-06  7.22677695e-02
  1.00998351e+00]
[0.00680784 0.13321066 0.05584597 0.77948408 0.01091117]
[0.43445656 0.63206389 0.23425898 0.11757576 0.16152326]
[0.75695762 0.42551681 0.16575898 0.48332442 0.03250919]
[0.0660924  0.01770455 0.11970274 0.02344673 0.64771686]
[0.0994058  0.69893797 0.28754461 0.36848866 0.2131066 ]
[0.54253555 0.62166603 0.31056158 0.0785539  0.3609303 ]
[0.06872279 0.09275126 0.00354002 0.95397315 0.12051675]
[0.00385443 0.00393787 0.56195498 0.02939978 0.56413896]
[0.31720588 0.60451899 0.37453516 0.03718824 0.3882376 ]
[0.01087225 0.00354895 0.29501204 0.0455854  0.5810138 ]
[0.00396581 0.04983632 0.70011118 0.62693151 0.0183733 ]
[0.32515519 0.08931454 0.5879564  0.11979989 0.32213369]
[0.0931245  0.00118104 0.00394288 0.82690943 0.14107834]
[0.33483038 0.80202817 0.02228392 0.6484696  0.02314118]
[0.00347477 0.03552765 0.00756778 0.002392   0.66187823]
[0.09389499 0.10508939 0.49806146 0.03530229 0.4329983 ]
[0.43208967 0.47062619 0.30405341 0.35905943 0.20822277]
[0.45016355 0.75758492 0.17341404 0.46391045 0.04275012]
[0.26576679 0.00325585 0.00996586 0.04905354 0.66682872]
[0.09258693 0.03358675 0.79420135 0.10737907 0.1758535 ]
[0.08590834 0.6041147  0.24856079 0.48558417 0.2096082 ]
[0.31890477 0.03641987 0.48552354 0.14231407 0.44638816]
[0.01046949 0.0033972  0.28425013 0.05054264 0.58410572]
[ 7.02960682e-03 -3.89580130e-04  2.28013221e-04  6.50656074e-01
  5.03124737e-01]
[6.84726142e-05 3.09178178e-03 3.32640686e-01 4.37886306e-02
 6.11480557e-01]
[0.9217241  0.25079999 0.25131639 0.24024734 0.26550239]
[0.19434006 0.00651492 0.00838739 0.22688413 0.61286513]
[ 4.21474423e-04 -4.50368017e-04  8.08214337e-03  1.10451475e-02
  8.14768515e-01]
[0.07401673 0.06612551 0.00366303 0.84063782 0.14342121]
[0.20028354 0.11220819 0.62188063 0.39663348 0.02322794]
[0.09986295 0.00131053 0.00402857 0.87200851 0.09779627]
[ 0.13785571  0.15591095  0.32300351 -0.00205664  0.46173381]
[0.00794367 0.15499258 0.05909334 0.77792919 0.00784574]
[0.41458118 0.00967164 0.01623619 0.48184298 0.46479412]
[0.07083012 0.57815479 0.31678007 0.14055664 0.53883351]
[0.0706318  0.57653813 0.31277991 0.17772878 0.54481213]
[0.14137834 0.33607611 0.00721891 0.70378193 0.26872061]
[ 6.01363251e-04 -3.19054922e-04  3.84347735e-02  8.22457296e-01
  1.76666241e-01]
[0.07178665 0.01927855 0.12999402 0.02564641 0.64640167]
[ 1.73106806e-05 -3.83780621e-04  6.32711705e-05  1.69887538e-03
  6.68739624e-01]
[0.56132457 0.6115145  0.01174813 0.10629517 0.20911943]
[0.04324854 0.71638229 0.29963072 0.3819227  0.01065745]
[0.9063448  0.34321389 0.27128349 0.09244532 0.20205231]
[-3.74615295e-06 -2.02659733e-04  2.07591938e-03  9.16339511e-01
  1.40258365e-01]
[0.08918531 0.62713629 0.18690045 0.47760132 0.20713305]
[0.33122691 0.097289   0.60189371 0.17874037 0.22615484]
[0.70754131 0.56058984 0.23744827 0.09692876 0.03974228]
[0.42990758 0.04930278 0.654451   0.14650644 0.08228457]
[ 1.56573265e-04 -1.69716609e-04  9.97215719e-02  9.57927314e-01
  1.21016843e-01]
[0.11297321 0.90142892 0.01708124 0.06643438 0.26777143]
[2.81904145e-02 1.72717595e-04 6.93803660e-02 6.90192705e-01
 4.21386484e-01]
[0.18630051 0.00439451 0.4586908  0.36240434 0.37100727]
[0.00307202 0.00232699 0.27281258 0.03553071 0.66675281]
[0.04465147 0.14034851 0.0564309  0.74654416 0.00751368]
[0.05446849 0.06078589 0.30400752 0.40450666 0.42612732]
[0.00478237 0.03168905 0.00681502 0.00205883 0.59682822]
[1.09372547e-01 9.21748636e-04 3.05358493e-03 9.54561378e-01
 2.84661406e-02]
[0.02822575 0.52350255 0.61977194 0.17108223 0.04507201]
[0.06277653 0.58826248 0.32158265 0.14693505 0.54791744]
[0.00436841 0.10379608 0.46939865 0.80558863 0.00246467]
[0.66260112 0.01212446 0.12989526 0.39849195 0.03417898]
[0.40216557 0.92139904 0.0370159  0.12222774 0.05216866]
[0.00138926 0.00165647 0.07066693 0.8972413  0.03125787]
[0.63390665 0.02295399 0.02485856 0.26185304 0.50290909]
[0.41930834 0.61001301 0.31241851 0.12086519 0.16341465]
[0.35075746 0.66849066 0.40863826 0.01025619 0.0554645 ]
[0.37290882 0.54218759 0.00844177 0.02937087 0.56362176]
[0.04609356 0.0251176  0.44625526 0.29054712 0.49912931]
[0.01983068 0.02931413 0.05059642 0.0277546  0.64283447]
[0.52929512 0.47556799 0.02647659 0.48586082 0.13341615]
[0.09524194 0.03456562 0.80563407 0.10897557 0.12154729]
[0.5988925  0.52439672 0.42621501 0.05114344 0.14327088]
[0.04817721 0.87218236 0.03108131 0.1468138  0.01342085]
[0.65819817 0.01571193 0.02093151 0.03325766 0.46432303]
[ 4.46820982e-03 -5.04346248e-04  1.27361086e-04  6.86417836e-01
  5.30691096e-01]
[0.30017942 0.71900675 0.0287415  0.58146748 0.09278707]
[0.25867589 0.03859601 0.58840708 0.55566882 0.00385585]
[0.00221153 0.03647309 0.61307141 0.54838846 0.01951878]
[0.16432569 0.28127656 0.00653316 0.63722815 0.24334778]
[0.43575571 0.48108205 0.02674074 0.47452963 0.34937377]
[1.51505811e-01 7.91994668e-02 3.11470246e-04 1.24856873e-01
 6.40690282e-01]
[0.05249403 0.9714274  0.03461885 0.16373846 0.04744463]
[0.51882225 0.22678258 0.64604465 0.15735798 0.18385765]
[0.6009716  0.87363199 0.26892915 0.07370162 0.03319365]
[0.02557895 0.39858652 0.08841599 0.04471549 0.62284478]
[0.56298837 0.07277246 0.66164138 0.16084648 0.09840195]
[6.51677438e-04 1.70824357e-02 9.20127049e-01 2.43630288e-01
 2.97322879e-01]
[1.76323559e-01 4.21920142e-01 6.04959179e-03 6.01634014e-05
 6.95473972e-01]
[0.05777515 0.41749352 0.95756576 0.33688204 0.11441036]
[0.26577795 0.28832654 0.00538959 0.04487118 0.62589961]
[0.00580137 0.0585942  0.01444299 0.00537075 0.69060177]
[0.03612481 0.30859757 0.16643858 0.04707512 0.59915857]
[0.37188058 0.05574327 0.56822348 0.5816328  0.0040543 ]
[0.50017621 0.06458752 0.58783881 0.52025635 0.09918078]
[0.01591022 0.51229592 0.60576686 0.4334317  0.04643774]
[0.24028162 0.57504509 0.40524434 0.41062935 0.12295227]
[0.10390417 0.12144194 0.70093424 0.35592679 0.03904459]
[0.03045461 0.3030136  0.0070757  0.03524656 0.65712129]
