[0.23688499 0.00158635 0.0028833  0.1268706  0.80947586]
[0.19061692 0.16539927 0.06095286 0.02971926 0.61872606]
[0.02865537 0.01024941 0.03469451 0.29723924 0.57763504]
[ 0.1332853   0.2196808   0.39034356 -0.00064884  0.55806816]
[0.13629267 0.12371662 0.45278379 0.56875317 0.45200614]
[0.00194641 0.05144458 0.04499314 0.02916191 0.72741302]
[0.34958356 0.04264781 0.14767084 0.59470619 0.39043821]
[0.00109843 0.00777146 0.00452663 0.27826902 0.74793005]
[-2.88934979e-05 -4.58415391e-04 -4.50539536e-06  7.22677695e-02
  1.00998351e+00]
[0.56298837 0.07277246 0.66164138 0.16084648 0.09840195]
[0.48884169 0.84877438 0.16492297 0.3640691  0.16070087]
[0.03003263 0.55685246 0.65921214 0.1821052  0.04796594]
[0.25904801 0.08413737 0.7186267  0.18135681 0.45565603]
[0.00680784 0.13321066 0.05584597 0.77948408 0.01091117]
[0.19219445 0.27252351 0.04368124 0.50609837 0.43891085]
[0.43445656 0.63206389 0.23425898 0.11757576 0.16152326]
[0.75695762 0.42551681 0.16575898 0.48332442 0.03250919]
[0.01443863 0.00337214 0.20078187 0.08392693 0.78726829]
[0.00498269 0.1288415  0.19813832 0.72241977 0.30266462]
[0.27307954 0.27937528 0.05032038 0.29329301 0.54580822]
[0.09083584 0.05020062 0.40936703 0.61828461 0.42247524]
[0.02074011 0.06025511 0.49195483 0.32014038 0.54862106]
[0.0660924  0.01770455 0.11970274 0.02344673 0.64771686]
[0.61333795 0.04951875 0.41150716 0.27747127 0.5120561 ]
[0.00223781 0.00335311 0.15040737 0.50099184 0.59141246]
[0.00330262 0.19486378 0.39992855 0.62827225 0.3974815 ]
[0.22991238 0.00534748 0.00992869 0.26869891 0.72483017]
[0.00093633 0.00079973 0.00840979 0.01241367 0.79291689]
[0.0994058  0.69893797 0.28754461 0.36848866 0.2131066 ]
[0.4620154  0.68482627 0.65448553 0.32326743 0.10891338]
[0.00299551 0.02311903 0.00612347 0.33031337 0.61334048]
[0.06796614 0.0765262  0.03155456 0.75860646 0.40147561]
[0.54253555 0.62166603 0.31056158 0.0785539  0.3609303 ]
[ 6.01363251e-04 -3.19054922e-04  3.84347735e-02  8.22457296e-01
  1.76666241e-01]
[0.01681623 0.04062153 1.08829129 0.28868042 0.3518951 ]
[0.07083012 0.57815479 0.31678007 0.14055664 0.53883351]
[0.40060598 0.47186291 0.26275237 0.55343806 0.38326273]
[0.06872279 0.09275126 0.00354002 0.95397315 0.12051675]
[0.00580137 0.0585942  0.01444299 0.00537075 0.69060177]
[0.01658741 0.2032677  0.02550383 0.4476515  0.58311257]
[0.15319833 0.10249274 0.10573155 0.71502472 0.30148994]
[0.12569965 0.13878227 0.82356326 0.41856781 0.13264586]
[0.22735802 0.38929915 0.09215838 0.26979382 0.61521855]
[0.00385443 0.00393787 0.56195498 0.02939978 0.56413896]
[0.34528174 0.00940561 0.58264407 0.40966551 0.36323649]
[0.06854084 0.03645153 0.00603475 0.61905843 0.52773784]
[0.31720588 0.60451899 0.37453516 0.03718824 0.3882376 ]
[0.16060207 0.38428241 0.00550583 0.04587509 0.63927126]
[0.14137834 0.33607611 0.00721891 0.70378193 0.26872061]
[0.34271399 0.03953885 0.52180615 0.15310852 0.5086986 ]
[0.2701493  0.29307577 0.00547908 0.04564407 0.63619412]
[0.00256166 0.04192443 0.70319864 0.62931559 0.02244791]
[0.10225341 0.14691047 0.02413581 0.27368433 0.66442603]
[0.07692591 0.52195246 0.2821474  0.16134674 0.5978177 ]
[0.15229759 0.70154718 0.24181261 0.27925511 0.58409226]
[0.17559322 0.44609222 0.52559516 0.51745174 0.20203147]
[0.27450127 0.04746954 0.02376445 0.32247513 0.58331863]
[0.12337998 0.17906817 0.7561712  0.0604499  0.02384058]
[0.68396371 1.01398354 0.28834722 0.36387732 0.12255589]
[0.15034248 0.13651708 0.49940663 0.41205075 0.40903994]
[1.81820915e-04 2.98943269e-02 3.60756818e-02 4.17717864e-03
 9.16140228e-01]
[0.01087225 0.00354895 0.29501204 0.0455854  0.5810138 ]
[0.00396581 0.04983632 0.70011118 0.62693151 0.0183733 ]
[0.21264372 0.18815927 0.01014359 0.0499617  0.67866277]
[2.22450042e-04 6.33257147e-04 5.88053510e-03 8.26578594e-03
 8.06108307e-01]
[0.03854793 0.09337293 0.95868275 0.25489432 0.30952411]
[0.32515519 0.08931454 0.5879564  0.11979989 0.32213369]
[0.0207808  0.04057767 0.07341878 0.78254361 0.41630872]
[4.01338084e-03 4.09144929e-05 1.49147292e-01 5.46440905e-01
 6.38123227e-01]
[0.00330195 0.19482611 0.39925305 0.62733748 0.41184898]
[0.0740368  0.18154085 0.82959767 0.42165028 0.14664827]
[0.24028162 0.57504509 0.40524434 0.41062935 0.12295227]
[0.08372653 0.18932482 0.36351444 0.58689661 0.46664305]
[0.18049837 0.16399142 0.59947582 0.33549005 0.43934891]
[0.28054196 0.2802757  0.04712483 0.29770928 0.55641719]
[0.41458118 0.00967164 0.01623619 0.48184298 0.46479412]
[0.00683776 0.00520405 0.00211671 0.27785119 0.75932234]
[0.83282302 0.46821556 0.17935135 0.53159056 0.02050346]
[0.05164441 0.05804823 0.02412662 0.52752141 0.47979452]
[0.10663472 0.19324593 0.86099345 0.06922169 0.02826182]
[0.32613309 0.38036464 0.28693037 0.48240053 0.33420663]
[0.01257155 0.13461373 0.52045719 0.6217707  0.32574289]
[0.0931245  0.00118104 0.00394288 0.82690943 0.14107834]
[0.00466076 0.00677953 0.19795583 0.45259172 0.71946674]
[0.15675475 0.39811538 0.46915852 0.70519052 0.2204004 ]
[0.03298718 0.03692622 0.01515227 0.87132571 0.18674134]
[0.08798945 0.16726238 0.00585356 0.13206926 0.66285512]
[0.49891635 0.41077101 0.28019883 0.59032081 0.35089379]
[0.15305816 0.35525889 0.08286138 0.64919932 0.25603331]
[3.76283872e-04 3.01585640e-02 6.29017039e-02 9.82153770e-02
 7.46997017e-01]
[0.33432368 0.68570461 0.41720139 0.01299527 0.43190249]
[0.2726036  0.47202577 0.32071885 0.47930099 0.47655194]
[0.1470286  0.02125469 0.21296558 0.74903362 0.29956119]
[0.02923582 0.02657224 0.35847906 0.18804423 0.68912888]
[0.23149101 0.15552611 0.33344914 0.24797036 0.61904018]
[0.01016598 0.03308625 0.06888887 0.32383582 0.78445277]
[0.06882714 0.04795336 0.0605893  0.9868879  0.32791185]
[0.03770207 0.02484859 0.02450601 0.17192024 0.70851289]
[0.50613662 0.09216525 0.32916286 0.51297107 0.49611818]
[0.0556458  0.10438367 0.13555018 0.13953693 0.66909298]
