[0.64683439 0.21613244 0.40031687 0.00364392 0.05432139]
[ 0.13785571  0.15591095  0.32300351 -0.00205664  0.46173381]
[0.00445192 0.07104931 0.5718042  0.50817006 0.04212964]
[0.52033039 0.58380401 0.01046325 0.09980699 0.2012248 ]
[0.35609645 0.07804483 0.56409764 0.56909112 0.00078912]
[0.09603216 0.76651526 0.31443782 0.0614242  0.20229332]
[0.53393874 0.10441742 0.42234516 0.53654201 0.01650457]
[0.45343857 0.09969361 0.71053455 0.18059968 0.00273211]
[0.53105527 0.0101946  0.26879623 0.41578701 0.19973972]
[0.36398277 0.02938532 0.60056432 0.12982335 0.07372189]
[0.09389499 0.10508939 0.49806146 0.03530229 0.4329983 ]
[0.64613429 0.21818412 0.37916763 0.00495797 0.34818122]
[0.75591947 0.1594633  0.01196346 0.10480556 0.10167603]
[0.00795958 0.00244592 0.54976228 0.07689995 0.4106046 ]
[0.01610381 0.01662947 0.69557604 0.09365445 0.21705207]
[0.04972444 0.01252448 0.44516998 0.08131775 0.45774779]
[ 7.29009511e-04 -5.86395478e-04  4.78976606e-02  6.07432895e-01
  3.86833599e-01]
[0.27226918 0.07632444 0.00428916 0.03973642 0.55561972]
[ 1.31209248e-02 -2.98648314e-04  5.21085198e-01  3.59597438e-02
  4.38382849e-01]
[0.0955774  0.14967056 0.78317701 0.02797809 0.00342552]
[ 4.03090766e-03 -5.62705259e-04  1.73149080e-04  6.85918316e-01
  5.30303920e-01]
[0.01165809 0.16409621 0.67974453 0.14216704 0.01105555]
[0.00757074 0.0021873  0.25122331 0.03849245 0.5391066 ]
[0.74040625 0.20463849 0.01185881 0.10387421 0.24110309]
[0.00940768 0.04440061 0.38148216 0.01494088 0.5648571 ]
[0.60123995 0.01155522 0.17590379 0.53470021 0.04279722]
[0.64566445 0.01179899 0.12974653 0.38849391 0.03332748]
[0.51986503 0.85779993 0.02458153 0.00306095 0.11659225]
[0.43824617 0.09609632 0.68667308 0.10623277 0.01358981]
[0.01033523 0.00331871 0.34207742 0.05318764 0.50602534]
[0.00253573 0.04152066 0.69398536 0.42807215 0.0194047 ]
[0.00264596 0.71850154 0.01777078 0.43252209 0.00989215]
[ 2.87686279e-03 -5.61298504e-04  5.65279056e-01  2.72205731e-01
  4.99797215e-01]
[0.7016412  0.10168544 0.40011843 0.04756939 0.13386769]
[0.04421578 0.06579946 0.64045242 0.1181938  0.32105394]
[0.13184018 0.03421279 0.71178923 0.1109529  0.08090731]
[0.00753621 0.00778977 0.72761093 0.16444623 0.01003677]
[0.40837894 0.00723916 0.08113181 0.63049177 0.03382314]
[0.07925013 0.02865675 0.75130952 0.10006745 0.01279357]
[0.26607863 0.18620952 0.4384114  0.43296117 0.01323769]
[ 5.66668723e-01  6.17340544e-01  9.85932086e-03  1.64282279e-01
 -4.67354066e-05]
[0.07687653 0.01850613 0.68546977 0.09058731 0.19814092]
[0.08500396 0.4477557  0.2445709  0.0698781  0.45692128]
[-4.45918646e-05 -6.08227034e-04  6.51891434e-03  7.49250653e-01
  9.54313437e-02]
[0.19634051 0.10579087 0.60724552 0.31765508 0.02025517]
[0.10048301 0.85708101 0.18641118 0.01247019 0.02706428]
[0.60989554 0.01184462 0.30869733 0.36457533 0.21140869]
[ 0.4108657   0.65112562  0.01101888 -0.00096817  0.22208899]
[0.21953181 0.00528669 0.50006535 0.39937939 0.11133392]
[0.2036365  0.2495336  0.72443173 0.02715438 0.00332072]
[0.46709861 0.7706995  0.22966492 0.00193699 0.11025581]
[-1.98755226e-05 -4.13337483e-04  4.42763800e-05  1.63678865e-03
  6.57455603e-01]
[ 5.64844149e-03 -3.56295126e-04  5.88775346e-01  5.40959417e-01
  4.33009512e-02]
[0.36459864 0.12966635 0.24698176 0.03768599 0.43577281]
[0.58025019 0.03128476 0.00528681 0.02907785 0.36916055]
[0.31905784 0.09369404 0.58384838 0.17305484 0.21903381]
[-8.94869297e-05 -4.13123188e-04  9.79791853e-04  8.78960264e-01
  9.57618129e-02]
[0.00423176 0.11781892 0.00416555 0.69805988 0.00203364]
[0.0117498  0.21469711 0.69177099 0.08882161 0.00735554]
[0.36828049 0.00928022 0.42264845 0.40146784 0.11282289]
[0.02875699 0.15166534 0.08302635 0.02231226 0.58638704]
[ 0.1947853   0.00495076  0.32193404 -0.0015884   0.46020443]
[0.02064825 0.00706044 0.80702566 0.10901826 0.01308954]
[0.00172496 0.00194335 0.36166565 0.60838064 0.00082458]
[0.56841203 0.01278341 0.00650122 0.03620365 0.44286724]
[0.52214394 0.00669859 0.00955006 0.4134722  0.2048172 ]
[0.66147889 0.24322309 0.30865521 0.03848359 0.01141338]
[0.32515519 0.08931454 0.5879564  0.11979989 0.32213369]
[0.00747011 0.91507812 0.03051593 0.06934919 0.01195167]
[0.00220236 0.00272911 0.8460005  0.14348387 0.18796611]
[0.05619041 0.29751299 0.16265768 0.04574017 0.57761894]
[0.00202534 0.03357438 0.69688676 0.42968556 0.02418498]
[ 0.22864477  0.00811444  0.36322632 -0.00204392  0.52436062]
[ 0.00217906  0.00224169  0.00156951 -0.00144815  0.64249916]
[0.10219385 0.87165945 0.16993374 0.01262343 0.02735221]
[2.19861428e-04 5.96330654e-03 5.90354912e-01 5.24408615e-01
 4.27715074e-02]
[0.00767885 0.16045249 0.62683497 0.13115113 0.01539812]
[0.24832242 0.09288989 0.15774679 0.04429396 0.56610281]
[0.53773498 0.02894837 0.00677304 0.0267917  0.35558882]
[0.00950933 0.01350392 0.52992091 0.02761141 0.53213866]
[4.86962270e-01 8.03488023e-01 5.25142376e-02 5.28664011e-04
 1.09380802e-01]
[0.11746628 0.04140245 0.46296349 0.04194155 0.38868021]
[0.69808515 0.01364529 0.35332978 0.04106553 0.21140869]
[0.12850565 0.04764659 0.08158576 0.02188766 0.58694581]
[0.13040301 0.03383366 0.7160721  0.11157663 0.08135573]
[0.30882361 0.58853679 0.26629918 0.03338544 0.35492236]
[0.63631264 0.18487146 0.38990802 0.0096876  0.0529039 ]
[0.00280295 0.02476643 0.67670114 0.1073149  0.2136971 ]
[0.56105717 0.01080491 0.28226894 0.43877687 0.19767379]
[0.43760826 0.0961931  0.685736   0.10608487 0.02371398]
[0.00220292 0.00272989 0.84619986 0.14234726 0.1869311 ]
[0.00355366 0.92911665 0.02894323 0.07052155 0.25840351]
[0.26094578 0.04706184 0.59240025 0.58419946 0.04009715]
[0.66900359 0.18716742 0.02592565 0.05173923 0.21604793]
[0.53910127 0.58728727 0.03024102 0.1020889  0.16167104]
[2.52706805e-04 5.94800681e-03 5.89219045e-01 5.23395587e-01
 4.26884364e-02]
[0.0396282  0.33844396 0.0736576  0.04458681 0.56917732]
[0.13518084 0.62602954 0.00653333 0.02135033 0.44432134]
[0.00385443 0.00393787 0.56195498 0.02939978 0.56413896]
[ 0.00225076  0.00232877  0.00156919 -0.00145064  0.6574556 ]
