[0.23688499 0.00158635 0.0028833  0.1268706  0.80947586]
[0.19061692 0.16539927 0.06095286 0.02971926 0.61872606]
[ 0.1332853   0.2196808   0.39034356 -0.00064884  0.55806816]
[0.00194641 0.05144458 0.04499314 0.02916191 0.72741302]
[0.00109843 0.00777146 0.00452663 0.27826902 0.74793005]
[-2.88934979e-05 -4.58415391e-04 -4.50539536e-06  7.22677695e-02
  1.00998351e+00]
[0.56298837 0.07277246 0.66164138 0.16084648 0.09840195]
[0.48884169 0.84877438 0.16492297 0.3640691  0.16070087]
[0.03003263 0.55685246 0.65921214 0.1821052  0.04796594]
[0.00680784 0.13321066 0.05584597 0.77948408 0.01091117]
[0.43445656 0.63206389 0.23425898 0.11757576 0.16152326]
[0.75695762 0.42551681 0.16575898 0.48332442 0.03250919]
[0.0660924  0.01770455 0.11970274 0.02344673 0.64771686]
[0.00093633 0.00079973 0.00840979 0.01241367 0.79291689]
[0.0994058  0.69893797 0.28754461 0.36848866 0.2131066 ]
[0.54253555 0.62166603 0.31056158 0.0785539  0.3609303 ]
[0.06872279 0.09275126 0.00354002 0.95397315 0.12051675]
[0.00385443 0.00393787 0.56195498 0.02939978 0.56413896]
[0.31720588 0.60451899 0.37453516 0.03718824 0.3882376 ]
[0.16060207 0.38428241 0.00550583 0.04587509 0.63927126]
[0.2701493  0.29307577 0.00547908 0.04564407 0.63619412]
[0.00256166 0.04192443 0.70319864 0.62931559 0.02244791]
[0.12337998 0.17906817 0.7561712  0.0604499  0.02384058]
[1.81820915e-04 2.98943269e-02 3.60756818e-02 4.17717864e-03
 9.16140228e-01]
[0.01087225 0.00354895 0.29501204 0.0455854  0.5810138 ]
[0.00396581 0.04983632 0.70011118 0.62693151 0.0183733 ]
[2.22450042e-04 6.33257147e-04 5.88053510e-03 8.26578594e-03
 8.06108307e-01]
[0.32515519 0.08931454 0.5879564  0.11979989 0.32213369]
[0.0740368  0.18154085 0.82959767 0.42165028 0.14664827]
[0.00683776 0.00520405 0.00211671 0.27785119 0.75932234]
[0.10663472 0.19324593 0.86099345 0.06922169 0.02826182]
[0.0931245  0.00118104 0.00394288 0.82690943 0.14107834]
[0.08798945 0.16726238 0.00585356 0.13206926 0.66285512]
[0.33483038 0.80202817 0.02228392 0.6484696  0.02314118]
[6.51677438e-04 1.70824357e-02 9.20127049e-01 2.43630288e-01
 2.97322879e-01]
[0.00347477 0.03552765 0.00756778 0.002392   0.66187823]
[0.09389499 0.10508939 0.49806146 0.03530229 0.4329983 ]
[0.37188058 0.05574327 0.56822348 0.5816328  0.0040543 ]
[0.43208967 0.47062619 0.30405341 0.35905943 0.20822277]
[0.45016355 0.75758492 0.17341404 0.46391045 0.04275012]
[0.26576679 0.00325585 0.00996586 0.04905354 0.66682872]
[0.09258693 0.03358675 0.79420135 0.10737907 0.1758535 ]
[0.37678195 0.71811069 0.43894657 0.05168644 0.1422194 ]
[0.53140485 0.23229559 0.65958136 0.16090346 0.09843649]
[0.6009716  0.87363199 0.26892915 0.07370162 0.03319365]
[0.0058219  0.38509411 0.80664625 0.22916277 0.27979742]
[0.08590834 0.6041147  0.24856079 0.48558417 0.2096082 ]
[0.31890477 0.03641987 0.48552354 0.14231407 0.44638816]
[0.05249403 0.9714274  0.03461885 0.16373846 0.04744463]
[0.01046949 0.0033972  0.28425013 0.05054264 0.58410572]
[ 7.02960682e-03 -3.89580130e-04  2.28013221e-04  6.50656074e-01
  5.03124737e-01]
[0.00252055 0.02611894 0.06136082 0.03081797 0.70849385]
[0.10702632 0.13479983 0.75139091 0.38170092 0.13278611]
[6.84726142e-05 3.09178178e-03 3.32640686e-01 4.37886306e-02
 6.11480557e-01]
[0.9217241  0.25079999 0.25131639 0.24024734 0.26550239]
[0.19434006 0.00651492 0.00838739 0.22688413 0.61286513]
[ 4.21474423e-04 -4.50368017e-04  8.08214337e-03  1.10451475e-02
  8.14768515e-01]
[0.07401673 0.06612551 0.00366303 0.84063782 0.14342121]
[0.01128904 0.0120508  0.00064956 0.35772721 0.64387349]
[0.11383614 0.03090185 0.00451412 0.08448443 0.64840591]
[0.1550022  0.38705846 0.00550416 0.04586064 0.63907881]
[0.04306283 0.03367135 0.01445394 0.00426361 0.68916385]
[0.20028354 0.11220819 0.62188063 0.39663348 0.02322794]
[0.02756566 0.08020352 0.65312028 0.00740805 0.56846211]
[0.09986295 0.00131053 0.00402857 0.87200851 0.09779627]
[ 0.13785571  0.15591095  0.32300351 -0.00205664  0.46173381]
[0.03883311 0.02049676 0.00340572 0.36613536 0.63113487]
[0.00794367 0.15499258 0.05909334 0.77792919 0.00784574]
[0.19390703 0.33197486 0.0786013  0.06151419 0.63032478]
[0.25142728 0.59649305 0.81151686 0.22189243 0.07368856]
[0.00816217 0.26463026 0.00607053 0.1258764  0.80323512]
[0.01443863 0.00337214 0.20078187 0.08392693 0.78726829]
[0.41458118 0.00967164 0.01623619 0.48184298 0.46479412]
[0.07083012 0.57815479 0.31678007 0.14055664 0.53883351]
[0.00580137 0.0585942  0.01444299 0.00537075 0.69060177]
[0.49681493 0.82956807 0.35636478 0.09045449 0.41421286]
[0.1937529  0.00459459 0.4747151  0.39130695 0.39026483]
[0.4620154  0.68482627 0.65448553 0.32326743 0.10891338]
[0.31563944 0.47077194 0.7934529  0.30700271 0.10434331]
[0.50017621 0.06458752 0.58783881 0.52025635 0.09918078]
[0.21264372 0.18815927 0.01014359 0.0499617  0.67866277]
[0.17559322 0.44609222 0.52559516 0.51745174 0.20203147]
[0.0706318  0.57653813 0.31277991 0.17772878 0.54481213]
[0.020641   0.05657844 0.4659056  0.30307684 0.51955298]
[0.14137834 0.33607611 0.00721891 0.70378193 0.26872061]
[0.15378183 0.0803971  0.00581244 0.13156565 0.66025709]
[0.33432368 0.68570461 0.41720139 0.01299527 0.43190249]
[0.34271399 0.03953885 0.52180615 0.15310852 0.5086986 ]
[0.03854793 0.09337293 0.95868275 0.25489432 0.30952411]
[0.12569965 0.13878227 0.82356326 0.41856781 0.13264586]
[0.21851578 0.19759369 0.07097285 0.03495359 0.65550212]
[ 2.68044567e-01  1.46892831e-01  4.67559065e-01 -3.28490356e-04
  6.33900274e-01]
[ 6.01363251e-04 -3.19054922e-04  3.84347735e-02  8.22457296e-01
  1.76666241e-01]
[0.07178665 0.01927855 0.12999402 0.02564641 0.64640167]
[0.75712253 0.42560963 0.1657951  0.48343016 0.04609335]
[0.00468359 0.03793375 0.56878941 0.03069495 0.57191987]
[0.68396371 1.01398354 0.28834722 0.36387732 0.12255589]
[0.24028162 0.57504509 0.40524434 0.41062935 0.12295227]
[0.01681623 0.04062153 1.08829129 0.28868042 0.3518951 ]
[0.34528174 0.00940561 0.58264407 0.40966551 0.36323649]
