[0.00991663 0.18148433 0.7505165  0.15719153 0.01224897]
[0.56096727 0.14613175 0.01036546 0.45950628 0.2211504 ]
[0.01393788 0.11421807 0.83601108 0.1426843  0.18693189]
[0.44600471 0.0079622  0.01489154 0.70608431 0.04230533]
[0.00253573 0.04152066 0.69398536 0.42807215 0.0194047 ]
[0.01153862 0.0036291  0.3116237  0.39902682 0.38552331]
[0.26125363 0.22628766 0.45421816 0.47280277 0.23145288]
[0.00285412 0.0203138  0.49649891 0.4165374  0.445086  ]
[0.09389499 0.10508939 0.49806146 0.03530229 0.4329983 ]
[0.12983809 0.04657753 0.05811985 0.76847757 0.00774574]
[0.87611732 0.10108958 0.03972833 0.15564163 0.08736614]
[0.57352625 0.62481642 0.03217499 0.10874313 0.0230967 ]
[0.20028354 0.11220819 0.62188063 0.39663348 0.02322794]
[0.7403628  0.19208817 0.42705589 0.05124857 0.1435543 ]
[3.08062240e-03 2.96404117e-03 1.91490180e-04 6.72124515e-01
 5.19666531e-01]
[0.09603216 0.76651526 0.31443782 0.0614242  0.20229332]
[0.24832242 0.09288989 0.15774679 0.04429396 0.56610281]
[0.20326634 0.11125647 0.63049279 0.32989715 0.02104615]
[0.00220236 0.00272911 0.8460005  0.14348387 0.18796611]
[0.56841203 0.01278341 0.00650122 0.03620365 0.44286724]
[0.60989554 0.01184462 0.30869733 0.36457533 0.21140869]
[0.08233583 0.00097371 0.00555339 0.73223229 0.4493667 ]
[6.47290996e-04 1.69880248e-02 9.15217243e-01 2.42318877e-01
 2.95734280e-01]
[0.02875699 0.15166534 0.08302635 0.02231226 0.58638704]
[0.26552544 0.03978171 0.59284031 0.56140434 0.00177639]
[2.77351599e-04 7.97510393e-03 1.26094400e-01 8.00749102e-01
 1.08979369e-02]
[0.0114576  0.11627586 0.00340576 0.90792333 0.02656405]
[ 1.73106806e-05 -3.83780621e-04  6.32711705e-05  1.69887538e-03
  6.68739624e-01]
[4.86962270e-01 8.03488023e-01 5.25142376e-02 5.28664011e-04
 1.09380802e-01]
[0.00436841 0.10379608 0.46939865 0.80558863 0.00246467]
[0.71264653 0.28030483 0.24078309 0.13308841 0.16322837]
[0.26577795 0.28832654 0.00538959 0.04487118 0.62589961]
[0.41720176 0.03376923 0.62784294 0.14080976 0.07897161]
[0.67191253 0.01230339 0.02737985 0.45280787 0.08507135]
[0.38978188 0.05020223 0.45812849 0.48995802 0.36381447]
[0.43094054 0.01096249 0.28901562 0.36372009 0.37202252]
[0.33122691 0.097289   0.60189371 0.17874037 0.22615484]
[0.0396282  0.33844396 0.0736576  0.04458681 0.56917732]
[0.26067719 0.07149157 0.63318467 0.1226884  0.33162196]
[0.00385443 0.00393787 0.56195498 0.02939978 0.56413896]
[2.43795329e-02 3.68035198e-04 3.89467101e-02 4.31868903e-01
 5.83589422e-01]
[0.01564103 0.0232673  0.71695326 0.09642096 0.35650003]
[0.2036365  0.2495336  0.72443173 0.02715438 0.00332072]
[0.35164765 0.51215928 0.00796641 0.02760734 0.53206591]
[1.51505811e-01 7.91994668e-02 3.11470246e-04 1.24856873e-01
 6.40690282e-01]
[1.09371758e-01 9.23839266e-04 4.25171281e-03 9.54970393e-01
 2.57993741e-02]
[0.00604581 0.00120519 0.05551175 0.53778267 0.4991034 ]
[0.21953181 0.00528669 0.50006535 0.39937939 0.11133392]
[0.49998604 0.09774084 0.56341515 0.60077998 0.01852133]
[0.00927012 0.18042987 0.00542501 0.79776492 0.00297575]
[0.32515519 0.08931454 0.5879564  0.11979989 0.32213369]
[0.35539722 0.00820423 0.0139115  0.04796956 0.63858015]
[0.33695078 0.09864642 0.62852108 0.19426441 0.20832531]
[0.64566445 0.01179899 0.12974653 0.38849391 0.03332748]
[0.00612922 0.07609006 0.9198286  0.16136174 0.03723975]
[2.52706805e-04 5.94800681e-03 5.89219045e-01 5.23395587e-01
 4.26884364e-02]
[0.5988925  0.52439672 0.42621501 0.05114344 0.14327088]
[-8.94869297e-05 -4.13123188e-04  9.79791853e-04  8.78960264e-01
  9.57618129e-02]
[0.28495999 0.00988132 0.02924096 0.04649    0.60583362]
[0.37566496 0.04300742 0.57190292 0.46513409 0.08425745]
[ 0.13785571  0.15591095  0.32300351 -0.00205664  0.46173381]
[0.00757074 0.0021873  0.25122331 0.03849245 0.5391066 ]
[0.37266021 0.71025191 0.02798701 0.0365978  0.38240435]
[0.40415344 0.77044026 0.03016363 0.06533945 0.26349006]
[0.00397104 0.04050587 0.0089294  0.02750299 0.63475547]
[0.08934163 0.10631903 0.60928473 0.54739005 0.04034828]
[0.10048301 0.85708101 0.18641118 0.01247019 0.02706428]
[0.69590357 0.0166468  0.00634514 0.03526506 0.43664397]
[0.06394027 0.05752778 0.00316818 0.72846233 0.14292431]
[0.43783013 0.01023992 0.01714938 0.50868939 0.43277205]
[0.10390417 0.12144194 0.70093424 0.35592679 0.03904459]
[0.04421578 0.06579946 0.64045242 0.1181938  0.32105394]
[0.07925013 0.02865675 0.75130952 0.10006745 0.01279357]
[0.05837574 0.00714553 0.02555056 0.82306007 0.08095522]
[0.43445656 0.63206389 0.23425898 0.11757576 0.16152326]
[0.05519647 0.02022098 0.57804235 0.08137688 0.43261098]
[0.25886936 0.0653538  0.48519646 0.47006677 0.23011723]
[0.11746628 0.04140245 0.46296349 0.04194155 0.38868021]
[0.18630051 0.00439451 0.4586908  0.36240434 0.37100727]
[0.35075746 0.66849066 0.40863826 0.01025619 0.0554645 ]
[0.04357114 0.02371478 0.42207049 0.27839606 0.47390758]
[0.48918553 0.06961134 0.0062326  0.31581154 0.46462949]
[0.74040625 0.20463849 0.01185881 0.10387421 0.24110309]
[0.00138926 0.00165647 0.07066693 0.8972413  0.03125787]
[ 4.41963700e-05 -2.99370653e-04  2.34367171e-02  7.78201003e-01
  1.75632959e-01]
[0.00396581 0.04983632 0.70011118 0.62693151 0.0183733 ]
[0.43824617 0.09609632 0.68667308 0.10623277 0.01358981]
[0.02754523 0.00166209 0.0679594  0.67602418 0.41275464]
[0.65819817 0.01571193 0.02093151 0.03325766 0.46432303]
[0.10638592 0.84842024 0.01626199 0.03804888 0.39674027]
[0.41458118 0.00967164 0.01623619 0.48184298 0.46479412]
[0.56132457 0.6115145  0.01174813 0.10629517 0.20911943]
[0.09666542 0.10463095 0.49978801 0.03545205 0.43473136]
[ 0.00225076  0.00232877  0.00156919 -0.00145064  0.6574556 ]
[0.00672323 0.1239047  0.00438717 0.73482898 0.00747421]
[1.09372547e-01 9.21748636e-04 3.05358493e-03 9.54561378e-01
 2.84661406e-02]
[0.66900359 0.18716742 0.02592565 0.05173923 0.21604793]
[2.59684559e-02 8.99864003e-05 6.42505993e-02 7.03303610e-01
 4.27635652e-01]
[ 2.91449134e-03 -4.97068322e-04  5.72508802e-01  2.75714323e-01
  5.06194063e-01]
[0.25565133 0.03813787 0.58153104 0.54915083 0.00380603]
