[0.00991663 0.18148433 0.7505165  0.15719153 0.01224897]
[0.56096727 0.14613175 0.01036546 0.45950628 0.2211504 ]
[0.44600471 0.0079622  0.01489154 0.70608431 0.04230533]
[0.00253573 0.04152066 0.69398536 0.42807215 0.0194047 ]
[0.09389499 0.10508939 0.49806146 0.03530229 0.4329983 ]
[0.87611732 0.10108958 0.03972833 0.15564163 0.08736614]
[0.57352625 0.62481642 0.03217499 0.10874313 0.0230967 ]
[0.20028354 0.11220819 0.62188063 0.39663348 0.02322794]
[0.09603216 0.76651526 0.31443782 0.0614242  0.20229332]
[0.24832242 0.09288989 0.15774679 0.04429396 0.56610281]
[0.20326634 0.11125647 0.63049279 0.32989715 0.02104615]
[0.00220236 0.00272911 0.8460005  0.14348387 0.18796611]
[0.56841203 0.01278341 0.00650122 0.03620365 0.44286724]
[0.60989554 0.01184462 0.30869733 0.36457533 0.21140869]
[0.02875699 0.15166534 0.08302635 0.02231226 0.58638704]
[4.86962270e-01 8.03488023e-01 5.25142376e-02 5.28664011e-04
 1.09380802e-01]
[0.67191253 0.01230339 0.02737985 0.45280787 0.08507135]
[0.33122691 0.097289   0.60189371 0.17874037 0.22615484]
[0.0396282  0.33844396 0.0736576  0.04458681 0.56917732]
[0.00385443 0.00393787 0.56195498 0.02939978 0.56413896]
[0.01564103 0.0232673  0.71695326 0.09642096 0.35650003]
[0.2036365  0.2495336  0.72443173 0.02715438 0.00332072]
[0.35164765 0.51215928 0.00796641 0.02760734 0.53206591]
[0.21953181 0.00528669 0.50006535 0.39937939 0.11133392]
[0.32515519 0.08931454 0.5879564  0.11979989 0.32213369]
[0.64566445 0.01179899 0.12974653 0.38849391 0.03332748]
[0.00612922 0.07609006 0.9198286  0.16136174 0.03723975]
[2.52706805e-04 5.94800681e-03 5.89219045e-01 5.23395587e-01
 4.26884364e-02]
[0.5988925  0.52439672 0.42621501 0.05114344 0.14327088]
[-8.94869297e-05 -4.13123188e-04  9.79791853e-04  8.78960264e-01
  9.57618129e-02]
[ 0.13785571  0.15591095  0.32300351 -0.00205664  0.46173381]
[0.00757074 0.0021873  0.25122331 0.03849245 0.5391066 ]
[0.37266021 0.71025191 0.02798701 0.0365978  0.38240435]
[0.40415344 0.77044026 0.03016363 0.06533945 0.26349006]
[0.10048301 0.85708101 0.18641118 0.01247019 0.02706428]
[0.69590357 0.0166468  0.00634514 0.03526506 0.43664397]
[0.04421578 0.06579946 0.64045242 0.1181938  0.32105394]
[0.07925013 0.02865675 0.75130952 0.10006745 0.01279357]
[0.43445656 0.63206389 0.23425898 0.11757576 0.16152326]
[0.11746628 0.04140245 0.46296349 0.04194155 0.38868021]
[0.35075746 0.66849066 0.40863826 0.01025619 0.0554645 ]
[0.74040625 0.20463849 0.01185881 0.10387421 0.24110309]
[0.43824617 0.09609632 0.68667308 0.10623277 0.01358981]
[0.10638592 0.84842024 0.01626199 0.03804888 0.39674027]
[0.56132457 0.6115145  0.01174813 0.10629517 0.20911943]
[0.09666542 0.10463095 0.49978801 0.03545205 0.43473136]
[ 0.00225076  0.00232877  0.00156919 -0.00145064  0.6574556 ]
[0.00672323 0.1239047  0.00438717 0.73482898 0.00747421]
[0.66900359 0.18716742 0.02592565 0.05173923 0.21604793]
[ 2.91449134e-03 -4.97068322e-04  5.72508802e-01  2.75714323e-01
  5.06194063e-01]
[ 7.47559272e-04 -5.85871991e-04  4.79049582e-02  6.07529439e-01
  3.86894929e-01]
[0.01526762 0.01621834 0.72827638 0.16464479 0.01004922]
[0.04919729 0.87101746 0.02910304 0.06604469 0.24274623]
[0.64683439 0.21613244 0.40031687 0.00364392 0.05432139]
[0.04225201 0.33483382 0.07847492 0.04438797 0.56631878]
[0.27701289 0.19388185 0.45641824 0.45083024 0.01676829]
[0.51986503 0.85779993 0.02458153 0.00306095 0.11659225]
[0.24265801 0.25664564 0.0048572  0.04014641 0.56462491]
[0.00343164 0.00424408 0.37628862 0.63310414 0.00230983]
[0.53393874 0.10441742 0.42234516 0.53654201 0.01650457]
[0.02064825 0.00706044 0.80702566 0.10901826 0.01308954]
[0.01165809 0.16409621 0.67974453 0.14216704 0.01105555]
[0.13040301 0.03383366 0.7160721  0.11157663 0.08135573]
[ 4.03090766e-03 -5.62705259e-04  1.73149080e-04  6.85918316e-01
  5.30303920e-01]
[0.0117498  0.21469711 0.69177099 0.08882161 0.00735554]
[0.27061261 0.23573958 0.61985352 0.17030454 0.23126689]
[0.51384244 0.45493612 0.36725236 0.0436119  0.33789568]
[0.63631264 0.18487146 0.38990802 0.0096876  0.0529039 ]
[0.30882361 0.58853679 0.26629918 0.03338544 0.35492236]
[0.13518084 0.62602954 0.00653333 0.02135033 0.44432134]
[0.00280295 0.02476643 0.67670114 0.1073149  0.2136971 ]
[5.71014333e-04 1.88700012e-01 7.32118260e-01 2.82100292e-01
 1.25341359e-02]
[0.72499592 0.00953773 0.14425584 0.43825648 0.03716136]
[0.00220292 0.00272989 0.84619986 0.14234726 0.1869311 ]
[0.21945657 0.0566852  0.62803793 0.32860441 0.01945092]
[0.19696648 0.34818183 0.66129377 0.20450509 0.21920824]
[-1.98755226e-05 -4.13337483e-04  4.42763800e-05  1.63678865e-03
  6.57455603e-01]
[0.58025019 0.03128476 0.00528681 0.02907785 0.36916055]
[0.01033523 0.00331871 0.34207742 0.05318764 0.50602534]
[0.08500396 0.4477557  0.2445709  0.0698781  0.45692128]
[0.36398277 0.02938532 0.60056432 0.12982335 0.07372189]
[0.00445192 0.07104931 0.5718042  0.50817006 0.04212964]
[0.53105527 0.0101946  0.26879623 0.41578701 0.19973972]
[0.14827715 0.04277868 0.00457551 0.74977006 0.00555394]
[0.43760826 0.0961931  0.685736   0.10608487 0.02371398]
[ 5.64844149e-03 -3.56295126e-04  5.88775346e-01  5.40959417e-01
  4.33009512e-02]
[0.00795958 0.00244592 0.54976228 0.07689995 0.4106046 ]
[ 0.00217906  0.00224169  0.00156951 -0.00144815  0.64249916]
[0.11680196 0.7716269  0.02870649 0.0351892  0.43574302]
[0.07722711 0.01976535 0.6905834  0.12761286 0.2263972 ]
[0.46709861 0.7706995  0.22966492 0.00193699 0.11025581]
[0.12983809 0.04657753 0.05811985 0.76847757 0.00774574]
[0.65405794 0.09965651 0.04757144 0.53373825 0.01891245]
[0.7403628  0.19208817 0.42705589 0.05124857 0.1435543 ]
[0.38030076 0.1020872  0.68672543 0.14046466 0.13528232]
[0.67890421 0.3852461  0.42723614 0.05127111 0.1453734 ]
[0.71264653 0.28030483 0.24078309 0.13308841 0.16322837]
[0.01393788 0.11421807 0.83601108 0.1426843  0.18693189]
[0.43864319 0.07950517 0.50400071 0.57076678 0.04112722]
[ 0.24925559  0.00890047  0.39594934 -0.00203432  0.57162981]
