[0.00687093 0.01165021 0.00231024 1.03610075 0.42122069]
[0.02360875 0.02978    0.3690797  0.76407812 0.00715588]
[0.11966661 0.70712985 0.4506439  0.1179322  0.1191824 ]
[0.5175613  0.26186067 0.13617885 0.57516669 0.18867073]
[0.0181344  0.01858417 0.72327333 0.50658667 0.32321376]
[0.64454977 0.17324852 0.16928586 0.08343839 0.5562723 ]
[0.05825203 0.02080465 0.417664   0.70492536 0.2394683 ]
[0.12477081 0.02316277 0.67682168 0.1228142  0.44174886]
[0.20217641 0.12705263 0.18308394 0.44971695 0.36885051]
[0.04085388 0.1022745  0.01517104 0.05733289 0.57393931]
[0.0028244  0.76825012 0.73476067 0.02261179 0.15066674]
[0.31324885 0.65641698 0.04262813 0.71529405 0.01476764]
[0.64398667 0.73060195 0.67352518 0.01366231 0.27417671]
[0.00333546 0.00527645 0.11546056 0.56212665 0.56204636]
[0.26709451 0.23135895 0.70280089 0.04306019 0.42769068]
[0.36030434 0.45863534 0.12961524 0.19243066 0.50010622]
[0.01526083 0.009154   0.01142437 0.03485968 0.63820268]
[0.35834862 0.22256976 0.06331645 0.28182172 0.55577811]
[0.31485076 0.21612    0.56011234 0.28478591 0.34946353]
[0.42896252 0.02525635 0.00364042 1.02142305 0.36813462]
[0.07033253 0.03448261 0.57837246 0.54779094 0.21548696]
[0.15911209 0.67529155 0.42321597 0.69855449 0.02708256]
[0.40264466 0.29030561 0.08947    0.60462205 0.33273962]
[1.08723664 0.13301539 0.19976125 0.04913719 0.42564228]
[0.04988365 0.12154617 0.01817543 0.01289085 0.6221182 ]
[0.46873994 0.59769528 0.26779934 0.29578376 0.30787168]
[0.02108634 0.02289756 0.00770276 0.91420542 0.25619919]
[0.23737026 0.32274432 0.71165862 0.36691907 0.09623554]
[0.08567033 0.12364386 0.08574821 0.75614384 0.34628604]
[0.03758391 0.14412974 0.54450274 0.55809683 0.22086665]
[0.01527746 0.2453322  0.35522684 0.3917744  0.53451956]
[0.26064001 0.45181092 0.02933312 0.752934   0.34915646]
[0.6910577  0.18579021 0.18150152 0.47045537 0.31722023]
[0.31922203 0.75140056 0.00537242 0.14378638 0.59928937]
[0.46431982 0.15833316 0.11820378 0.5086502  0.4507328 ]
[0.02225051 0.01629496 0.00630256 0.61490557 0.63639153]
[0.22340724 0.57958472 0.36463386 0.6313206  0.04573286]
[0.04120382 0.10315213 0.01514936 0.05806329 0.57933526]
[0.10655566 1.04367132 0.24701705 0.089853   0.25975039]
[0.49160337 0.19038767 0.11988008 0.50567448 0.45765837]
[0.00872    0.53852241 0.02746955 1.27893581 0.00200972]
[0.31602572 0.2250725  0.56461166 0.27704668 0.35087587]
[0.59717189 0.09452953 0.25228258 0.2869741  0.40153646]
[0.32929326 0.16502475 0.708509   0.39905771 0.17872748]
[0.61237741 0.69472076 0.64047211 0.01288636 0.31406973]
[0.0289186  0.03652661 0.43646081 0.90419329 0.00539579]
[ 1.23694968e-03 -3.21974129e-04  1.26554262e-03  8.44112807e-01
  4.50030029e-01]
[0.21260126 0.23558698 0.75787988 0.13746403 0.05005124]
[0.62598359 0.29609963 0.73244488 0.00491301 0.15014697]
[0.04548225 0.13377679 0.00817789 0.80379283 0.01260716]
[0.11537866 0.20316295 0.69287418 0.09958975 0.36776325]
[0.10839903 0.06697374 0.43053745 0.11609559 0.53335637]
[0.21805826 0.30685492 0.40830208 0.37213588 0.3416556 ]
[0.08899537 0.87184915 0.234497   0.07556512 0.43211202]
[0.06265739 0.01134346 0.34031855 0.60754532 0.43742991]
[0.02498927 0.09582792 0.35838689 0.59329006 0.47737798]
[0.09691455 0.07633488 0.35295488 0.74959412 0.09333748]
[0.86139104 0.42554513 0.14145776 0.11598433 0.15324476]
[0.03883133 0.1176342  0.45166513 0.66812137 0.08184536]
[0.06103374 0.25148922 0.33088183 0.79077058 0.19529038]
[0.57150036 0.64789677 0.59753226 0.05533432 0.24359587]
[0.00797434 0.00205479 0.40877188 0.40649398 0.53484881]
[0.0588811  0.02103525 0.42216185 0.7125389  0.22153878]
[0.01274615 0.77367272 0.74006714 0.02279061 0.14505583]
[0.21365072 0.13429199 0.17903326 0.53751539 0.47603042]
[0.10461824 0.61825614 0.39544793 0.10607222 0.32367302]
[ 0.00112267  0.00405506  0.00606251 -0.00168599  0.7529982 ]
[0.03027127 0.03318167 0.88038237 0.11689856 0.0305608 ]
[0.6753697  0.10890762 0.25118298 0.30844781 0.37527159]
[0.42332407 0.16634601 0.02952312 0.71337773 0.4757304 ]
[0.87712904 0.432554   0.11379912 0.08873763 0.15793877]
[0.02123443 0.02649205 0.70000511 0.31489854 0.48902406]
[0.4094269  0.42892575 0.60360966 0.55599222 0.05722422]
[0.03280032 0.19410905 0.72224804 0.11771791 0.1193773 ]
[0.00152437 0.00233956 0.01105704 0.97669094 0.24830862]
[0.03160353 0.00543435 0.72670925 0.13017848 0.46780553]
[0.33345219 0.69876977 0.04537952 0.48304883 0.32942173]
[0.65261359 0.0456226  0.05259075 0.14555092 0.50770624]
[0.20692024 0.29878772 0.75463578 0.30298064 0.0858253 ]
[0.01286437 0.00979437 0.01282894 0.34538636 0.68339285]
[0.00557633 0.00939577 0.00828327 1.09173267 0.18996908]
[0.09009795 0.03608325 0.12674783 0.75173314 0.34422978]
[0.56102207 0.24500426 0.35026102 0.64458775 0.0179739 ]
[0.03819142 0.00368397 0.77707346 0.00924932 0.19546623]
[0.44330958 0.8814387  0.00753851 0.20001035 0.1160144 ]
[0.11476513 0.0645276  0.49172087 0.57397431 0.19630169]
[0.57958391 0.81216198 0.60577173 0.01318199 0.26583613]
[0.08626624 0.12053343 0.08185079 0.74987549 0.35975862]
[0.06278621 0.02255508 0.0712251  0.90697521 0.18854933]
[2.74423814e-04 1.46913179e-04 1.82940676e-02 3.75893607e-01
 7.05029010e-01]
[0.04916432 0.13139174 0.68054059 0.45427707 0.0985286 ]
[0.5407137  0.0084224  0.13781776 0.32732604 0.52072867]
[0.17124121 0.10948148 0.61817046 0.47608447 0.16219741]
[0.41981108 0.08514156 0.10529636 0.73224525 0.45712302]
[0.21813741 0.03356779 0.43293076 0.52167374 0.35194584]
[0.00660304 0.01113161 0.00221319 1.03686376 0.42152809]
[0.48488633 0.33310297 0.3208081  0.26683443 0.32757468]
[0.08794551 0.33183275 0.78076268 0.14167914 0.02894469]
[0.11200981 0.11588521 0.03171553 0.54223763 0.56268327]
[1.14018913e-04 4.85995295e-03 8.91952702e-02 4.20979001e-01
 5.77521236e-01]
[ 2.42712558e-03 -1.91862995e-04  1.16472791e-02  1.28729886e-01
  7.04318960e-01]
[0.52252616 0.24859371 0.1361442  0.57501986 0.19128528]
[0.02290953 0.00767891 0.41514403 0.81061351 0.23525837]
[ 7.84910631e-04 -1.97398286e-04  1.06647610e-03 -1.52342175e-03
  7.21188299e-01]
[0.56841865 0.6305814  0.12540747 0.2177694  0.02665377]
[0.14078576 0.10212478 0.48272197 0.66582044 0.41962452]
[0.2518792  0.09178424 0.34339798 0.70495665 0.2221681 ]
[5.11050028e-02 6.65472382e-04 1.37985458e-01 8.12001966e-01
 3.63839262e-01]
[0.00528007 0.01556348 0.00274182 1.22741358 0.31796483]
[0.01721881 0.017624   0.68709289 0.09449189 0.58261525]
[0.01337925 0.00217635 0.00868327 1.02083528 0.02752275]
[ 5.70279467e-04  2.06144655e-03  3.44926028e-03 -1.88443163e-03
  7.95051418e-01]
[2.79633044e-04 1.14929757e-01 7.41627893e-01 7.35658202e-01
 1.37955828e-01]
[0.54898923 0.50804068 0.26880949 0.48467961 0.21174888]
[0.38718065 0.24051798 0.3229961  0.38377775 0.50859301]
[0.08903584 0.18961325 0.37093812 0.60715    0.07334592]
[0.00472291 0.00384209 0.01160954 0.14051873 0.71087996]
[0.47273302 0.14443488 0.12353985 0.72775803 0.21842828]
[0.4531057  0.07198116 0.10983559 0.46353189 0.49718312]
[0.00898447 0.0641246  0.19054732 0.95881799 0.10742842]
[0.01202012 0.00076077 0.30125275 0.00122008 0.60347799]
[0.00175397 0.62089176 0.13212651 0.59111155 0.18879845]
[0.57848444 0.65624722 0.70822039 0.01618279 0.26346404]
[0.01874713 0.05409581 0.81028454 0.20102585 0.01371562]
[0.32495511 0.2230717  0.53400243 0.27767753 0.34079605]
[0.33971232 0.21382661 0.30756407 0.4685998  0.19110572]
[8.46502588e-03 2.87960803e-04 9.66761548e-02 9.37877331e-01
 1.94972182e-01]
[0.36231062 0.24243927 0.6750771  0.36313506 0.30433881]
[1.05644083e+00 7.97891426e-01 3.43113491e-04 1.79203813e-01
 1.69960281e-01]
[0.13531301 0.0072648  0.49699559 0.68880025 0.3752652 ]
[0.70176293 0.6483788  0.32240579 0.05487085 0.35566416]
[0.00343108 0.00273453 0.00860105 0.10372126 0.71380216]
[0.08577788 0.12238831 0.08243379 0.74490863 0.34758626]
[0.07335919 0.94366535 0.19410676 0.08004723 0.33109161]
[0.47286357 0.43904664 0.23186188 0.4588505  0.30643246]
[0.02556536 0.49497335 0.63918522 0.50108241 0.151884  ]
[0.36066449 0.24763944 0.63910904 0.32149802 0.12777145]
[0.0101184  0.02519191 0.00376379 0.01276781 0.66446528]
[0.02441812 0.00777108 0.064792   1.01195849 0.20971646]
[0.21457785 0.13975804 0.71241602 0.10395218 0.35226981]
[0.27516291 0.23279281 0.71783934 0.04095356 0.39205928]
[0.07684512 0.19032306 0.73644597 0.10506584 0.38654001]
[0.09952139 0.26613067 0.44051411 0.06503777 0.51712722]
[0.09291536 0.91020509 0.1217359  0.22040419 0.3546096 ]
[0.02299468 0.00320096 0.40415214 0.35118599 0.49818921]
[0.04008003 0.00431622 0.41595288 0.8613748  0.00811633]
[0.45728616 0.62684947 0.42646616 0.30644386 0.18594231]
[-2.21607059e-05  3.74501118e-02  9.51871573e-01  1.63109796e-02
  1.58035646e-01]
[0.48870134 0.45272645 0.23940509 0.73889752 0.01160927]
[0.31102087 0.6183873  0.00333604 0.4538305  0.70952134]
[0.0293947  0.07964249 0.25910515 0.47569886 0.55793362]
[0.09539737 0.86574327 0.20514212 0.07753882 0.30788763]
[0.05327922 0.00955893 0.33543497 0.62221534 0.44343479]
[0.71164768 0.46823994 0.0225773  0.35437206 0.297065  ]
[0.06852832 0.07530766 0.22938021 0.92673816 0.0288951 ]
[0.0100813  0.00105024 0.00440398 0.81271728 0.436505  ]
[0.64729555 0.73234277 0.67605226 0.01372163 0.2671275 ]
[0.02746497 0.02506551 0.06686516 0.81515104 0.19548872]
[0.02696776 0.02030915 0.02524556 0.88703401 0.33594135]
[0.05224204 0.120719   0.01816133 0.06901516 0.56686656]
[0.49743347 0.68191674 0.61702962 0.40483235 0.18514028]
[0.17464199 0.6613138  0.57606799 0.27727915 0.24014877]
[0.26140489 0.65832492 0.45158038 0.11818171 0.21249556]
[0.38869509 0.99202916 0.59001616 0.15398632 0.12920735]
[0.01712364 0.02318713 0.78940652 0.55310001 0.39258066]
[0.24957569 0.22060939 0.4819827  0.52017513 0.37340212]
[0.20549359 0.1291455  0.18608624 0.45712466 0.37524834]
[0.00285578 0.77630443 0.74854008 0.02298977 0.1529728 ]
[0.00339666 0.00537924 0.11747698 0.57197661 0.57138112]
[0.36427202 0.46287011 0.13091281 0.19437778 0.50511471]
[0.02052711 0.01534403 0.01342666 0.6005504  0.64384142]
[0.01366561 0.01223076 0.29234366 0.25349218 0.64142395]
[0.07224549 0.06358052 0.17303476 0.17513292 0.64385337]
[0.02078709 0.00712312 0.01671481 0.21177104 0.67052786]
[0.23668545 0.31910281 0.56059303 0.28503214 0.34976377]
[0.30011551 0.61661908 0.11931135 0.67749033 0.36781551]
[0.47976389 0.18578935 0.12360947 0.51161529 0.46172687]
[0.1043405  0.03501866 0.06098212 0.5087134  0.63253837]
[0.06787633 0.07872913 0.06903638 0.49084497 0.61672261]
[0.10683835 0.04447569 0.01734224 0.06460511 0.65258256]
[0.63829261 0.10289663 0.27424786 0.29807045 0.42820225]
[5.68777011e-03 5.49705737e-04 4.28070062e-03 8.58751685e-01
 4.62460682e-01]
[0.11361615 0.15886567 0.05682836 0.8648365  0.40305879]
[0.02871267 0.22278384 0.01293979 0.8663303  0.11873472]
[0.05375096 0.40069809 0.23371848 0.81138281 0.04627539]
[0.10424915 0.25570663 0.72058408 0.10512685 0.38676018]
[0.28730045 0.04439637 0.57010679 0.3206906  0.53447903]
[0.13326832 0.47285448 0.51547926 0.44281424 0.40291362]
[0.06976026 0.04989291 0.50092286 0.67989353 0.44156202]
[0.11103548 0.07083117 0.40275605 0.83926073 0.14236936]
[0.05543614 0.13324204 0.41415218 0.86275871 0.14635668]
[0.00603782 0.26322172 0.36806867 0.79686821 0.24052984]
[0.15558212 0.09944964 0.56444114 0.74128994 0.14201466]
[0.01706974 0.00493749 0.41693629 0.41490604 0.54620706]
[0.00073894 0.01987469 0.42268388 0.42065453 0.55374132]
[0.60726157 0.12438002 0.44847043 0.32643844 0.47490134]
[0.17254908 0.50924065 0.02953136 0.76144736 0.50840746]
[0.88071063 0.42916326 0.25476349 0.18812575 0.26762008]
[2.62454235e-01 2.57825182e-04 7.84339465e-01 2.40306300e-01
 1.53474831e-01]
[0.03409908 0.00340316 0.74970384 0.33740652 0.57033208]
[0.34318553 1.0129441  0.05876074 0.14613618 0.52470446]
[0.63193979 0.16935235 0.16594771 0.17994976 0.562472  ]
[0.33246769 0.50639953 0.11681234 0.19647112 0.51081645]
[0.58297694 0.2546132  0.40683195 0.69334127 0.05066992]
[0.58306766 0.25465291 0.40689524 0.69344947 0.05056577]
[0.09096655 0.22066874 0.79406498 0.12334085 0.36564203]
[0.17436587 0.00572465 0.80138254 0.20448319 0.4582233 ]
[0.15618307 0.02914008 0.84473586 0.13890279 0.54219696]
[0.13920347 0.06097413 0.78855336 0.14417136 0.54745265]
[0.01003017 0.30150221 0.78268692 0.31300419 0.21773009]
[0.19460169 0.00454512 0.78413825 0.30594159 0.21723071]
[0.31010225 0.26886872 0.81610744 0.00983084 0.49592058]
[0.49809716 0.83879591 0.07200186 0.20001035 0.1160144 ]
[0.80960654 0.54236047 0.01467024 0.40518069 0.33945833]
[0.06608757 0.13558001 0.50972259 0.60534067 0.20562219]
[0.0405986  0.15566011 0.58076786 0.5957664  0.23574456]
[0.63515779 0.75153196 0.66205625 0.0136338  0.27368178]
[0.00967384 0.18895576 0.75763018 0.50899875 0.15474642]
[0.1362206  0.06407726 0.75632255 0.57148534 0.3733783 ]
[0.0070732  0.01200245 0.00237818 1.06592602 0.43333258]
[0.25456496 0.28217107 0.90736287 0.16499939 0.03370384]
[0.16383523 0.42214683 0.93071005 0.17249182 0.03114648]
[-1.06275960e-04  2.18382818e-03  1.05891598e-01  3.05295653e-01
  1.09691833e+00]
[8.89938618e-04 2.70300846e-03 2.22128805e-03 3.69679535e-01
 9.32639747e-01]
[1.27070650e-01 9.54729464e-03 1.38035395e-01 4.58770220e-04
 7.41491596e-01]
[0.00292072 0.00593726 0.00327413 0.11604987 0.81044434]
[0.00373213 0.01347277 0.01837768 0.0172365  0.78511481]
[ 1.62703582e-03  4.98337536e-03  1.23826176e-03 -1.93485418e-04
  9.01269614e-01]
[0.00764205 0.00225211 0.05457845 0.09036557 0.72664544]
[0.14315422 0.28447916 0.00239207 0.76744909 0.81346701]
[0.00098997 0.00177513 0.10797805 0.12465626 0.7782366 ]
[0.08755825 0.4836728  0.00348044 0.08497905 0.77242459]
[0.16580316 0.39017447 0.00310042 0.16040926 0.72660594]
[0.01460199 0.01311393 0.09052666 0.02461684 0.75712804]
[ 0.00377395  0.00485401  0.13547134 -0.00117141  0.76447032]
[1.19791432e-03 8.30309061e-04 7.54341190e-02 2.17376310e-01
 9.58887928e-01]
[0.84403833 0.41621549 0.13856765 0.2495159  0.15483113]
[0.93430848 0.33908701 0.22368288 0.39743687 0.12915054]
[0.13237241 0.41197065 0.09946001 1.04931185 0.0298913 ]
[0.00568619 0.00192856 0.00681932 0.0009831  0.86116819]
[3.74799127e-03 8.18726078e-05 9.11239087e-03 1.51648631e-01
 8.21363954e-01]
[ 1.76611719e-02  6.20980406e-03  2.52325460e-02 -2.00331941e-04
  8.24261060e-01]
[ 5.19193024e-03  1.87413031e-02  2.53134130e-02 -2.24179533e-04
  8.14176689e-01]
[3.25771741e-03 5.53479181e-04 4.08952172e-02 3.95734233e-01
 8.39676608e-01]
[0.00104547 0.0083297  0.00827444 0.05158415 0.80192933]
[0.18071815 0.14275511 0.4299576  0.68628846 0.09171749]
[0.01631476 0.00123423 0.37703678 0.00206833 0.71627973]
[0.03763386 0.08998788 0.47396398 0.08536268 0.63710498]
[0.06722682 0.00693535 0.36256756 0.00196285 0.69835957]
[0.21970151 0.00737053 0.88540961 0.23060295 0.02118723]
[0.20651262 0.01600434 0.8339732  0.29908889 0.01724713]
[0.03426328 0.2537943  0.84626056 0.24771237 0.27008649]
[0.02141338 0.44067427 0.96771594 0.26348242 0.01973033]
[0.29157923 0.00945249 0.85156645 0.2568338  0.02100123]
[0.10283115 0.74030486 0.44784745 0.60776638 0.24385206]
[0.37646092 0.27541131 0.41054337 0.78774402 0.32745647]
[0.14950616 0.57311416 0.37043045 0.61328306 0.24216016]
[0.00897934 0.00250761 0.10631682 1.03158088 0.21444798]
[0.01005072 0.01732898 0.21785907 1.02894339 0.22214258]
[0.36370176 0.24337207 0.67766815 0.36448187 0.30550034]
[0.00470561 0.00391876 0.01166428 0.1411883  0.71421817]
[0.08857693 0.12377197 0.08404035 0.75945854 0.34778752]
[0.26826253 0.40911782 0.77643538 0.33617643 0.23301049]
[0.01658795 0.02066359 0.12241105 0.04948481 0.73348047]
[0.06184865 0.0853293  0.09212086 0.03251238 0.74902894]
[0.04347572 0.42645281 0.1009864  0.03547477 0.67209451]
[0.08354467 0.05866626 0.09270223 0.032731   0.75375585]
[0.06807501 0.32618499 0.07452011 0.03726207 0.6907851 ]
[0.01319951 0.0478881  0.06659326 0.05645232 0.77335257]
[0.04008665 0.02533675 0.03002564 0.09510937 0.67583512]
[0.01986424 0.19542144 0.04632559 0.01512042 0.71352993]
[0.06209535 0.08567116 0.09278173 0.03245383 0.75287489]
[0.11491841 0.13575361 0.04425281 0.0261278  0.7649916 ]
[0.07635714 0.08833771 0.06680498 0.04813628 0.714314  ]
[0.00734605 0.06383583 0.05979726 0.08797861 0.73022663]
[0.06220359 0.238633   0.43378478 0.36073715 0.56284147]
[0.01129639 0.03131494 0.4753063  0.36953594 0.62845347]
[0.00335945 0.10881571 1.09296077 0.02593623 0.17094912]
[0.09521397 0.93269631 0.22076094 0.08007587 0.33120714]
[0.79333794 0.11540926 0.34021619 0.17262383 0.49517745]
[0.06055262 0.17863716 0.38652073 0.71035223 0.45164767]
[0.28324477 0.13722408 0.08253193 0.83720889 0.25045884]
[0.08232161 0.11500484 0.10388655 0.92813382 0.42012437]
[0.04790421 0.1280201  0.44616552 0.30357291 0.56740482]
[0.1089025  0.15233129 0.03619907 0.61906341 0.64214845]
[0.231843   0.14385635 0.04124654 0.49431304 0.64233381]
[0.16203111 0.1017242  0.14674949 0.36006714 0.61256922]
[0.27826607 0.03517058 0.04346359 0.48824449 0.64336819]
[0.10822196 0.6666587  0.3933888  0.12270018 0.59662698]
[0.17007908 0.10680182 0.1540335  0.37803933 0.60453858]
[0.05829298 0.22363327 0.40658471 0.33798549 0.59440237]
[0.18568674 0.3314543  0.25643011 0.22784912 0.56833433]
[0.02438041 0.21029892 0.11257335 0.22362809 0.64126283]
[0.13797047 0.0604293  0.78157679 0.14287689 0.57369129]
[0.02032862 0.19996524 0.04740063 0.46525152 0.60214421]
[0.37668019 0.23398134 0.06655671 0.29634161 0.57225103]
[0.18575923 0.09118746 0.39863801 0.22332196 0.62203982]
[0.72906764 0.15561866 0.45430485 0.11827634 0.51567232]
[0.32532727 0.12781552 0.47858597 0.63213762 0.42902583]
[0.22315589 0.38786983 0.33388872 0.53337362 0.48129858]
[0.32987474 0.12960975 0.48527297 0.61645472 0.42613383]
[0.29477123 0.03729169 0.23446303 0.5762093  0.47285521]
[0.32498208 0.45510534 0.32374046 0.63682292 0.43184651]
[0.2968992  0.03756516 0.21853522 0.65621015 0.58158067]
[0.04128595 0.05751873 0.14523282 0.6137043  0.63638947]
[0.00983198 0.02733653 0.41586372 0.32748199 0.66774786]
[0.01448537 0.01475749 0.50447942 0.35275986 0.64453946]
[0.00740036 0.14517601 0.46426239 0.31606472 0.66155201]
[0.02940046 0.01126597 0.0241503  0.28915842 0.70039172]
[0.01979804 0.02481922 0.12232291 0.54216361 0.68096314]
[0.02905881 0.02204096 0.01892561 0.65988119 0.70773522]
[0.51694251 0.19949523 0.13313779 0.54546237 0.49990746]
[0.0776578  0.0901341  0.06292257 0.52232339 0.65612721]
[0.4203681  0.59180205 0.15352451 0.10850668 0.66617895]
[0.21465156 0.4630288  0.22766285 0.20334249 0.65793277]
[0.33258121 0.46859837 0.34797955 0.33449652 0.49155908]
[0.69008715 0.11129363 0.29850304 0.32408038 0.46382824]
[7.39545144e-03 7.03130884e-04 5.93159166e-03 9.11795324e-01
 4.91651255e-01]
[0.04019308 0.1025472  0.29029683 0.90393735 0.47321605]
[0.00739433 0.0010504  0.00556279 0.8923739  0.48119496]
[0.43164637 0.02541813 0.01723541 1.028747   0.37077164]
[0.06238627 0.46496642 0.27115408 0.81172643 0.23385923]
[0.1559724  0.39955503 0.25173011 0.84069554 0.24234571]
[0.19553049 0.36852488 0.27860216 0.83712284 0.11502945]
[0.10737765 0.25474827 0.72218638 0.10536537 0.38762103]
[0.03255747 0.3751911  0.62575268 0.34336017 0.55744605]
[0.13929102 0.48769804 0.56614196 0.47556901 0.42533832]
[0.00912675 0.26896642 0.37623634 0.81459627 0.24587559]
[0.22827763 0.0755911  0.37494179 0.81178643 0.24502831]
[0.00906338 0.26712881 0.3736713  0.80902881 0.26684075]
[0.02723768 0.00283545 0.60007521 0.54445482 0.56120194]
[0.2450076  0.22719423 0.58920972 0.4350287  0.5605347 ]
[0.200377   0.26956413 0.80281198 0.36323999 0.16617785]
[0.37947693 0.48306135 0.13651201 0.20277986 0.52672709]
[0.60736975 0.72556417 0.13307188 0.34839896 0.15480438]
[0.8769797  0.43248026 0.13716566 0.25611268 0.1598496 ]
[0.73087588 0.63491295 0.70338823 0.22258649 0.16129726]
[0.11770918 0.08452214 0.51269788 0.71062802 0.38727409]
[0.24142113 0.08952655 0.55571799 0.66372399 0.45041082]
[0.10060289 0.25624125 0.73003039 0.60355669 0.48158776]
[0.10007112 0.16776518 0.80934877 0.55117409 0.16599498]
[0.01191588 0.22278894 0.87445452 0.72526135 0.19446687]
[0.30847609 0.23263884 0.96250946 0.2057943  0.14921477]
[0.38324234 0.18869791 1.03922202 0.18721031 0.19437341]
[0.3208122  0.35454834 1.02809752 0.18979115 0.03876329]
[0.15615528 0.1459019  0.2870421  0.00638672 0.7452979 ]
[0.00261005 0.02096553 0.02002151 0.12814331 0.79992217]
[0.00334857 0.01883398 0.09489152 0.02396593 0.78587243]
[0.07308407 0.003804   0.00309411 0.17275854 0.91285295]
[0.13356659 0.08241224 0.00439231 0.11295317 1.01262528]
[0.01395321 0.01883327 0.08898064 0.0928122  0.73155168]
[0.00800823 0.01598535 0.09050664 0.10113501 0.7741413 ]
[0.2012384  0.47360705 0.00377407 0.09054605 0.82180346]
[0.33677025 0.66960609 0.00569756 0.48526901 0.79360804]
[0.01792384 0.0160819  0.1134171  0.08441302 0.78158003]
[ 2.79041163e-03  2.38854989e-02  3.76977228e-01 -5.49816238e-04
  8.15719647e-01]
[ 9.98932716e-02  1.05933376e-02  1.65485956e-01 -2.93062958e-05
  7.68979883e-01]
[ 5.35018268e-03  1.93124471e-02  2.60620753e-02 -1.67329942e-04
  8.38216532e-01]
[0.0032901  0.015785   0.07492269 0.10228664 0.84474748]
[0.00346182 0.01660584 0.0786744  0.10751243 0.82709838]
[0.00205454 0.00993063 0.06798117 0.09184403 0.8607886 ]
[0.19076908 0.15072118 0.45385088 0.72454101 0.09683636]
[0.01751892 0.00486238 0.41555336 0.00249929 0.78948901]
[0.16949244 0.130182   0.54002973 0.17439303 0.6502367 ]
[0.02022749 0.41963947 0.84666669 0.34875393 0.37464579]
[0.22521263 0.24971551 0.91121683 0.33960056 0.04620435]
[0.0197105  0.40585857 0.88008767 0.35912156 0.24965075]
[0.28567757 0.02406283 0.91994921 0.60700535 0.10927802]
[0.13556984 0.20657888 1.01035992 0.48511589 0.12588158]
[0.29338726 0.12205261 0.98481051 0.29777057 0.18094376]
[0.37591963 0.02969083 0.87111491 0.59336522 0.09486022]
[0.30427543 0.46408703 0.87251786 0.46946007 0.12209219]
[0.59803158 0.26120214 0.41733258 0.72099518 0.25566523]
[0.20764747 0.43210165 0.72456792 0.39412674 0.32489349]
[0.01881203 0.00251254 0.33116911 0.28738806 0.71997492]
[ 2.06271380e-02 -9.37190919e-05  6.19588959e-02  3.60031946e-01
  7.22715647e-01]
[0.01308897 0.00968218 0.01333401 0.38838596 0.77070329]
[0.00607237 0.02501942 0.13447559 0.2721661  0.714464  ]
[0.00119343 0.00911135 0.01618961 0.16487653 0.83334555]
[0.24117988 0.08822176 0.01372431 0.21365599 0.77540926]
[0.10062136 0.11664059 0.43239376 0.77290746 0.3918908 ]
[0.25240657 0.06118939 0.12753401 0.76473276 0.3969779 ]
[0.3340602  0.01772664 0.26602013 1.05007544 0.39058983]
[0.01675939 0.02088125 0.12366394 0.05001307 0.74098856]
[0.08843718 0.03200192 0.20705172 0.20415413 0.6903214 ]
[0.04998568 0.03265665 0.05907625 0.15791599 0.77592244]
[0.34642881 0.03820035 0.32799838 0.12329949 0.6836886 ]
[0.19104976 0.01613094 0.04548935 0.19280761 0.74717354]
[0.06854568 0.20676203 0.04538398 0.52617876 0.69309619]
[0.05427396 0.01836509 0.12125904 0.11948526 0.72328736]
[0.07008479 0.06187516 0.20466365 0.20091576 0.67947828]
[0.24717119 0.21401178 0.04058223 0.47066322 0.68174495]
[0.0282376  0.03874422 0.07392176 0.15806423 0.77725038]
[0.06993172 0.33507597 0.15943905 0.0427379  0.77922698]
[0.08131021 0.58700254 0.32258891 0.07524474 0.74024321]
[0.09388113 0.55983523 0.30932149 0.07984888 0.7225331 ]
[0.03096737 0.26688606 0.0755076  0.25190065 0.73737164]
[0.12403178 0.06110507 0.07383291 0.26093144 0.76566378]
[0.11847615 0.07258561 0.0831875  0.09733813 0.81245144]
[0.06586804 0.23809805 0.43798742 0.37401558 0.57328513]
[0.5161633  0.47819235 0.25285655 0.49512891 0.33292836]
[0.07896043 0.96250177 0.22728303 0.08250454 0.33779727]
[0.02910486 0.24347008 0.12933206 0.93004856 0.43279383]
[0.06414799 0.24609103 0.44730897 0.37204954 0.5873919 ]
[0.128593   0.14558245 0.03800972 0.65008909 0.67424005]
[0.64039339 0.0817082  0.44937418 0.13882585 0.59926271]
[0.31774305 0.04909399 0.63068383 0.35591106 0.6069702 ]
[0.20224237 0.35635007 0.27669602 0.24602232 0.61462851]
[0.20092346 0.35498902 0.27542365 0.24872045 0.61401991]
[0.20538056 0.02359014 0.14071614 0.2673859  0.6740101 ]
[0.43034441 0.33127384 0.28351985 0.22364835 0.65311175]
[0.14505949 0.06959604 0.07794259 0.465931   0.61401282]
[0.59206143 0.1590941  0.15549939 0.38514968 0.60884902]
[0.59929818 0.08907676 0.41051592 0.35157755 0.58732127]
[0.30074254 0.34096901 0.31147906 0.00346319 0.9605278 ]
[0.05293248 0.04863135 0.24208146 0.18465903 0.77458265]
[0.17981794 0.24618961 0.83072125 0.25091418 0.45586982]
[0.09971946 0.06791429 0.26733955 0.12283391 0.77685368]
[0.03590275 0.00226835 0.26734689 0.01155514 0.86292375]
[0.43837488 0.02582373 0.01750482 1.0448103  0.43520081]
[0.27681521 0.0484212  0.64796073 0.48996013 0.6195628 ]
[0.7047316  0.94182142 0.29010978 0.35998991 0.26348435]
[0.12739225 0.08710893 0.3357712  0.33161785 0.68412223]
[0.2140992  0.54154137 0.32192142 0.08318846 0.75197622]
[0.1214026  0.11333053 0.25436259 0.00425174 0.787753  ]
[0.01048647 0.07542514 0.32545313 0.08792411 0.74123761]
[0.63392263 0.71978771 0.24978957 0.3654743  0.26731292]
[0.55266329 0.04381384 0.89920053 0.65610777 0.13588971]
[0.43271845 0.60417445 0.64266594 0.2538976  0.33812315]
[0.62795235 0.86094037 0.19048798 0.39690331 0.42094925]
[0.07282571 0.06387723 0.21199492 0.20808239 0.76359419]
[0.11245785 0.35636311 0.0436763  0.50666278 0.73368335]
[0.22606533 0.25110403 0.91545546 0.34119016 0.04642115]
[0.42345422 0.16653216 0.62288058 0.38493819 0.61443971]
[0.71231542 0.3438219  0.38259403 0.09203156 0.34577635]
[0.41874742 0.36871204 0.20410266 0.0949227  0.76737221]
[0.20669421 0.48633526 0.00387701 0.09303836 0.84440215]
[0.07130311 0.29283915 0.33134828 0.83195536 0.46843563]
[0.25587611 0.22156523 0.04201241 0.4873034  0.70575259]
[0.52791889 0.20449221 0.28661596 0.62334807 0.55707584]
[0.37387824 0.2706695  0.01772281 1.05780731 0.38139939]
[0.31543828 0.24454169 0.99278744 0.21233531 0.15392123]
[0.20267181 0.47698203 0.01840716 0.09128693 0.82837502]
[0.25055695 0.93887157 0.37161504 0.22951273 0.37029364]
[0.09174453 0.03284419 0.21444562 0.21141272 0.77569768]
[0.62324483 0.73805471 0.23995163 0.36585574 0.2675907 ]
[0.0625262  0.4660078  0.27176071 0.81354686 0.2344982 ]
[0.19431637 0.17120912 0.0548139  0.20534152 0.76738124]
[0.0737594  0.46967244 0.5176269  0.45515285 0.57571191]
[0.05519106 0.19582136 0.21383154 0.18245783 0.73267231]
[0.30635011 0.46725377 0.88254667 0.4743813  0.12258997]
[0.06221418 0.00773778 0.14609594 0.31433026 0.778598  ]
[0.55231031 0.52120516 0.27259414 0.52912951 0.35782027]
[0.05778507 0.0504686  0.30456596 0.07964773 0.8110951 ]
[0.09171054 0.21572276 0.33856647 0.08223677 0.74810081]
