[0.20217641 0.12705263 0.18308394 0.44971695 0.36885051]
[0.04085388 0.1022745  0.01517104 0.05733289 0.57393931]
[0.01526083 0.009154   0.01142437 0.03485968 0.63820268]
[0.04120382 0.10315213 0.01514936 0.05806329 0.57933526]
[0.00872    0.53852241 0.02746955 1.27893581 0.00200972]
[0.59717189 0.09452953 0.25228258 0.2869741  0.40153646]
[0.62598359 0.29609963 0.73244488 0.00491301 0.15014697]
[0.21805826 0.30685492 0.40830208 0.37213588 0.3416556 ]
[0.00797434 0.00205479 0.40877188 0.40649398 0.53484881]
[0.10461824 0.61825614 0.39544793 0.10607222 0.32367302]
[0.03819142 0.00368397 0.77707346 0.00924932 0.19546623]
[0.44330958 0.8814387  0.00753851 0.20001035 0.1160144 ]
[ 7.84910631e-04 -1.97398286e-04  1.06647610e-03 -1.52342175e-03
  7.21188299e-01]
[0.01202012 0.00076077 0.30125275 0.00122008 0.60347799]
[0.00175397 0.62089176 0.13212651 0.59111155 0.18879845]
[0.01874713 0.05409581 0.81028454 0.20102585 0.01371562]
[0.33971232 0.21382661 0.30756407 0.4685998  0.19110572]
[1.05644083e+00 7.97891426e-01 3.43113491e-04 1.79203813e-01
 1.69960281e-01]
[0.0101184  0.02519191 0.00376379 0.01276781 0.66446528]
[0.05224204 0.120719   0.01816133 0.06901516 0.56686656]
[0.43777213 0.14924875 0.11144478 0.47945566 0.19422781]
[0.01902893 0.00171127 0.01393139 1.07964008 0.00570375]
[0.07643908 0.74898954 0.20127858 0.0646152  0.37117115]
[0.34180881 0.2962067  0.89928522 0.0556989  0.00963645]
[0.49784575 0.06338915 0.07778296 0.5089631  0.34914358]
[0.00674947 0.05042874 0.04748776 0.30456111 0.56131106]
[0.32763728 0.96436155 0.05906    0.11815875 0.01325337]
[0.24660106 0.15220194 0.22449676 0.54879813 0.25630988]
[0.48405065 0.06161632 0.38496537 0.04346458 0.41690024]
[0.62805367 0.04388311 0.05061005 0.1399939  0.50631898]
[0.07197799 0.14221584 0.02213243 0.07797455 0.55932745]
[0.01471245 0.01126976 0.0146556  0.3946602  0.59411507]
[0.10362867 0.61241192 0.43511593 0.09643555 0.3332807 ]
[0.34249653 0.21558323 0.27825568 0.22190562 0.35590246]
[2.83616405e-03 1.68533892e-02 7.24134220e-05 3.45420226e-01
 6.38591646e-01]
[ 9.70727842e-04 -9.93558730e-05  1.27477416e-03 -2.12947821e-03
  7.92507797e-01]
[0.05456677 0.03344886 0.18643198 0.3961829  0.50677663]
[0.00923555 0.00342363 0.01387493 0.20892951 0.61871539]
[0.46582416 0.09662131 0.3303155  0.10147652 0.44039006]
[0.13725584 0.10775345 0.25297559 0.0064042  0.58012065]
[0.08395536 0.60452646 0.36576608 0.49294524 0.18593156]
[-9.12118724e-06 -3.40876762e-04  9.22878212e-02  6.25272289e-01
  6.18625344e-01]
[0.25016186 0.58733552 0.01921181 0.38181911 0.35050518]
[ 1.24733935e-03 -4.40462173e-04  1.26116697e-03  8.41308345e-01
  4.48537307e-01]
[0.3226199  0.20304268 0.29209417 0.33307594 0.38930749]
[0.39666924 0.03091193 0.03196559 0.2063163  0.51021066]
[1.01667022e+00 7.82936926e-01 3.30480304e-04 1.70847466e-01
 1.75082993e-01]
[0.17813179 0.00975415 0.6503539  0.08414835 0.26645051]
[0.38941321 0.77658266 0.00989515 0.27205315 0.1578352 ]
[0.00335867 0.0126342  0.00882222 1.08353528 0.00572492]
[0.05430181 0.12993338 0.81318955 0.1473487  0.06772666]
[0.30700153 0.23618832 0.20227545 0.16197829 0.45263034]
[1.07978262e-03 4.01311245e-04 2.13108523e-02 5.00236043e-01
 5.19260370e-01]
[0.73724353 0.01118782 0.54392745 0.02120274 0.13569473]
[0.14858294 0.1172857  0.59817614 0.55051274 0.09555357]
[0.00892679 0.00556175 0.5187429  0.52925643 0.11555065]
[0.35788606 0.21652141 0.0220635  0.26969087 0.52951969]
[0.40260266 0.2446278  0.42938915 0.28511879 0.33340925]
[0.02220321 0.00291772 0.64506736 0.68625127 0.03540603]
[0.27008968 0.29940513 0.05806504 0.10403671 0.46334485]
[0.00757095 0.148461   0.65724014 0.43967918 0.13307186]
[0.07714588 0.08409336 0.32186506 0.56319642 0.28637517]
[-3.17359024e-05 -4.26596673e-04  1.31330349e-02  8.72889809e-01
  3.01948113e-01]
[0.01487397 0.9202187  0.00524905 0.33673619 0.22081985]
[0.26290175 0.11440474 0.22501099 0.55005983 0.2554414 ]
[0.08847125 0.09144087 0.02504922 0.44304145 0.46324076]
[0.03384418 0.20027393 0.72914086 0.11899013 0.08590224]
[0.07691708 0.60865634 0.36750234 0.49529507 0.18681597]
[0.71184706 0.05846977 0.52759026 0.00998628 0.24278202]
[0.28311827 0.360059   0.05036985 0.41920623 0.37582644]
[0.00381686 0.00633178 0.00128443 0.50352278 0.62977071]
[0.00566675 0.01355327 0.61983436 0.43959227 0.18327357]
[0.24470293 0.59700648 0.442325   0.08824754 0.09072506]
[0.06137202 0.05101835 0.11570536 0.67184762 0.0105815 ]
[0.03665413 0.02230106 0.22759733 0.16620729 0.5522215 ]
[0.2185078  0.14608763 0.46696626 0.24718178 0.2893251 ]
[0.11054121 0.01424955 0.40213452 0.19548646 0.47290489]
[0.22129329 0.24523604 0.78884261 0.08487503 0.03060545]
[0.17562763 0.10942888 0.14691132 0.44071881 0.46504414]
[0.54366699 0.35187239 0.0171666  0.67797915 0.00444579]
[0.0584101  0.01053527 0.34839598 0.65922438 0.18172968]
[ 2.00926022e-01  4.07620643e-01  3.41527887e-03  1.10541847e+00
 -2.85432386e-04]
[0.11706986 0.69179377 0.44087769 0.03420414 0.11528043]
[0.42396652 0.26698417 0.34442475 0.06027453 0.41937514]
[0.28946433 0.7276212  0.07383299 0.01384604 0.28992557]
[0.7963079  0.40045698 0.05669661 0.08015474 0.01536222]
[0.25024283 0.15445711 0.2247601  0.5537384  0.24175515]
[0.10176885 0.60242464 0.20289099 0.36177098 0.3180979 ]
[0.00884384 0.00233946 0.68266476 0.31036974 0.10143172]
[ 5.56314711e-04 -4.86259817e-04  1.60725184e-03  5.29378248e-02
  7.23018831e-01]
[0.0027384  0.93882498 0.19974453 0.15485093 0.19465716]
[0.42236215 0.00650129 0.10764987 0.30903939 0.44576241]
[-1.38274866e-04 -2.97277205e-04  3.26691593e-04 -2.10491523e-03
  7.50259117e-01]
[0.05779531 0.05168462 0.14262773 0.14336133 0.54014385]
[0.0071381  0.0177459  0.00116888 0.11058199 0.67643833]
[0.64631713 0.08439152 0.52005722 0.0590663  0.09684839]
[0.02225489 0.05408426 0.09997353 0.01289085 0.6221182 ]
[0.20578337 0.15181338 0.55554539 0.4476908  0.12976728]
[0.03897074 0.03571886 0.82712005 0.11655208 0.09996286]
[0.79643311 0.05676486 0.05182106 0.1776162  0.16465312]
[0.04145303 0.11075886 0.38628675 0.26254758 0.49120947]
[ 1.03429149e-03 -4.14760069e-04  2.21811032e-02  6.27873620e-01
  5.83709889e-01]
[0.0959108  0.64497059 0.41280118 0.10760837 0.11361882]
[0.06004194 0.08586714 0.00115563 0.68577413 0.39728309]
[0.3055137  0.08109937 0.24831927 0.61039173 0.15640492]
[3.96682928e-04 4.93712679e-03 1.45249752e-03 9.24124449e-01
 1.50113506e-01]
[0.22026779 0.55223299 0.08175921 0.31526077 0.27889409]
[0.0181884  0.01098144 0.00299785 0.43428619 0.53012941]
[ 3.87568330e-02  3.18833865e-02  9.98297129e-01 -1.45122501e-05
  3.44037990e-02]
[0.16861421 0.07713178 0.7600928  0.00355504 0.20183443]
[0.06526481 0.03149205 0.21892059 0.28996615 0.52592404]
[-1.54373282e-04  3.70215291e-04  8.19903427e-01  1.19829323e-01
  2.22353219e-01]
[0.01430903 0.02615443 0.38347806 0.64880627 0.18730949]
[0.61188456 0.09009713 0.18583796 0.06080614 0.48554978]
[0.29330142 0.12213014 0.57467015 0.16977376 0.11349857]
[5.15315997e-04 7.86497753e-05 1.92629763e-02 8.32874965e-01
 2.90169170e-01]
[0.01335593 0.01648429 0.56462246 0.01725941 0.4985389 ]
[0.00299881 0.00326932 0.10021227 0.6127606  0.47509445]
[0.05272889 0.30667923 0.00218402 0.14179896 0.54656403]
[0.04364176 0.00200805 0.08212862 0.06842804 0.63528197]
[0.05844669 0.02856617 0.48085749 0.45507829 0.17909004]
[0.05623517 0.16876696 0.57851086 0.39423912 0.19363663]
[0.60466125 0.00292704 0.65768309 0.00773565 0.1381213 ]
[0.0212786  0.02911056 0.02329273 0.88440788 0.00527656]
[0.27513974 0.70651832 0.05359417 0.02678695 0.28000245]
[0.44546295 0.26772928 0.08594167 0.49930852 0.24603687]
[0.21818265 0.30703017 0.40853484 0.37234922 0.34144422]
[0.12772069 0.07900166 0.50716818 0.13713936 0.39454689]
[ 8.78026875e-04 -4.42288016e-04  7.85168880e-04  1.35817604e-01
  7.39322639e-01]
[0.01419516 0.02379754 0.00115861 0.56047111 0.57472723]
[0.3035892  0.20316415 0.64867074 0.01015429 0.36115007]
[0.02092365 0.12412142 0.42400237 0.62939816 0.07272536]
[ 8.76918059e-04  1.67059116e-03 -4.27323000e-05 -5.03736998e-04
  9.25168897e-01]
[0.06215554 0.3514337  0.57031924 0.09216029 0.33491881]
[0.18766779 0.12348563 0.6787102  0.0166736  0.10919649]
[4.89211071e-01 1.32864132e+00 3.44300244e-04 1.27722850e-01
 3.30507724e-01]
[0.60532146 0.25682076 0.00324959 0.55034857 0.10664104]
[0.1406488  0.15343857 0.31287369 0.33474439 0.46224892]
[0.45637335 0.05805946 0.36295823 0.02846396 0.4922296 ]
[0.07995749 0.00404661 0.29223481 0.03663166 0.56987975]
[0.00544889 0.03613474 0.10330651 0.43507789 0.48720701]
[0.39885476 0.97613647 0.00192473 0.06245525 0.11396646]
[0.35331967 0.74041846 0.04808516 0.80701972 0.00411332]
[0.24511748 0.15284616 0.20790498 0.00197199 0.6080398 ]
[0.68219889 0.84419777 0.15671548 0.26450734 0.01207293]
[0.18326825 0.25783858 0.34320183 0.48198248 0.34644231]
[0.02730947 0.04574298 0.79422129 0.32964425 0.01441743]
[0.02473169 0.03100723 0.81326672 0.00372531 0.23505268]
[0.35628678 0.21681546 0.01005013 0.27048321 0.52844697]
[0.05190589 0.60067231 0.14162679 0.05596135 0.54992815]
[0.02631598 0.19427718 0.2517408  0.01998659 0.5368524 ]
[0.16992911 0.30925637 0.6175848  0.33102228 0.08405696]
[0.21939988 0.1734131  0.7983226  0.10554636 0.02853084]
[0.44048031 0.61000687 0.44295214 0.54966145 0.00579661]
[6.32099003e-03 3.70966717e-02 1.25936111e-04 7.38976465e-01
 3.06951681e-01]
[0.01457572 0.02050325 0.07403242 0.64518208 0.28796945]
[0.17029634 0.24583904 0.62116906 0.24901832 0.07060582]
[0.02040109 0.0018773  0.01044274 1.047554   0.00552246]
[0.08028246 0.42286611 0.65905096 0.09880485 0.19923185]
[0.13213462 0.6366201  0.42853477 0.00770782 0.28258246]
[0.01673111 0.01694515 0.52584177 0.55938556 0.02921616]
[0.28801989 0.39619988 0.49413848 0.46047446 0.12208735]
[0.74506146 0.57287511 0.00236934 0.12692494 0.21828899]
[0.02377993 0.05922031 0.00871795 0.00515472 0.58558232]
[0.29296214 0.14542524 0.43525051 0.49436476 0.19415046]
[0.01176792 0.08956471 0.08327313 0.64556163 0.14933236]
[0.17435539 0.35368139 0.00461618 0.95913255 0.00448263]
[ 2.15935913e-06 -3.09508047e-04  3.21895239e-03  8.52459468e-01
  7.15937538e-03]
[0.1749393  0.46324374 0.00597005 0.6519871  0.25932173]
[0.93861271 0.25058271 0.04655844 0.01079093 0.51374692]
[0.00685861 0.06816522 0.85534568 0.11302638 0.04264151]
[6.42149822e-01 5.95586840e-01 1.25562644e-05 3.38289985e-01
 9.99727586e-02]
[0.77659812 0.26519237 0.21092586 0.01247837 0.51389231]
[0.06773634 0.04340169 0.27189465 0.33495387 0.50314522]
[0.08403489 0.01547987 0.16772607 0.32201489 0.50329489]
[0.00903112 0.01167507 0.85128766 0.1141761  0.30199187]
[-1.46424983e-04  6.42888655e-03  3.20924029e-01  1.77549255e-01
  6.10927006e-01]
[0.2452547  0.51424784 0.03633943 0.0622063  0.42513866]
[0.06162495 0.5573596  0.1872098  0.58410918 0.00560602]
[0.55717419 0.57075609 0.00790836 0.28529009 0.03876326]
[0.02710226 0.24462362 0.2403134  0.66154153 0.00382397]
[0.02155937 0.70816269 0.09210017 0.37179021 0.00662536]
[ 7.10298069e-02 -1.00205107e-04  6.59301629e-01  1.95070665e-01
  2.72375237e-02]
[0.00118222 0.00064543 0.0037896  0.44389245 0.47760241]
[-6.60787634e-05  1.57293866e-03  2.68236037e-03 -1.94266609e-03
  6.75823489e-01]
[0.07438284 0.04577647 0.46083901 0.32489757 0.36765938]
[0.797595   0.31414553 0.03298678 0.07664167 0.3922632 ]
[0.32069323 0.38287716 0.06866733 0.40087638 0.38614577]
[0.04360932 0.02857112 0.79177531 0.19638503 0.01339302]
[0.14148982 0.85523293 0.05005901 0.30226269 0.10037496]
[0.01080772 0.00062426 0.27128648 0.12614351 0.59752909]
[0.08038905 0.05112949 0.29049663 0.48100323 0.46458769]
[0.40575081 0.14491308 0.28714831 0.47726864 0.20994133]
[0.01350786 0.0100073  0.70127152 0.1510194  0.17422034]
[0.7941423  0.35499531 0.13526238 0.00343329 0.36340197]
[0.02449553 0.00637976 0.46632004 0.46727867 0.2950686 ]
[0.10579312 0.62519486 0.39988229 0.1035745  0.31879525]
[0.00456903 0.03869834 0.02694563 0.60893961 0.40582693]
[0.05070475 0.48953342 0.02220931 0.64224644 0.1615782 ]
[0.16577484 0.14910323 0.40841922 0.41442326 0.25265059]
[0.25458372 0.33408795 0.0990297  0.60638845 0.16226002]
[0.26222616 0.25036166 0.05233172 0.20250973 0.48093248]
[0.00190557 0.00156527 0.72664702 0.13286833 0.15171487]
[0.00922652 0.07246661 0.2201315  0.39823253 0.49869306]
[0.07595623 0.1025305  0.65507598 0.482113   0.10632844]
[0.07588341 0.70994234 0.37568838 0.06819488 0.28922529]
[0.00049743 0.19537452 0.18382891 0.3806525  0.46864342]
[0.16026907 0.22051516 0.51126322 0.02562961 0.50240009]
[0.0182777  0.48441938 0.32010518 0.53322445 0.08408815]
[0.24476276 0.15106356 0.21984022 0.57142658 0.24704926]
[0.18941157 0.12981895 0.49971893 0.23613272 0.38290955]
[0.54195795 0.00302791 0.5988534  0.01783193 0.06336471]
[0.85064942 0.13732418 0.00904434 0.31957569 0.15238513]
[0.33878122 0.35536161 0.17502177 0.18748644 0.42078631]
[0.10327324 0.06413538 0.00797829 0.69328034 0.36841004]
[0.00975539 0.03629483 0.97583732 0.03866526 0.03704681]
[0.08534754 0.83615616 0.19792005 0.07164495 0.20805508]
[0.25379834 0.61972205 0.00826494 0.39987649 0.32641856]
[0.62023939 0.00151787 0.67461795 0.00799019 0.03093433]
[2.87489223e-03 1.73038739e-02 1.61798149e-05 3.54213374e-01
 6.49736417e-01]
[0.00140871 0.00331274 0.00156888 0.13840767 0.61892557]
[0.26626066 0.3495058  0.09814069 0.63192566 0.16909737]
[ 8.12779586e-04 -1.85309944e-04  1.09954398e-03 -1.66613251e-03
  7.17640316e-01]
[0.39085259 0.03044988 0.02991393 0.21232431 0.50790779]
[2.41069756e-04 9.00266958e-05 1.69182712e-02 3.47547946e-01
 6.52189634e-01]
[1.51127790e-03 3.01215604e-03 3.67216124e-02 1.04282445e+00
 4.83390405e-04]
[0.22288064 0.14902114 0.47847876 0.56419461 0.02433993]
[ 1.93662454e-02 -4.87960954e-04  4.97981245e-01  6.50784881e-02
  4.34084094e-01]
[0.0258521  0.02122339 0.91794943 0.0375402  0.03156879]
[ 1.59510352e-03 -1.73439871e-04  4.11581465e-01  6.50847214e-01
  2.81214387e-01]
[0.00938473 0.00536643 0.01147261 0.64905695 0.23022958]
[0.00356116 0.00878812 0.046816   0.28936457 0.56407658]
[0.20040397 0.12554166 0.02985265 0.33986013 0.49206156]
[0.72256294 0.06745058 0.00512807 0.43816888 0.13600324]
[0.17877766 0.15801482 0.63094816 0.45819059 0.1196486 ]
[-1.44199659e-04 -4.28725072e-04  5.22780999e-03  7.63634070e-01
  3.70547088e-01]
[0.10435318 0.0749444  0.39630683 0.55400498 0.29818601]
[0.02981064 0.00273695 0.80434619 0.00912553 0.19977199]
[0.6838705  0.26848061 0.41432697 0.00361032 0.00810037]
[0.26203698 0.08911355 0.07652771 0.44634957 0.36116919]
[0.10603991 0.37723701 0.02554359 0.57313938 0.37890021]
[0.01513739 0.00977637 0.6641199  0.09680894 0.10541988]
[0.28220573 0.03567688 0.61274255 0.03101168 0.3393036 ]
[0.12521996 0.01621995 0.45545896 0.18546498 0.52117415]
[5.90460927e-04 7.24716782e-04 2.36240576e-03 7.11255522e-01
 5.90908683e-03]
[3.05688291e-02 7.21126749e-01 1.52128116e-04 6.23085758e-01
 9.70955832e-02]
[0.2334515  0.14686443 0.67974912 0.12096143 0.02256368]
[0.21540675 0.27269343 0.495673   0.04489036 0.40713101]
[0.02467859 0.00990703 0.80050909 0.22955531 0.01900847]
[0.47130181 0.27882775 0.41668456 0.06284147 0.36586686]
[0.0053979  0.01489182 0.40225392 0.25206823 0.49607967]
[0.28271563 0.69035424 0.00988443 0.33744726 0.10629732]
[0.44193295 0.30355142 0.29430238 0.26543262 0.30960296]
[5.57542053e-01 1.12360125e+00 3.02428626e-04 2.34653231e-01
 1.39884868e-01]
[0.31864227 0.80098374 0.08127649 0.01545754 0.04241996]
[0.36317701 0.2294042  0.01133954 0.61135855 0.25203305]
[0.24425709 0.07494614 0.78524149 0.23465381 0.00926229]
[0.04812023 0.57959463 0.70212103 0.01811019 0.02550298]
[0.19749161 0.72817844 0.71937584 0.3777852  0.00370643]
[0.2990399  0.09734864 0.2443799  0.3748803  0.36999962]
[0.15135319 0.11948132 0.57946408 0.54331458 0.10393335]
[0.41521676 0.00638101 0.11631123 0.30602342 0.44196093]
[0.1131423  0.98497176 0.02412659 0.20513793 0.37812297]
[6.32158298e-04 7.49568312e-03 2.14662254e-03 9.23495944e-01
 1.50052446e-01]
[0.79799204 0.71650677 0.01571571 0.00107414 0.32759674]
[0.5164959  0.19326866 0.58702901 0.00648608 0.37320361]
[4.60609431e-04 5.56262873e-03 1.62241190e-03 6.54193020e-01
 5.07644231e-01]
[0.48531131 0.38416657 0.0870477  0.62334835 0.09581358]
[4.68891387e-02 1.11752137e-01 5.63664080e-04 2.60328240e-02
 6.29531616e-01]
[0.32746676 0.96385961 0.05902925 0.12051301 0.01325155]
[0.19441709 0.02264195 0.0320111  0.31840719 0.49770779]
[0.05878719 0.36834319 0.01914085 0.51207591 0.40618992]
[0.00607139 0.05210501 0.59829204 0.23237422 0.32218672]
[0.05594008 0.18333637 0.33528853 0.60204028 0.07093878]
[0.30258005 0.56289693 0.63492444 0.00739358 0.21241178]
[0.00176112 0.01363507 0.01315079 0.51505905 0.44476651]
[0.15452925 0.28003137 0.56507268 0.43636022 0.08324286]
[0.64968989 0.08267633 0.04303494 0.34355666 0.33753279]
[0.01366938 0.01206144 0.85860646 0.19823499 0.09911443]
[0.44361788 0.60350224 0.52170953 0.00811848 0.0025649 ]
[0.01348497 0.01149289 0.60756218 0.47987656 0.16969739]
[0.37711616 0.22952069 0.02680791 0.2869733  0.50652936]
[0.70391527 0.05010112 0.14390257 0.16017668 0.16067068]
[0.04497107 0.06422188 0.00085266 0.32520505 0.61710162]
[0.04628517 0.11619219 0.5197952  0.39061896 0.28827738]
[0.91267242 0.00907234 0.05887837 0.02281916 0.01333466]
[0.45760763 0.29711778 0.28242441 0.25571429 0.25277807]
[1.07214597e-04 1.15294802e-04 1.53107517e-03 5.04130174e-02
 6.89862761e-01]
[0.06374092 0.42849981 0.20964851 0.16795926 0.46913936]
[0.18421343 0.25770822 0.31109809 0.64551193 0.07925249]
[0.63122661 0.11684491 0.00166501 0.08911325 0.3938736 ]
[4.59230899e-05 6.28752288e-02 2.95418460e-01 1.64621466e-01
 5.69962004e-01]
[0.53810178 0.74126595 0.05833661 0.03704184 0.08983098]
[0.80794849 0.05759428 0.05257095 0.19069778 0.13204646]
[0.04817263 0.12385621 0.00674324 0.58885755 0.3853671 ]
[0.53688674 0.12025329 0.51485692 0.33597614 0.2830833 ]
[-6.23687802e-05  2.71274748e-02  6.93702817e-01  8.77497957e-03
  3.19053506e-01]
[0.59621671 0.20769119 0.00440663 0.58247386 0.36901781]
[0.05892805 0.02877819 0.48473267 0.45704811 0.12552034]
[0.02489181 0.00450537 0.26164461 0.49386236 0.3086387 ]
[0.10147332 0.88575384 0.19177649 0.07426543 0.28916831]
[0.195569   0.2769351  0.3676497  0.51646403 0.30362001]
[0.01736233 0.02109992 0.56471548 0.04085382 0.39735403]
[0.35144497 0.04868722 0.89976789 0.09879526 0.03311837]
[0.13614464 0.23100843 0.01058107 0.42267533 0.49383908]
[-1.19526383e-05 -3.41294812e-04  3.35943367e-04 -2.11697394e-03
  7.66721983e-01]
[0.44726464 0.90769619 0.01192032 0.53648267 0.00448533]
[0.06834068 1.09084342 0.05027126 0.02078894 0.1382752 ]
[0.08143732 0.47002132 0.75865691 0.1078801  0.02915793]
[0.60318878 0.61792844 0.0085658  0.08413248 0.07189454]
[0.13549513 0.76557499 0.48866589 0.03798646 0.01103182]
[0.65521085 0.83242515 0.00371824 0.06206177 0.11803284]
[0.04543844 0.13634579 0.47091353 0.53987827 0.25883239]
[0.00475167 0.29444341 0.761913   0.01478343 0.12412723]
[0.02999551 0.00510772 0.52809848 0.01503403 0.50118579]
[0.02044948 0.01237691 0.5807214  0.32197355 0.32658725]
[0.08900667 0.44420515 0.28622183 0.06911042 0.51410852]
[0.04393646 0.05461987 0.08135616 0.6811521  0.01063058]
[0.26509569 0.09607964 0.85738763 0.01468437 0.09264557]
[0.00202184 0.01643706 0.00359541 0.67429067 0.37818158]
[0.00530876 0.00284514 0.43946565 0.33936769 0.38653558]
[0.32816468 0.25250307 0.21621535 0.05388518 0.45225259]
[8.47543080e-01 1.42582963e-01 5.18853851e-01 2.71176681e-01
 6.45032264e-05]
[-3.07997317e-05  3.51789148e-03  6.72380398e-02  4.01078126e-01
  5.45762985e-01]
[ 2.02963967e-01  4.11757739e-01  5.12637639e-03  1.05316265e+00
 -3.87381463e-04]
[7.89661498e-03 3.49596121e-04 2.71663752e-01 1.26614370e-01
 5.98442481e-01]
[0.3390712  0.47906324 0.50262134 0.00578788 0.33188129]
[0.10043701 0.06459648 0.40688228 0.5019548  0.26595646]
[0.16767143 0.10332461 0.15586453 0.58132212 0.24636841]
[1.66508212e-03 1.38952584e-02 4.24072832e-04 8.81963224e-01
 1.48761670e-01]
[0.54420188 0.33644057 0.02074922 0.42682758 0.01614965]
[0.09868202 0.81929459 0.44496152 0.00731434 0.12087736]
[0.24813023 0.04949184 0.15420662 0.55556889 0.37072145]
[0.48865586 0.19014474 0.69158337 0.00576879 0.04146184]
[0.27345061 0.17512794 0.05737705 0.47007969 0.46246978]
[0.63066581 0.68460488 0.3244328  0.0106035  0.21794452]
[0.05012962 0.02146998 0.23241137 0.91540541 0.00197136]
[-3.19517841e-05  3.49364439e-02  8.89004835e-01  1.50917531e-02
  1.20111590e-01]
[0.4022418  0.51172189 0.07157354 0.08767777 0.37426279]
[0.23033983 0.3329977  0.60016938 0.25816742 0.02340712]
[0.46820178 0.16676697 0.33438285 0.57921333 0.00833115]
[0.11645027 0.12884935 0.65397232 0.10806328 0.02327482]
[0.28294362 0.60310567 0.39605742 0.09442076 0.06985313]
[0.26525328 0.70957465 0.01028194 0.4128606  0.08976395]
[0.0130297  0.01387256 0.39198486 0.35991105 0.49957111]
[0.03378964 0.39481263 0.10696813 0.57930259 0.25237641]
[0.02210104 0.00289639 0.43932595 0.4795488  0.32445571]
[0.0066648  0.00435638 0.0124446  0.68927453 0.33114354]
[0.04382331 0.02828995 0.79268765 0.1908153  0.00645539]
[0.14677861 0.67188125 0.25110583 0.10690673 0.28511032]
[0.25343754 0.69048649 0.06506931 0.71681373 0.00086723]
[1.51114051e-02 3.71983995e-03 2.88888376e-01 8.40989872e-01
 7.68168230e-04]
[0.33497873 0.14591717 0.03097629 0.53228034 0.24720384]
[ 2.82095654e-03 -3.67974401e-04  3.09634603e-01  1.31154519e-03
  6.19865724e-01]
[0.06387506 0.04170058 0.22548546 0.67761129 0.10912082]
[0.00279503 0.95711388 0.21481872 0.15217428 0.18765342]
[0.00998367 0.07835483 0.21630501 0.39414122 0.49299074]
[0.19607044 0.13316861 0.625598   0.28365231 0.19494625]
[3.13464355e-05 1.18726741e-02 8.53511335e-01 1.43997530e-02
 2.26597955e-01]
[0.03609564 0.32549184 0.17775545 0.67878225 0.0087463 ]
[0.04752489 0.11260732 0.00584586 0.07204272 0.5784331 ]
[0.48026564 0.30250434 0.39108373 0.00285851 0.45011011]
[1.10074301e-02 1.51029993e-02 3.80146148e-04 7.79370369e-01
 5.01032526e-02]
[0.01269032 0.02637085 0.09076114 0.05804605 0.57916925]
[0.01301757 0.00466169 0.50829216 0.54330917 0.18149529]
[0.0154272  0.4094751  0.39403353 0.54130968 0.06754094]
[0.29215158 0.05062496 0.89140678 0.26038569 0.00376667]
[1.68622928e-02 2.10481831e-02 5.56720358e-01 4.62310462e-04
 5.03921500e-01]
[0.00912614 0.00581911 0.26811917 0.12464597 0.59674789]
[0.15128803 0.62851584 0.42686063 0.00785994 0.28147815]
[0.08291337 0.61107982 0.5843886  0.05834154 0.34812438]
[0.09252724 0.05192434 0.39702547 0.59046564 0.1840606 ]
[ 8.89243136e-04 -6.09281912e-04  1.55122997e-04  9.94390585e-01
  1.56471508e-01]
[0.08392281 0.0519436  0.5094777  0.23989054 0.36995356]
[0.1828155  0.44634223 0.00555163 0.28750818 0.52447413]
[0.77934689 0.09583806 0.56795087 0.16677577 0.00497017]
[0.00704447 0.00086134 0.07415673 0.62515409 0.2775859 ]
[0.00106667 0.00851286 0.00844448 0.6369627  0.35707167]
[0.25356293 0.15726525 0.00705757 0.00269439 0.55994258]
[0.01819602 0.02986788 0.93465052 0.09355351 0.00734117]
[0.82866005 0.13939327 0.50723702 0.26507905 0.00282265]
[0.74772251 0.66135907 0.03710362 0.00427952 0.31139233]
[0.22997082 0.40360785 0.02610586 0.65800634 0.07005211]
[0.28486006 0.11859962 0.55813888 0.15006599 0.1391599 ]
[0.23716361 0.02357351 0.03098343 0.36082844 0.51893869]
[0.66250012 0.45225719 0.01586102 0.69730937 0.02927343]
[0.01250795 0.05923465 0.38284407 0.64975343 0.1949098 ]
[0.14483588 0.81617023 0.21887325 0.07152465 0.20771526]
[0.02840131 0.03094499 0.87871668 0.11665908 0.0304985 ]
[0.27052339 0.78220653 0.05804976 0.17012125 0.09026175]
[-1.18557307e-04 -1.05986437e-04  1.02144907e-02  3.68149723e-01
  6.90009945e-01]
[0.24001149 0.03699252 0.4763152  0.4617942  0.34877767]
[0.10779116 0.06659534 0.4281266  0.11543354 0.53036786]
[0.08197904 0.00987541 1.00469798 0.2846532  0.00571474]
[0.16489513 0.12610861 0.59760262 0.08980245 0.32653542]
[0.70128013 0.11111131 0.27914499 0.33406084 0.1294772 ]
[0.44047175 0.5775531  0.22603644 0.26850641 0.00697259]
[0.07429654 0.02679488 0.05049739 0.51826957 0.40244664]
[0.08545665 0.83722379 0.11026189 0.09163755 0.3755927 ]
[0.22972303 0.01267766 0.62121141 0.08216458 0.32416855]
[0.2066525  0.53060985 0.04024823 0.42482937 0.27548787]
[0.05359344 0.12902063 0.80661814 0.14907235 0.06712622]
[0.15275005 0.01621815 0.55419785 0.27663851 0.28792899]
[6.47571842e-02 5.85007907e-02 9.09916896e-01 4.81654043e-04
 7.83083547e-03]
[0.27476449 0.00123405 0.30367541 0.04181451 0.48377794]
[0.0382808  0.00775964 0.12173634 0.62400729 0.29001681]
[0.1234144  0.17805989 0.6667057  0.25660604 0.104106  ]
[0.00217293 0.00430154 0.28415102 0.78029907 0.13734888]
[0.66223135 0.6867479  0.45555521 0.0463165  0.01616614]
[0.78787787 0.38848632 0.1022163  0.04008605 0.15056441]
[0.17531035 0.15390753 0.42788008 0.457334   0.26346786]
[0.00339127 0.0295714  0.7462105  0.20746513 0.21009693]
[0.10803729 0.11951007 0.60862795 0.08774738 0.43082938]
[0.32763132 0.89898207 0.52187765 0.00481908 0.2466405 ]
[0.01572222 0.19033636 0.22754335 0.77746206 0.02442987]
[0.08816779 0.23575218 0.41887707 0.19234777 0.51862075]
[0.07995106 0.7861038  0.51270933 0.23516443 0.10682563]
[0.0503713  0.06398481 0.43771367 0.70580015 0.01830712]
[1.00990323 0.09617452 0.30857283 0.10692638 0.09585787]
[0.17893634 0.19821541 0.71245659 0.12757228 0.16704854]
[0.02571734 0.21276387 0.01330402 0.71620805 0.12090713]
[0.29738933 0.18388102 0.27109364 0.6626993  0.0466037 ]
[0.03451969 0.0105543  0.37300452 0.76960514 0.00604615]
[0.19883665 0.4165718  0.02704692 0.73737295 0.01298718]
[0.14910877 0.09249712 0.70063979 0.18908782 0.19892593]
[1.03228256e-02 5.50742673e-02 6.90514488e-04 7.98719149e-01
 3.31452074e-01]
[0.19248025 0.21325056 0.76633609 0.13738181 0.04662222]
[0.47659709 0.29767905 0.09275728 0.46879289 0.24824592]
[0.01279917 0.01142653 0.27264066 0.23626982 0.59818446]
[ 3.40799071e-03 -3.06374036e-04  8.19260688e-02  7.23711230e-01
  1.50622624e-01]
[0.08903584 0.18961325 0.37093812 0.60715    0.07334592]
[0.00792227 0.04718259 0.98046599 0.12819519 0.11235164]
[0.06851329 0.67104878 0.63815111 0.32791517 0.05104637]
[0.24799682 0.72697218 0.09655993 0.32816943 0.16933969]
[0.13341333 0.01445804 0.54031265 0.69484738 0.01392299]
[0.51589018 0.1253653  0.48725896 0.6720666  0.029592  ]
[0.49759244 0.33596669 0.00414444 0.28157475 0.39587618]
[0.12395229 0.02965735 0.10026861 0.59082874 0.40390744]
[0.09511201 0.20707452 0.16055715 0.69648177 0.12235281]
[0.34501068 0.21534173 0.06475031 0.0024421  0.67742498]
[0.00892256 0.00125929 0.10219654 0.9836794  0.02665602]
[4.20086350e-03 2.21283163e-04 7.64014255e-01 1.37371442e-01
 4.94914367e-01]
[0.00097125 0.3344198  0.31833154 0.21460294 0.57068019]
[0.12341571 0.88000677 0.11838055 0.21578656 0.34501404]
[0.57639422 0.5081198  0.25494755 0.01865411 0.43179294]
[0.73637525 0.11558016 0.41076454 0.32378582 0.13537532]
[0.20638703 0.29801683 0.74935669 0.04035801 0.33466105]
[0.23434949 0.18018057 0.15442047 0.11960027 0.58310804]
[0.01284888 0.10008566 0.0058026  0.83429637 0.1071251 ]
[0.36923323 0.24905787 0.68940746 0.37166871 0.02785472]
[0.00507388 0.00269695 0.3044383  0.48664141 0.53211653]
[0.09952139 0.26613067 0.44051411 0.06503777 0.51712722]
[0.69399055 0.71970371 0.47739967 0.07113276 0.01425268]
[1.05601612 0.1005931  0.18622231 0.10702795 0.09526929]
[0.02451812 0.03471984 0.12394166 0.63226082 0.29448915]
