[0.2845715  0.03598091 0.52172417 0.04292815 0.41199271]
[0.0130821  0.00953227 0.67874581 0.02851429 0.14810499]
[4.68891387e-02 1.11752137e-01 5.63664080e-04 2.60328240e-02
 6.29531616e-01]
[0.02523959 0.58437544 0.45095605 0.06634484 0.11840161]
[0.02541909 0.01022049 0.82436614 0.23646022 0.01659916]
[0.00758997 0.77300454 0.04095619 0.09224935 0.31434877]
[0.56526702 0.57905254 0.00446803 0.16958415 0.06882111]
[0.05272889 0.30667923 0.00218402 0.14179896 0.54656403]
[ 1.59510352e-03 -1.73439871e-04  4.11581465e-01  6.50847214e-01
  2.81214387e-01]
[0.06874264 0.06115091 0.00490003 0.58999969 0.31264152]
[0.04074506 0.0262677  0.72533128 0.17442991 0.00587262]
[0.12131422 0.01541419 0.24023363 0.55185364 0.27589268]
[0.00912614 0.00581911 0.26811917 0.12464597 0.59674789]
[0.1969458  0.47922663 0.07179385 0.00922143 0.54978744]
[0.06370255 0.52427356 0.50742972 0.04110199 0.02250156]
[ 1.43545417e-03 -2.13077126e-04  3.74358748e-01  5.91799094e-01
  3.77950248e-01]
[0.18707312 0.1634988  0.00576476 0.00181374 0.59668418]
[0.02062654 0.15688483 0.14656194 0.22532332 0.53134209]
[0.04751529 0.98873487 0.05707029 0.04483034 0.01541248]
[0.00284412 0.00340575 0.33478896 0.62573341 0.17250653]
[1.81003096e-02 1.87347856e-02 5.73517407e-01 6.10292121e-01
 2.49671556e-04]
[0.19840539 0.08006168 0.4750027  0.19053633 0.35356562]
[0.01176792 0.08956471 0.08327313 0.64556163 0.14933236]
[0.05371614 0.13487599 0.60294968 0.45344581 0.0299356 ]
[0.42517491 0.00183058 0.00050093 0.30478332 0.43560928]
[0.19796315 0.65193873 0.06720569 0.36491757 0.12164808]
[0.08534754 0.83615616 0.19792005 0.07164495 0.20805508]
[0.04628517 0.11619219 0.5197952  0.39061896 0.28827738]
[1.04528098 0.15628269 0.18622231 0.0069738  0.09496197]
[0.09572325 0.03691795 0.35792012 0.17548197 0.45162876]
[ 0.09743908  0.80409837  0.2203075  -0.00123895  0.20238123]
[0.01180662 0.00763949 0.7066193  0.2386797  0.06846595]
[0.01149904 0.009053   0.64189407 0.147697   0.08125495]
[0.12772069 0.07900166 0.50716818 0.13713936 0.39454689]
[0.67381564 0.00943162 0.01316507 0.01248177 0.43567673]
[0.69406992 0.00437633 0.19963231 0.19750482 0.02957751]
[3.21803586e-04 1.43834943e-01 6.72211044e-01 1.84513275e-01
 2.23158109e-02]
[0.17718816 0.18926595 0.37527317 0.29693201 0.3323029 ]
[0.11718548 0.07435382 0.40210294 0.37131566 0.39078129]
[0.00610948 0.24357713 0.2317973  0.47814132 0.37017549]
[ 0.57727189  0.37285192  0.16767124 -0.00079029  0.53145699]
[0.13614464 0.23100843 0.01058107 0.42267533 0.49383908]
[0.41309172 0.15735298 0.56945026 0.01277218 0.00342416]
[0.02786738 0.03449417 0.76087523 0.04404205 0.00843539]
[0.20444097 0.12630688 0.18841795 0.53352136 0.26592179]
[ 9.79900549e-01  4.38157712e-01  4.48183486e-03 -3.55669000e-04
  3.20933003e-03]
[0.65990124 0.04693094 0.12082101 0.14932546 0.17486891]
[0.2988488  0.03341905 0.55182744 0.14834489 0.13328813]
[3.73185295e-03 9.21388095e-03 9.13736744e-05 1.04888985e-01
 6.19095140e-01]
[0.63122661 0.11684491 0.00166501 0.08911325 0.3938736 ]
[0.41521676 0.00638101 0.11631123 0.30602342 0.44196093]
[ 6.11559045e-05 -5.82479345e-04  2.68021871e-04 -2.11214873e-03
  6.31179638e-01]
[0.13967066 0.46272396 0.00130495 0.64912618 0.11746003]
[0.64751542 0.00560313 0.46064442 0.00828857 0.1174497 ]
[0.10726121 0.26881981 0.03981764 0.15362057 0.51585636]
[0.01641149 0.44472213 0.42788911 0.54574685 0.04989269]
[ 8.26470723e-04 -2.28306278e-05  1.92625274e-01  1.80916570e-01
  5.62893897e-01]
[0.37546021 0.13715973 0.31431808 0.52495641 0.17202371]
[0.51051906 0.40961715 0.13824625 0.0058113  0.34517561]
[0.16605343 0.14935458 0.40910498 0.41322981 0.25255996]
[4.37642117e-03 2.98214737e-04 1.03657940e-01 4.12399222e-01
 4.62355309e-01]
[0.0720525  0.12293192 0.02113734 0.0873827  0.54035732]
[0.09327936 0.91220188 0.21518569 0.07701327 0.02356096]
[0.02646469 0.23889053 0.22787977 0.64007635 0.0036811 ]
[0.52579924 0.06431191 0.42450315 0.42135127 0.09367735]
[0.08077868 1.03200583 0.01225433 0.01284861 0.02546528]
[0.00837843 0.00991927 0.40254241 0.64023391 0.02733006]
[0.55175035 0.00353526 0.00659506 0.13837727 0.4555107 ]
[0.10458406 0.59746215 0.39874072 0.10705702 0.00095954]
[0.21101358 0.5052708  0.04863154 0.54022458 0.00319085]
[ 2.74581188e-03 -3.74098856e-04  3.01855064e-01  1.18800290e-03
  6.04283389e-01]
[0.35673879 0.22470089 0.00526352 0.88521497 0.00423398]
[6.20067600e-03 1.31174787e-02 3.83562992e-05 3.56294218e-01
 8.06138876e-01]
[0.25786676 0.23065163 0.015121   0.47611561 0.36825216]
[0.03968253 0.09165278 0.68494131 0.00867806 0.12921132]
[0.14677861 0.67188125 0.25110583 0.10690673 0.28511032]
[0.11645027 0.12884935 0.65397232 0.10806328 0.02327482]
[0.23528051 0.24024663 0.23226511 0.03205323 0.46654128]
[0.739194   0.09072843 0.03188143 0.19600629 0.1240668 ]
[3.42455468e-01 9.03871132e-01 2.75730225e-04 8.86746404e-02
 4.43800001e-02]
[0.18766779 0.12348563 0.6787102  0.0166736  0.10919649]
[2.85093928e-02 6.72772456e-01 1.38262291e-04 5.82393874e-01
 9.04506734e-02]
[0.12487539 0.27710657 0.16875137 0.60815422 0.20141873]
[0.09831476 0.06574281 0.4025651  0.49658222 0.26311764]
[0.04393646 0.05461987 0.08135616 0.6811521  0.01063058]
[0.0013412  0.00314822 0.00750976 0.28647384 0.50660395]
[0.23588698 0.03980486 0.71943471 0.5522982  0.00359991]
[0.01269032 0.02637085 0.09076114 0.05804605 0.57916925]
[0.29201264 0.19705988 0.54503902 0.23687894 0.11048563]
[0.01972962 0.02374033 0.42810297 0.38359551 0.37505227]
[0.00690569 0.00712919 0.36003962 0.3335849  0.46043689]
[0.00163703 0.0038463  0.10014564 0.01151506 0.604974  ]
[0.00227105 0.00265297 0.2654506  0.31596443 0.46188282]
[0.17815645 0.11657584 0.62727527 0.23836441 0.10773263]
[0.66941692 0.53245745 0.26556861 0.01121147 0.0187725 ]
[0.05752023 0.06489035 0.3271298  0.59973816 0.02326219]
[0.15452925 0.28003137 0.56507268 0.43636022 0.08324286]
[0.19375813 0.68329955 0.37799669 0.12373654 0.00370389]
[0.42534153 0.17421556 0.11027557 0.47387374 0.1920709 ]
[0.06137202 0.05101835 0.11570536 0.67184762 0.0105815 ]
[0.4196666  0.85167126 0.01926576 0.49736457 0.00483445]
[0.04269111 0.04593946 0.67056933 0.1087986  0.02333586]
[0.40469355 0.01209917 0.02036257 0.59471589 0.14630155]
[0.65544493 0.28602665 0.06064793 0.1716404  0.00349444]
[0.46820178 0.16676697 0.33438285 0.57921333 0.00833115]
[0.13081478 0.34843792 0.07888134 0.60121924 0.07883583]
[0.27268812 0.03601528 0.36450019 0.00212331 0.46392261]
[0.37177172 0.24830805 0.01557899 0.63795748 0.00377783]
[0.16809542 0.34008922 0.00443973 0.89884199 0.00418946]
[0.1337483  0.19320413 0.3508506  0.14980091 0.46298021]
[0.18251846 0.45577642 0.22060355 0.54977073 0.11827312]
[0.17387214 0.44812831 0.10994565 0.50930743 0.15182177]
[0.03507864 0.03767167 0.60247701 0.09742232 0.25525098]
[0.16576895 0.14909791 0.46435396 0.46132608 0.00135285]
[ 2.41281239e-02 -2.02727154e-04  5.76333003e-01  4.40660799e-01
  3.45205902e-02]
[0.4021817  0.18097435 0.46711283 0.02208632 0.22505706]
[0.04914691 0.14594481 0.50120751 0.34127668 0.16770996]
[0.01823577 0.48331712 0.3193776  0.53200778 0.08389613]
[0.00209117 0.00112922 0.00459742 0.61430811 0.27807992]
[0.00722737 0.01436129 0.47403592 0.30242128 0.39203759]
[0.01570132 0.01621543 0.49849612 0.53018672 0.03820044]
[0.20305769 0.10063535 0.30174134 0.58036698 0.1560917 ]
[0.01629525 0.02671351 0.83791679 0.08364899 0.006876  ]
[0.09332759 0.55157508 0.35283376 0.09113703 0.28124426]
[0.16697627 0.12889445 0.10667646 0.15482961 0.51487464]
[0.08392281 0.0519436  0.5094777  0.23989054 0.36995356]
[0.83018137 0.22156924 0.04117451 0.00929617 0.45436102]
[0.10975268 0.00898864 0.63971642 0.09434003 0.09456562]
[0.40481757 0.25472409 0.32960414 0.0022898  0.35227821]
[0.2185078  0.14608763 0.46696626 0.24718178 0.2893251 ]
[ 3.46404952e-02  7.00518040e-02  2.22588768e-01  6.71638035e-01
 -3.33341296e-04]
[0.28642482 0.0165257  0.53754428 0.43914729 0.00588581]
[0.0353408  0.31870437 0.1691751  0.65897216 0.00440621]
[0.5102151  0.18667553 0.43717378 0.01034213 0.1909472 ]
[0.16755248 0.58900431 0.34733458 0.10854567 0.23017245]
[0.09969069 0.9010681  0.13172844 0.09630024 0.00561069]
[0.08374029 0.00917311 0.16567023 0.32002121 0.49941986]
[0.00591894 0.00546156 0.62555336 0.00998824 0.33267111]
[0.21540675 0.27269343 0.495673   0.04489036 0.40713101]
[0.00908549 0.32318581 0.3074145  0.63478566 0.02274869]
[0.03372826 0.87052928 0.11299569 0.14024326 0.17698688]
[ 1.74737633e-03 -3.05607690e-04  3.26727116e-03  5.87636227e-01
  3.18808621e-01]
[0.10823033 0.11800563 0.28200845 0.13863963 0.52150778]
[0.18610446 0.03283824 0.11529844 0.63933028 0.1942601 ]
[0.16231463 0.65738431 0.34944446 0.00515765 0.10837077]
[ 3.72995856e-02  3.11846461e-02  9.66578205e-01 -9.59779804e-04
  1.24347022e-01]
[0.00890173 0.04012716 0.00898138 0.66418173 0.17770263]
[0.58162426 0.08636667 0.08601322 0.36413965 0.18648645]
[0.68603366 0.61581142 0.00500422 0.00135201 0.29620019]
[0.12626772 0.60159545 0.4047712  0.00716745 0.25296866]
[0.45635146 0.06704652 0.33735329 0.00478235 0.43476588]
[0.00871578 0.93411205 0.00870482 0.08552384 0.07306046]
[0.27553175 0.05502109 0.17123032 0.61711668 0.19693853]
[0.21216171 0.17752117 0.39933802 0.44203804 0.18599945]
[0.00738623 0.02399136 0.54668488 0.07174484 0.36072056]
[0.08034024 0.05332797 0.29290404 0.00069946 0.61702822]
[0.17029634 0.24583904 0.62116906 0.24901832 0.07060582]
[ 4.21634191e-02  6.11625540e-03  8.81453773e-01 -2.64501928e-04
  4.31473732e-03]
[0.0692513  0.0863197  0.00579788 0.69561428 0.01151786]
[0.46096971 0.29996992 0.30456572 0.00208439 0.54250542]
[0.22279757 0.01614897 0.67907933 0.0053889  0.10945788]
[1.24388257e-03 2.82470899e-03 1.24536193e-04 7.72847002e-01
 9.91959089e-02]
[0.80252443 0.13094949 0.01945593 0.17975392 0.01408764]
[0.00939148 0.01581566 0.69848551 0.00371816 0.05676525]
[0.00519327 0.04468863 0.59194239 0.22973577 0.32508167]
[0.44361788 0.60350224 0.52170953 0.00811848 0.0025649 ]
[ 3.71019665e-03  2.04101934e-02  4.12782887e-01 -2.35785323e-04
  4.78845153e-01]
[0.26203698 0.08911355 0.07652771 0.44634957 0.36116919]
[0.31856891 0.21482881 0.58858656 0.25571115 0.00938386]
[0.59204011 0.19404066 0.00951056 0.54092698 0.12859059]
[5.90460927e-04 7.24716782e-04 2.36240576e-03 7.11255522e-01
 5.90908683e-03]
[0.01229421 0.00437244 0.48040941 0.52431158 0.17181277]
[7.78491921e-03 1.04929074e-02 4.05449996e-04 7.24191617e-01
 2.75667573e-02]
[0.91267242 0.00907234 0.05887837 0.02281916 0.01333466]
[0.58407968 0.50909842 0.02929229 0.00284543 0.16226327]
[0.13725584 0.10775345 0.25297559 0.0064042  0.58012065]
[-1.45370996e-04 -6.08033528e-04  4.86162274e-01  4.15704204e-01
  1.80759410e-01]
[-1.17351000e-04  9.57833682e-04  6.28526336e-02  3.74404589e-01
  5.09633841e-01]
[0.04483482 0.38226031 0.02388731 0.5176644  0.41285008]
[ 4.23023913e-01  1.44202028e-01  1.23122151e-01  7.21505349e-01
 -3.94668815e-04]
[0.6838705  0.26848061 0.41432697 0.00361032 0.00810037]
[0.09252724 0.05192434 0.39702547 0.59046564 0.1840606 ]
[0.25192399 0.2755831  0.72933786 0.11658478 0.00093433]
[0.1832889  0.32163757 0.56934881 0.30137421 0.00604097]
[0.45912683 0.08174671 0.07136561 0.37738509 0.26901038]
[0.64894845 0.01451586 0.46224139 0.00696523 0.02890877]
[0.28311827 0.360059   0.05036985 0.41920623 0.37582644]
[0.06162495 0.5573596  0.1872098  0.58410918 0.00560602]
[0.38466595 0.09914335 0.25342538 0.54375959 0.15279082]
[0.25356293 0.15726525 0.00705757 0.00269439 0.55994258]
[0.08773057 0.61061578 0.09622145 0.00444398 0.45431906]
[0.51334619 0.06277475 0.41445116 0.41466712 0.18165518]
[0.00745561 0.17099328 0.47001019 0.52177042 0.02400356]
[0.45690981 0.07583439 0.37200169 0.27129993 0.28487071]
[0.0215196  0.22668868 0.63563768 0.0686663  0.11884643]
[0.05802368 0.02832844 0.47731407 0.45002109 0.12249471]
[0.02066083 0.00772179 0.67468498 0.01458262 0.19519134]
[0.19607044 0.13316861 0.625598   0.28365231 0.19494625]
[9.49189615e-03 3.44404630e-04 6.80269460e-01 1.57269748e-01
 1.58131748e-01]
[0.00085611 0.00518547 0.30233355 0.50439842 0.40011934]
[0.31432387 0.04887015 0.08593101 0.49284088 0.27802462]
[0.0111578  0.01582912 0.6883289  0.09788161 0.02358987]
[0.00892679 0.00556175 0.5187429  0.52925643 0.11555065]
[0.40382233 0.25427482 0.44526392 0.30049483 0.01425281]
[0.30300721 0.19066867 0.27434324 0.41776185 0.35612593]
[0.00757464 0.01244178 0.71519767 0.06742353 0.26913299]
[0.25379834 0.61972205 0.00826494 0.39987649 0.32641856]
[0.01824892 0.01101966 0.00300791 0.43572484 0.49610373]
[0.75381072 0.06849262 0.55901808 0.00619098 0.01132907]
[0.50667254 0.33858954 0.08659393 0.50600843 0.00376892]
[0.16341708 0.12497392 0.59225101 0.12314181 0.32653719]
[0.30700153 0.23618832 0.20227545 0.16197829 0.45263034]
[0.02940991 0.01805875 0.63907623 0.36471656 0.18796217]
[0.05994418 0.03679251 0.37157816 0.27376229 0.45640418]
[0.06151536 0.12358003 0.01778282 0.32870357 0.48282948]
[0.03514834 0.16478614 0.52316535 0.01715575 0.3521061 ]
[0.39435587 0.2229848  0.01760163 0.59193611 0.18100434]
[0.15953608 0.03833497 0.00139152 0.5744228  0.392885  ]
[0.01487397 0.9202187  0.00524905 0.33673619 0.22081985]
[0.13813601 0.02561132 0.48065146 0.04466267 0.47345945]
[0.22669729 0.00173234 0.24847479 0.38071963 0.43746317]
[0.33497873 0.14591717 0.03097629 0.53228034 0.24720384]
[ 8.64277439e-01  3.86394223e-01  3.94662489e-03 -5.67414518e-04
  3.89812256e-01]
[0.33912422 0.03604471 0.47284601 0.43483771 0.12782723]
[0.60532146 0.25682076 0.00324959 0.55034857 0.10664104]
[0.01865262 0.47918147 0.57862077 0.03100425 0.04544849]
[0.36501966 0.67911563 0.26025568 0.00504435 0.17047085]
[0.19884571 0.26013032 0.65620175 0.02756406 0.00714561]
[0.02517771 0.00316336 0.26266005 0.49578698 0.30583728]
[0.40575081 0.14491308 0.28714831 0.47726864 0.20994133]
[0.09949046 0.69985462 0.09648059 0.17137122 0.28934627]
[0.04684196 0.04180256 0.11669888 0.11202361 0.54480116]
[0.42875206 0.18691535 0.03965867 0.44279648 0.24277058]
[0.02224115 0.66189937 0.0860962  0.35372477 0.13488984]
[0.06948994 0.00109325 0.21170311 0.6360723  0.10242773]
[0.00499604 0.01377294 0.37321969 0.24120775 0.46483824]
[0.00895692 0.18884192 0.58665248 0.24342678 0.2779986 ]
[1.00232405e-04 2.29816482e-03 4.49431447e-03 6.71627903e-01
 1.12881694e-01]
[0.25026705 0.03507351 0.00217965 0.71702107 0.18689152]
[ 7.51618389e-02  1.82409074e-02  8.56567139e-01 -3.13269577e-04
  1.13181678e-02]
[0.00869141 0.00228955 0.67112014 0.3050851  0.09970964]
[0.01601104 0.01157577 0.60184726 0.00904442 0.27679188]
[0.18309037 0.12222084 0.65856787 0.33006163 0.00320081]
[0.17307143 0.07908819 0.77745085 0.00094352 0.20422259]
[0.48103188 0.1871696  0.67349319 0.00558871 0.04044039]
[0.17423624 0.17206055 0.69450989 0.10471218 0.00772243]
[0.00704447 0.00086134 0.07415673 0.62515409 0.2775859 ]
[3.11749665e-04 1.40884525e-01 6.58479580e-01 3.67374684e-01
 2.47646900e-02]
[0.38503898 0.02928457 0.05888798 0.10599457 0.47189545]
[0.29206243 0.12161194 0.57224375 0.3470461  0.02898485]
[0.54546565 0.54088882 0.09405845 0.00555915 0.25004951]
[0.13435498 0.02664214 0.00115502 0.48014609 0.50194628]
[0.59936903 0.05818275 0.02010888 0.41362368 0.01564001]
[0.00116113 0.0029704  0.40684311 0.40690754 0.26483598]
[0.62687457 0.21559152 0.03781211 0.10042702 0.24408357]
[0.60452022 0.21160083 0.00315913 0.41489014 0.11234862]
[0.1658255  0.03215244 0.32988749 0.59161434 0.1132059 ]
[0.15915723 0.09805217 0.14797145 0.55175076 0.24173479]
[0.17606676 0.23028635 0.6187113  0.29157434 0.00710056]
[0.33702477 0.20506626 0.00896183 0.25574041 0.49984889]
[0.34249653 0.21558323 0.27825568 0.22190562 0.35590246]
[0.01733445 1.00633928 0.00495807 0.01151616 0.08372919]
[0.28987    0.08463649 0.23688296 0.36529201 0.36355062]
[0.11299163 0.26796022 0.10081159 0.42302967 0.44838112]
[0.82267335 0.5283936  0.00356496 0.05335126 0.00968637]
[0.61838597 0.76835078 0.01151796 0.31677491 0.00411334]
[ 1.72816786e-01  1.59954128e-01 -3.66846117e-05  8.24056790e-01
  9.96026937e-02]
[ 1.24922449e-03 -3.85665428e-04  7.42048866e-01  1.03953774e-01
  1.01313027e-01]
[0.07308639 0.18392151 0.00916735 0.26315842 0.55159686]
[0.85444638 0.01386821 0.26646733 0.0060741  0.13338125]
[2.54637554e-04 1.24124442e-01 5.80476895e-01 4.73624318e-01
 2.44777961e-02]
[0.28018376 0.39537522 0.48816203 0.45499054 0.00339765]
[3.40022094e-01 8.69198750e-01 2.08803665e-04 1.73820968e-01
 1.03153312e-01]
[0.27878405 0.0640414  0.02950922 0.49685678 0.30506632]
[0.22182785 0.01031324 0.7387695  0.00339818 0.0023166 ]
[0.07643908 0.74898954 0.20127858 0.0646152  0.37117115]
[0.00063952 0.00144308 0.0092449  0.575551   0.44033109]
[1.36411090e-01 1.35888660e+00 1.44007594e-04 1.68469036e-01
 1.86505741e-01]
[5.39468636e-01 5.00278647e-01 1.78329260e-06 2.89569589e-01
 7.92217060e-02]
[0.72509028 0.32408131 0.12349884 0.00259821 0.33338797]
[1.52819071e-05 1.03535665e-02 7.49661662e-01 1.23861541e-02
 1.98979160e-01]
[0.29656907 0.07870842 0.24105159 0.59246812 0.15541258]
[0.2371775  0.1985078  0.44639227 0.49436987 0.17111925]
[0.25894726 0.22544107 0.63193299 0.00883498 0.00295112]
[0.0032998  0.00393937 0.38456376 0.62374007 0.16461383]
[0.37256375 0.09192952 0.01079099 0.55655771 0.35550077]
[0.51625661 0.2251728  0.08548925 0.3021792  0.23788496]
[0.27378402 0.05173172 0.0430935  0.28166136 0.51736027]
[ 6.10673870e-04 -5.17394162e-04  6.93882855e-04  8.37137083e-01
  4.46316312e-01]
[0.03597344 0.0151905  0.3287433  0.54209824 0.25137151]
[0.11202484 0.69526471 0.35839914 0.09190146 0.02489578]
[0.01255776 0.00818843 0.75167066 0.22277987 0.05103532]
[0.06945608 0.54968764 0.30475593 0.43469985 0.16400973]
[0.43777213 0.14924875 0.11144478 0.47945566 0.19422781]
[0.6688457  0.29188554 0.03732069 0.11011858 0.02090138]
[ 0.14405042  0.78560133  0.2093397  -0.00107008  0.19959641]
[0.05878719 0.36834319 0.01914085 0.51207591 0.40618992]
[0.05779531 0.05168462 0.14262773 0.14336133 0.54014385]
[0.26923757 0.33674713 0.49720945 0.25759031 0.02738868]
[0.25944089 0.08822519 0.07576947 0.441909   0.3612982 ]
[0.04939585 0.14668459 0.50373776 0.30010538 0.2518591 ]
[0.26527889 0.63320049 0.00343393 0.15682353 0.38659468]
[0.06588243 0.04024539 0.42947383 0.05511284 0.46216965]
[0.07639931 0.01219443 0.76700638 0.37019563 0.00363675]
[0.0897649  0.01146065 0.3305929  0.35830479 0.42867472]
[0.46245437 0.03606236 0.03540127 0.04508176 0.5227931 ]
[0.01048902 0.01770124 0.69807491 0.00916506 0.05674061]
[0.05898227 0.59203029 0.03691535 0.34592276 0.40648705]
[0.10088123 0.7037753  0.06755212 0.17116224 0.27923647]
[1.28728367e-01 3.28959025e-01 4.50582759e-05 6.29292989e-02
 6.33509160e-01]
[0.13331031 0.65424092 0.4202503  0.03233111 0.10986707]
[-6.23687802e-05  2.71274748e-02  6.93702817e-01  8.77497957e-03
  3.19053506e-01]
[0.35012799 0.20038023 0.21368549 0.03626811 0.44373369]
[0.00128874 0.01670352 0.41631604 0.60105743 0.04561627]
[0.05690388 0.57675321 0.447304   0.06757339 0.11747195]
[0.38272723 0.19637801 0.33715813 0.24050609 0.28179136]
[0.03632534 0.06390767 0.25180863 0.44548348 0.37120222]
[0.2452547  0.51424784 0.03633943 0.0622063  0.42513866]
[0.02445397 0.00981194 0.79327261 0.22746087 0.02200226]
[0.25414234 0.35859295 0.44281276 0.41252781 0.10937406]
[0.01291272 0.03187949 0.02147138 0.00286048 0.58863727]
[0.22427675 0.14107278 0.65305199 0.11612661 0.0048617 ]
[ 0.60448512  0.52690048  0.02982361 -0.00112304  0.16832221]
[0.07947152 0.05274595 0.2887766  0.00122921 0.60133831]
[0.74879663 0.11867947 0.00535443 0.09760776 0.09307384]
[0.5305833  0.18100801 0.00361451 0.57982412 0.23231469]
[0.00922652 0.07246661 0.2201315  0.39823253 0.49869306]
[0.69516261 0.04666023 0.03016724 0.23959453 0.14871259]
[0.01513739 0.00977637 0.6641199  0.09680894 0.10541988]
[0.27400296 0.13597989 0.40709591 0.46225123 0.18156686]
[0.07870467 0.7233534  0.25995203 0.0215448  0.23170663]
[0.48085256 0.18709963 0.67194194 0.00712479 0.03782395]
[0.45949719 0.20035728 0.07293779 0.42337485 0.24736392]
[0.22026779 0.55223299 0.08175921 0.31526077 0.27889409]
[0.0154272  0.4094751  0.39403353 0.54130968 0.06754094]
[0.00150594 0.06457211 0.06327938 0.59816999 0.31719682]
[0.10565052 0.03652546 0.55592443 0.40144896 0.15958115]
[0.52568284 0.19235146 0.43678191 0.0144958  0.1941765 ]
[0.14661769 0.05331028 0.55548423 0.2773263  0.27135094]
[0.63857939 0.01147707 0.45482363 0.10670286 0.0287319 ]
[0.00403405 0.0011758  0.60525889 0.55820994 0.13523696]
[0.32900979 0.36366    0.06816488 0.03723476 0.45261338]
[0.45901048 0.08172585 0.07134752 0.38110292 0.27023266]
[0.26250161 0.05250667 0.07220721 0.40997134 0.46840962]
[0.03374949 0.08868201 0.00505718 0.57722863 0.3058899 ]
[0.21813064 0.39655206 0.02062807 0.60984387 0.09686548]
[0.22176984 0.25140182 0.17041286 0.63526334 0.01601413]
[0.00150444 0.22261188 0.0323582  0.31198536 0.49167003]
[0.01889299 0.01408428 0.01278431 0.4294907  0.44704184]
[0.59517199 0.19507007 0.00956115 0.54379902 0.10572898]
[0.1219171  0.60825454 0.40829    0.00724844 0.2455174 ]
[0.03626069 0.02204878 0.2175411  0.15893169 0.52833959]
[0.00160585 0.00376941 0.09841743 0.01643159 0.59929438]
[5.91394026e-04 7.00994369e-04 2.33299498e-03 7.02575443e-01
 6.95075795e-03]
[0.14913516 0.39158618 0.09580229 0.57938159 0.15750922]
[0.0075664  0.00785198 0.58021601 0.53877421 0.01058261]
[0.43179317 0.40856096 0.07314353 0.06890378 0.34643906]
[0.16708263 0.35000502 0.0227225  0.61075448 0.01072866]
[0.00922858 0.04114377 0.00921284 0.63008197 0.25698264]
[0.31192612 0.04539836 0.00207821 0.31018157 0.47800037]
[0.44733203 0.39200677 0.45060289 0.02552264 0.00338719]
[0.59717189 0.09452953 0.25228258 0.2869741  0.40153646]
[0.41790684 0.13366393 0.29306076 0.49888076 0.196258  ]
[0.00530876 0.00284514 0.43946565 0.33936769 0.38653558]
[5.31736557e-01 4.93101769e-01 9.72068401e-07 2.79769103e-01
 8.54613904e-02]
[0.1447578  0.0553058  0.20057081 0.37803417 0.47312197]
[0.00176112 0.01363507 0.01315079 0.51505905 0.44476651]
[0.19502361 0.13372002 0.3590483  0.3712457  0.39155209]
[0.02150435 0.70636806 0.09186683 0.37464429 0.00663963]
[0.86228571 0.24605667 0.05736617 0.02218551 0.01298592]
[0.52484281 0.53761122 0.00144668 0.02756023 0.33103611]
[0.48405065 0.06161632 0.38496537 0.04346458 0.41690024]
[1.10074301e-02 1.51029993e-02 3.80146148e-04 7.79370369e-01
 5.01032526e-02]
[0.10237042 0.58164341 0.41386906 0.09088318 0.31693779]
[0.06374092 0.42849981 0.20964851 0.16795926 0.46913936]
[-1.69457493e-04  2.43778451e-04  7.14208603e-01  1.04105794e-01
  1.93638731e-01]
[0.1907298  0.00207619 0.60201689 0.3536707  0.03431415]
[0.20932444 0.07997132 0.28985877 0.54723446 0.25825398]
[0.15545442 0.2253943  0.40604409 0.17397506 0.43453871]
[1.53201377e-02 1.79808033e-04 6.64968234e-01 1.47634070e-01
 7.65428180e-02]
[ 0.00231079 -0.00053204  0.45214391  0.46846973  0.30070994]
[0.02489181 0.00450537 0.26164461 0.49386236 0.3086387 ]
[0.50037065 0.84629748 0.18917388 0.08083623 0.00941995]
[0.64776049 0.00560549 0.47907177 0.00841571 0.03004573]
[0.15163523 0.00896591 0.29864187 0.29818999 0.41471736]
[0.13771014 0.08523704 0.50469547 0.13725202 0.39486635]
[0.70391527 0.05010112 0.14390257 0.16017668 0.16067068]
[0.77424721 0.20660269 0.03434446 0.00852218 0.47766117]
[0.80009329 0.01294729 0.24743808 0.02100421 0.12469864]
[1.47432594e-01 9.28455618e-02 4.49862354e-04 7.56109929e-01
 1.32986035e-02]
[0.01867247 0.01126148 0.53071217 0.29406401 0.29924223]
[8.58347159e-01 3.16747127e-04 4.76787697e-03 1.09976299e-02
 9.77459696e-02]
[0.26836881 0.01873019 0.05485071 0.05976129 0.5434134 ]
[0.02017275 0.05020895 0.00898625 0.00409249 0.60247143]
[0.07995749 0.00404661 0.29223481 0.03663166 0.56987975]
[0.51526073 0.08939669 0.03658865 0.062647   0.41835534]
[ 2.00926022e-01  4.07620643e-01  3.41527887e-03  1.10541847e+00
 -2.85432386e-04]
[0.14886387 0.05754643 0.57314241 0.6287607  0.02003821]
[0.22439738 0.15003864 0.49141409 0.25896898 0.23550716]
[0.05853512 0.36977997 0.0287294  0.49358349 0.28431471]
[0.03002096 0.68095834 0.00753866 0.57399464 0.00275713]
[0.02177738 0.03645319 0.87658365 0.08318174 0.00695256]
[0.79889699 0.10732449 0.01930331 0.2121453  0.00279213]
[0.25403747 0.09937876 0.62025314 0.28757577 0.00516331]
[0.00215418 0.75014367 0.2623966  0.1259691  0.15426259]
[0.61709941 0.21601543 0.00274905 0.42356397 0.10739723]
[0.07867539 0.759023   0.16464761 0.06232251 0.28372805]
[0.02286168 0.04129144 0.00212734 0.06260831 0.56163779]
[0.25395355 0.16260548 0.0532847  0.43643058 0.43266388]
[0.19551219 0.18145949 0.47559589 0.41690736 0.11884653]
[0.11659609 0.50393247 0.34309153 0.0150218  0.35582443]
[ 1.04838926e-02  3.65620926e-01  3.37794622e-01 -3.37424882e-05
  5.16279112e-01]
[0.26222616 0.25036166 0.05233172 0.20250973 0.48093248]
[0.01600432 0.01892795 0.47233976 0.4685998  0.19110572]
[0.0600615  0.0367947  0.4259777  0.33869084 0.38135232]
[0.46363196 0.89279706 0.01187675 0.5345225  0.00446752]
[0.18513342 0.16656845 0.45607036 0.46301928 0.00226165]
[0.70931578 0.64724695 0.02151473 0.00169827 0.28188774]
[0.01379972 0.0045201  0.31737887 0.23107876 0.53358527]
[0.74998081 0.47484143 0.05456262 0.08330181 0.0151644 ]
[0.66620829 0.4503649  0.05144559 0.16935467 0.00579639]
[0.03378964 0.39481263 0.10696813 0.57930259 0.25237641]
[0.04397115 0.99588384 0.01104729 0.09827155 0.02536102]
[0.01805212 0.01159959 0.56252186 0.04067396 0.39688905]
[0.36260557 0.22840452 0.00259693 0.87606842 0.00420592]
[0.12483017 0.60143903 0.40487268 0.00716355 0.26695879]
[ 1.72986002e-01  1.60111194e-01 -3.66668581e-05  8.21419611e-01
  9.93089396e-02]
[0.29369153 0.06374564 0.50000854 0.08371224 0.26835175]
[0.0024358  0.01907436 0.01813622 0.67158562 0.15309944]
[ 7.10298069e-02 -1.00205107e-04  6.59301629e-01  1.95070665e-01
  2.72375237e-02]
[0.68127278 0.01093409 0.29913844 0.00282832 0.39924274]
[0.19341705 0.011602   0.38085286 0.3876801  0.29383487]
[0.03081908 0.04322038 0.80984572 0.00792476 0.01354493]
[0.13110948 0.35065    0.34533481 0.54680152 0.00300922]
[0.05782942 0.06148208 0.43274563 0.30112399 0.33437283]
[0.00653477 0.01545682 0.36327155 0.56933385 0.3293125 ]
[0.02153732 0.02240277 0.46983533 0.50003299 0.0351555 ]
[0.01933115 0.14323012 0.02715185 0.45640923 0.40828115]
[-2.05624236e-05  8.72138335e-03  6.36683239e-01  1.41320798e-02
  3.38808976e-01]
[0.02626841 0.06657939 0.0007543  0.28972368 0.5531402 ]
[0.16724342 0.26017999 0.17712503 0.51559745 0.26439838]
[0.08381446 0.10462748 0.84501309 0.14239915 0.0045682 ]
[0.07304584 0.67141308 0.34308539 0.27142305 0.00318293]
[0.2886332  0.1201777  0.58074573 0.17068368 0.11410143]
[0.65412695 0.67014825 0.00517881 0.19657268 0.03247761]
[0.36346608 0.15837199 0.28510197 0.42199019 0.24655767]
[0.02076368 0.18732553 0.1858951  0.51332529 0.36084253]
[0.39245911 0.03931389 0.27922886 0.06736971 0.49769888]
[0.13589943 0.36400566 0.03783374 0.52910969 0.27130932]
[0.43064184 0.05475266 0.34249826 0.02673848 0.4644638 ]
[0.30236613 0.12596838 0.56592783 0.16878664 0.11284456]
[0.23962215 0.64448604 0.007307   0.02551474 0.26083354]
[0.7963079  0.40045698 0.05669661 0.08015474 0.01536222]
[0.29047822 0.06266685 0.51903873 0.17166795 0.28290615]
[0.27476449 0.00123405 0.30367541 0.04181451 0.48377794]
