[0.02360875 0.02978    0.3690797  0.76407812 0.00715588]
[0.12477081 0.02316277 0.67682168 0.1228142  0.44174886]
[0.20217641 0.12705263 0.18308394 0.44971695 0.36885051]
[0.04085388 0.1022745  0.01517104 0.05733289 0.57393931]
[0.26709451 0.23135895 0.70280089 0.04306019 0.42769068]
[0.01526083 0.009154   0.01142437 0.03485968 0.63820268]
[0.40264466 0.29030561 0.08947    0.60462205 0.33273962]
[0.04988365 0.12154617 0.01817543 0.01289085 0.6221182 ]
[0.02108634 0.02289756 0.00770276 0.91420542 0.25619919]
[0.23737026 0.32274432 0.71165862 0.36691907 0.09623554]
[0.01527746 0.2453322  0.35522684 0.3917744  0.53451956]
[0.04120382 0.10315213 0.01514936 0.05806329 0.57933526]
[0.00872    0.53852241 0.02746955 1.27893581 0.00200972]
[0.59717189 0.09452953 0.25228258 0.2869741  0.40153646]
[0.0289186  0.03652661 0.43646081 0.90419329 0.00539579]
[0.62598359 0.29609963 0.73244488 0.00491301 0.15014697]
[0.04548225 0.13377679 0.00817789 0.80379283 0.01260716]
[0.10839903 0.06697374 0.43053745 0.11609559 0.53335637]
[0.21805826 0.30685492 0.40830208 0.37213588 0.3416556 ]
[0.03883133 0.1176342  0.45166513 0.66812137 0.08184536]
[0.00797434 0.00205479 0.40877188 0.40649398 0.53484881]
[0.10461824 0.61825614 0.39544793 0.10607222 0.32367302]
[0.03027127 0.03318167 0.88038237 0.11689856 0.0305608 ]
[0.03280032 0.19410905 0.72224804 0.11771791 0.1193773 ]
[0.00152437 0.00233956 0.01105704 0.97669094 0.24830862]
[0.00557633 0.00939577 0.00828327 1.09173267 0.18996908]
[0.03819142 0.00368397 0.77707346 0.00924932 0.19546623]
[0.44330958 0.8814387  0.00753851 0.20001035 0.1160144 ]
[0.11476513 0.0645276  0.49172087 0.57397431 0.19630169]
[2.74423814e-04 1.46913179e-04 1.82940676e-02 3.75893607e-01
 7.05029010e-01]
[0.04916432 0.13139174 0.68054059 0.45427707 0.0985286 ]
[0.17124121 0.10948148 0.61817046 0.47608447 0.16219741]
[0.21813741 0.03356779 0.43293076 0.52167374 0.35194584]
[0.48488633 0.33310297 0.3208081  0.26683443 0.32757468]
[0.08794551 0.33183275 0.78076268 0.14167914 0.02894469]
[1.14018913e-04 4.85995295e-03 8.91952702e-02 4.20979001e-01
 5.77521236e-01]
[ 2.42712558e-03 -1.91862995e-04  1.16472791e-02  1.28729886e-01
  7.04318960e-01]
[ 7.84910631e-04 -1.97398286e-04  1.06647610e-03 -1.52342175e-03
  7.21188299e-01]
[0.56841865 0.6305814  0.12540747 0.2177694  0.02665377]
[0.01721881 0.017624   0.68709289 0.09449189 0.58261525]
[0.01337925 0.00217635 0.00868327 1.02083528 0.02752275]
[0.08903584 0.18961325 0.37093812 0.60715    0.07334592]
[0.01202012 0.00076077 0.30125275 0.00122008 0.60347799]
[0.00175397 0.62089176 0.13212651 0.59111155 0.18879845]
[0.01874713 0.05409581 0.81028454 0.20102585 0.01371562]
[0.33971232 0.21382661 0.30756407 0.4685998  0.19110572]
[1.05644083e+00 7.97891426e-01 3.43113491e-04 1.79203813e-01
 1.69960281e-01]
[0.07335919 0.94366535 0.19410676 0.08004723 0.33109161]
[0.36066449 0.24763944 0.63910904 0.32149802 0.12777145]
[0.0101184  0.02519191 0.00376379 0.01276781 0.66446528]
[0.27516291 0.23279281 0.71783934 0.04095356 0.39205928]
[0.09952139 0.26613067 0.44051411 0.06503777 0.51712722]
[0.02299468 0.00320096 0.40415214 0.35118599 0.49818921]
[-2.21607059e-05  3.74501118e-02  9.51871573e-01  1.63109796e-02
  1.58035646e-01]
[0.09539737 0.86574327 0.20514212 0.07753882 0.30788763]
[0.0100813  0.00105024 0.00440398 0.81271728 0.436505  ]
[0.05224204 0.120719   0.01816133 0.06901516 0.56686656]
[0.43777213 0.14924875 0.11144478 0.47945566 0.19422781]
[0.01902893 0.00171127 0.01393139 1.07964008 0.00570375]
[0.20888175 0.22815668 0.74627925 0.13518092 0.04922609]
[0.42791335 0.37857808 0.09259731 0.46798121 0.25110121]
[3.11984278e-02 7.58664772e-01 1.62877506e-04 7.05552893e-01
 1.07137833e-01]
[0.10947732 0.06981213 0.39540844 0.65545952 0.16560364]
[0.07643908 0.74898954 0.20127858 0.0646152  0.37117115]
[0.0512814  0.15315731 0.08944391 0.79983567 0.01266829]
[0.01368643 0.01391965 0.54750831 0.09963592 0.46741206]
[0.34180881 0.2962067  0.89928522 0.0556989  0.00963645]
[0.49784575 0.06338915 0.07778296 0.5089631  0.34914358]
[0.15213772 0.54907879 0.72048604 0.04516159 0.08665848]
[0.7660629  0.70897736 0.11498317 0.05662431 0.1624027 ]
[0.43768142 0.21956703 0.00288609 1.13954305 0.20795009]
[0.41569393 0.53001111 0.23749804 0.25496973 0.1631522 ]
[0.00674947 0.05042874 0.04748776 0.30456111 0.56131106]
[ 1.15170490e-02 -3.20647781e-04  3.47946163e-02  3.37474481e-01
  6.26374835e-01]
[0.02799317 0.00195067 0.69486    0.28635299 0.37502343]
[0.32763728 0.96436155 0.05906    0.11815875 0.01325337]
[0.01648229 0.01194537 0.01061602 0.51063409 0.52878381]
[0.00714609 0.00099586 0.00583362 0.8915772  0.44697989]
[0.03647077 0.07226497 0.05757976 0.78530017 0.108136  ]
[0.08397863 0.05877672 0.7449562  0.19048036 0.20997574]
[0.05287656 0.12251641 0.29418302 0.58764641 0.33277106]
[0.24660106 0.15220194 0.22449676 0.54879813 0.25630988]
[ 0.00099754  0.00360345  0.00547053 -0.00173095  0.68009071]
[0.48405065 0.06161632 0.38496537 0.04346458 0.41690024]
[0.00781984 0.81322137 0.78415182 0.02483851 0.11697675]
[0.35544856 0.49780561 0.3369225  0.10741017 0.28642836]
[0.34116359 0.49613913 0.60352449 0.33591044 0.07874866]
[0.62805367 0.04388311 0.05061005 0.1399939  0.50631898]
[0.01356045 0.00221364 0.00880013 1.03451575 0.01814265]
[3.93136117e-03 2.18233066e-04 2.92180048e-02 8.59711190e-01
 2.40964757e-01]
[0.07197799 0.14221584 0.02213243 0.07797455 0.55932745]
[0.01706693 0.02130842 0.56340975 0.00192023 0.50998818]
[0.01471245 0.01126976 0.0146556  0.3946602  0.59411507]
[0.11880497 0.91960074 0.05347271 0.32386156 0.10728283]
[0.00716153 0.00448164 0.01308776 0.72623243 0.11358948]
[0.8346761  0.64183729 0.00266085 0.14195755 0.13497036]
[2.52365528e-03 4.07975235e-03 1.59356952e-04 1.17351324e+00
 2.04188980e-01]
[0.10362867 0.61241192 0.43511593 0.09643555 0.3332807 ]
[0.02017965 0.02050106 0.01145845 0.89649512 0.25123978]
[0.008126   0.64926938 0.61893841 0.01873964 0.125892  ]
[0.08494771 0.05794874 0.59524986 0.26359829 0.42449534]
[0.09146643 0.89602773 0.21208535 0.07692509 0.22297081]
[8.07735372e-03 2.47568706e-04 9.23335968e-02 8.95676528e-01
 1.86200963e-01]
[0.34249653 0.21558323 0.27825568 0.22190562 0.35590246]
[0.00635875 0.01075829 0.00213821 0.96057979 0.39001934]
[2.83616405e-03 1.68533892e-02 7.24134220e-05 3.45420226e-01
 6.38591646e-01]
[0.02359177 0.01770658 0.01541468 0.68969883 0.51498447]
[0.21524641 0.13487697 0.03206579 0.36443779 0.52775571]
[0.05047718 0.00902574 0.31784728 0.58948363 0.42016682]
[0.46957376 0.163458   0.00345923 0.77209199 0.23391182]
[0.08389731 0.03041554 0.06721392 0.63639023 0.43799312]
[ 9.70727842e-04 -9.93558730e-05  1.27477416e-03 -2.12947821e-03
  7.92507797e-01]
[0.45653969 0.64515931 0.43849231 0.00685061 0.37636516]
[0.05456677 0.03344886 0.18643198 0.3961829  0.50677663]
[0.00923555 0.00342363 0.01387493 0.20892951 0.61871539]
[0.46582416 0.09662131 0.3303155  0.10147652 0.44039006]
[0.13725584 0.10775345 0.25297559 0.0064042  0.58012065]
[0.51097684 0.33068451 0.01613142 0.63709645 0.21393773]
[0.03027607 0.01928951 0.10095756 0.72157757 0.31083275]
[0.08395536 0.60452646 0.36576608 0.49294524 0.18593156]
[1.25926363e-02 5.64265172e-04 2.27716906e-03 1.02464468e+00
 4.01732062e-01]
[-9.12118724e-06 -3.40876762e-04  9.22878212e-02  6.25272289e-01
  6.18625344e-01]
[0.10648114 1.04294221 0.28049354 0.09788518 0.150015  ]
[0.23583158 0.60581573 0.08844763 0.35750167 0.28809869]
[0.01784019 0.02417321 0.81099378 0.56829093 0.03737848]
[0.25016186 0.58733552 0.01921181 0.38181911 0.35050518]
[0.00949914 0.00916193 0.00533606 0.47366902 0.58784392]
[6.58983215e-04 7.66885452e-03 1.89744352e-03 1.01388828e+00
 4.43170417e-01]
[0.11803888 0.32351922 0.19076525 0.00777928 0.67343409]
[0.40563382 0.04822316 0.07320422 0.70377144 0.32437833]
[ 2.59132899e-02 -4.46467937e-04  6.83618144e-01  9.01340202e-02
  5.88576226e-01]
[ 1.24733935e-03 -4.40462173e-04  1.26116697e-03  8.41308345e-01
  4.48537307e-01]
[0.04005181 0.39719799 0.07116029 0.72150551 0.22731287]
[0.01540837 0.13140914 0.73803356 0.2072944  0.20992547]
[0.02407854 0.00411989 0.1314089  0.67100684 0.45803831]
[0.26799095 0.23303077 0.70616595 0.03954936 0.42962783]
[0.3226199  0.20304268 0.29209417 0.33307594 0.38930749]
[0.39666924 0.03091193 0.03196559 0.2063163  0.51021066]
[0.02979356 0.22039998 0.27307843 0.0305548  0.60704274]
[2.62430674e-01 2.57747166e-04 7.63321423e-01 7.86226391e-02
 4.52342362e-01]
[0.19248025 0.21325056 0.76633609 0.13738181 0.04662222]
[1.01667022e+00 7.82936926e-01 3.30480304e-04 1.70847466e-01
 1.75082993e-01]
[0.17813179 0.00975415 0.6503539  0.08414835 0.26645051]
[0.38941321 0.77658266 0.00989515 0.27205315 0.1578352 ]
[0.00335867 0.0126342  0.00882222 1.08353528 0.00572492]
[0.50524119 0.88709219 0.05739649 0.03901853 0.35008152]
[0.03088143 1.26116879 0.06444991 0.24994729 0.1537489 ]
[0.00745337 0.01531218 0.04067339 0.87733471 0.02969897]
[0.02651086 0.0524554  0.04199753 0.53996118 0.47851139]
[0.36923323 0.24905787 0.68940746 0.37166871 0.02785472]
[0.05430181 0.12993338 0.81318955 0.1473487  0.06772666]
[0.33513159 0.14613921 0.27618391 0.42312103 0.40763222]
[0.26524708 0.20862534 0.09919872 0.64088667 0.30973163]
[0.00217293 0.00430154 0.28415102 0.78029907 0.13734888]
[0.1265817  0.37738451 0.02604427 0.58439143 0.38604794]
[0.01338987 0.01671942 0.31006818 0.7622481  0.01643283]
[0.03244842 0.04458881 0.03273842 0.96315309 0.00578673]
[0.30700153 0.23618832 0.20227545 0.16197829 0.45263034]
[1.07978262e-03 4.01311245e-04 2.13108523e-02 5.00236043e-01
 5.19260370e-01]
[0.73724353 0.01118782 0.54392745 0.02120274 0.13569473]
[0.07357134 0.43554224 0.67567007 0.1013504  0.13501247]
[0.0066259  0.01121034 0.0024192  1.04627446 0.26305987]
[0.14858294 0.1172857  0.59817614 0.55051274 0.09555357]
[0.00924304 0.00651179 0.00261726 0.76258545 0.41887353]
[1.00295566e-04 4.60113206e-03 8.49733200e-02 4.22691480e-01
 5.78579068e-01]
[0.02770298 0.25002528 0.24560785 0.6761603  0.00391718]
[0.00373081 0.05946701 0.33145017 0.62926677 0.44595817]
[0.08674685 0.84984801 0.22858223 0.07349261 0.29022558]
[0.00892679 0.00556175 0.5187429  0.52925643 0.11555065]
[0.20551673 0.09685581 0.93014198 0.0048314  0.24707712]
[0.0526155  0.09215771 1.07782475 0.00620255 0.23343998]
[0.11066298 0.16405745 0.00497665 0.8473129  0.21918665]
[0.35788606 0.21652141 0.0220635  0.26969087 0.52951969]
[0.40260266 0.2446278  0.42938915 0.28511879 0.33340925]
[ 1.63312994e-02 -5.57137399e-04  1.16483953e-02  9.33907092e-01
  1.65030002e-01]
[0.02220321 0.00291772 0.64506736 0.68625127 0.03540603]
[0.27008968 0.29940513 0.05806504 0.10403671 0.46334485]
[0.1088403  1.06602585 0.14038796 0.11724986 0.14800437]
[0.00757095 0.148461   0.65724014 0.43967918 0.13307186]
[0.05024493 0.03138879 0.41765257 0.10591702 0.58642592]
[0.31380275 0.1068274  0.08837547 0.53330902 0.40472993]
[0.07714588 0.08409336 0.32186506 0.56319642 0.28637517]
[0.392825   0.36453807 0.52890934 0.30762506 0.18521988]
[0.01244202 0.00227128 0.0094924  1.00848166 0.02503552]
[0.71729942 0.13286271 0.00189947 0.10155456 0.42986559]
[0.01362689 0.01385721 0.64456325 0.11766014 0.55237846]
[-3.17359024e-05 -4.26596673e-04  1.31330349e-02  8.72889809e-01
  3.01948113e-01]
[0.01241244 0.7335989  0.09536814 0.38617817 0.00688074]
[0.16038991 0.59698543 0.60142684 0.04769723 0.12193224]
[0.04328147 0.10642039 0.54091281 0.36099764 0.45799496]
[0.08512123 0.03077878 0.05784579 0.6166597  0.47810957]
[0.01487397 0.9202187  0.00524905 0.33673619 0.22081985]
[0.47659709 0.29767905 0.09275728 0.46879289 0.24824592]
[0.26290175 0.11440474 0.22501099 0.55005983 0.2554414 ]
[0.08847125 0.09144087 0.02504922 0.44304145 0.46324076]
[0.62564524 0.16815057 0.16260657 0.08086734 0.53954987]
[0.02159052 0.10210764 0.49403247 0.5020675  0.316966  ]
[0.02451812 0.03471984 0.12394166 0.63226082 0.29448915]
[0.03384418 0.20027393 0.72914086 0.11899013 0.08590224]
[0.07691708 0.60865634 0.36750234 0.49529507 0.18681597]
[0.71184706 0.05846977 0.52759026 0.00998628 0.24278202]
[0.03451969 0.0105543  0.37300452 0.76960514 0.00604615]
[6.83317018e-04 1.92182597e-03 3.83218176e-04 1.20562531e+00
 3.05655897e-01]
[0.28311827 0.360059   0.05036985 0.41920623 0.37582644]
[0.00381686 0.00633178 0.00128443 0.50352278 0.62977071]
[0.1230337  0.00398787 0.5572687  0.49800624 0.40470095]
[0.00566675 0.01355327 0.61983436 0.43959227 0.18327357]
[0.02964019 0.00210053 0.73549891 0.3032248  0.30620536]
[0.09502968 0.8699328  0.20610733 0.07332567 0.31035029]
[0.73987858 0.76839111 0.5092873  0.05203243 0.01812077]
[0.24470293 0.59700648 0.442325   0.08824754 0.09072506]
[0.5110129  0.56349775 0.11762687 0.19539368 0.02752035]
[0.06137202 0.05101835 0.11570536 0.67184762 0.0105815 ]
[0.03665413 0.02230106 0.22759733 0.16620729 0.5522215 ]
[0.00101487 0.00108448 0.15138696 0.74074816 0.34564823]
[0.2185078  0.14608763 0.46696626 0.24718178 0.2893251 ]
[0.11285511 0.83373832 0.54647706 0.06202528 0.04521928]
[0.74144065 0.82452408 0.02695482 0.34657505 0.04648941]
[0.11054121 0.01424955 0.40213452 0.19548646 0.47290489]
[0.22129329 0.24523604 0.78884261 0.08487503 0.03060545]
[0.01922741 0.01981963 0.01420866 0.69186903 0.51651922]
[3.15276884e-02 2.34606439e-02 3.14211925e-04 7.72834153e-01
 3.36381271e-01]
[0.06559192 0.01547912 0.0331649  0.33850425 0.59273584]
[0.17562763 0.10942888 0.14691132 0.44071881 0.46504414]
[0.54366699 0.35187239 0.0171666  0.67797915 0.00444579]
[0.58792587 0.82363394 0.01259246 0.15542679 0.39458631]
[0.0584101  0.01053527 0.34839598 0.65922438 0.18172968]
[ 2.00926022e-01  4.07620643e-01  3.41527887e-03  1.10541847e+00
 -2.85432386e-04]
[0.11706986 0.69179377 0.44087769 0.03420414 0.11528043]
[0.42396652 0.26698417 0.34442475 0.06027453 0.41937514]
[0.00572219 0.01543177 0.00421615 1.2619827  0.19552124]
[0.20674283 0.09800461 0.35239021 0.39229996 0.53511709]
[0.13154319 0.12180859 0.37429763 0.30424843 0.53713461]
[0.64418598 0.56793583 0.3370748  0.00854261 0.49220991]
[0.28946433 0.7276212  0.07383299 0.01384604 0.28992557]
[0.7963079  0.40045698 0.05669661 0.08015474 0.01536222]
[1.12585239e-02 6.79661859e-04 2.06383113e-03 1.08971266e+00
 4.27206866e-01]
[0.19883665 0.4165718  0.02704692 0.73737295 0.01298718]
[0.02555769 0.20533078 0.5798079  0.3972058  0.2933145 ]
[0.25024283 0.15445711 0.2247601  0.5537384  0.24175515]
[0.45882916 0.62420885 0.53630269 0.00844471 0.09444212]
[0.10176885 0.60242464 0.20289099 0.36177098 0.3180979 ]
[0.16458497 0.43988397 0.29901483 0.0772414  0.49251859]
[0.00884384 0.00233946 0.68266476 0.31036974 0.10143172]
[0.03363998 0.00629155 0.35299291 0.65860851 0.41247085]
[0.01557741 0.01106837 0.79598757 0.16282182 0.1973705 ]
[ 5.56314711e-04 -4.86259817e-04  1.60725184e-03  5.29378248e-02
  7.23018831e-01]
[0.73362526 0.79643983 0.37739277 0.0126851  0.25358203]
[0.28669136 0.25920874 0.38174353 0.57953095 0.11888319]
[0.38890128 0.24927892 0.02462233 0.65774733 0.16618118]
[0.05940754 0.07370302 0.91251525 0.01043952 0.00785879]
[0.0027384  0.93882498 0.19974453 0.15485093 0.19465716]
[0.42236215 0.00650129 0.10764987 0.30903939 0.44576241]
[0.22272528 0.30825931 0.64809335 0.19173772 0.12805052]
[0.29503956 0.0495579  0.92501618 0.27680255 0.00536575]
[0.36274963 0.12366738 0.86320807 0.15982622 0.02885807]
[1.00990323 0.09617452 0.30857283 0.10692638 0.09585787]
[-1.38274866e-04 -2.97277205e-04  3.26691593e-04 -2.10491523e-03
  7.50259117e-01]
[0.22877908 0.31445307 0.72893028 0.03745556 0.22678248]
[0.29660007 0.20028439 0.25923451 0.4291099  0.41441734]
[0.01284888 0.10008566 0.0058026  0.83429637 0.1071251 ]
[0.05779531 0.05168462 0.14262773 0.14336133 0.54014385]
[0.0098944  0.06520542 0.1850771  0.78097536 0.08369852]
[0.0071381  0.0177459  0.00116888 0.11058199 0.67643833]
[0.00454499 0.00752697 0.00672283 0.88863839 0.39561253]
[0.64631713 0.08439152 0.52005722 0.0590663  0.09684839]
[0.02225489 0.05408426 0.09997353 0.01289085 0.6221182 ]
[0.20578337 0.15181338 0.55554539 0.4476908  0.12976728]
[0.07230663 0.02194503 0.30247536 0.51771397 0.41064792]
[0.03897074 0.03571886 0.82712005 0.11655208 0.09996286]
[0.4374143  0.73753279 0.06328352 0.30143609 0.10044507]
[0.79643311 0.05676486 0.05182106 0.1776162  0.16465312]
[0.07063422 0.08978557 1.06245392 0.30156931 0.00607585]
[0.04228897 0.15082395 0.57843063 0.44442357 0.37682647]
[0.04145303 0.11075886 0.38628675 0.26254758 0.49120947]
[0.22763585 0.20799224 0.5513797  0.59878952 0.08854678]
[0.21023581 0.03138993 0.63405414 0.19600186 0.46132614]
[0.01213931 0.0336622  0.51025424 0.21934239 0.58194707]
[ 1.03429149e-03 -4.14760069e-04  2.21811032e-02  6.27873620e-01
  5.83709889e-01]
[0.40623222 0.74983149 0.05025388 0.53510278 0.03062936]
[0.05124472 0.00933168 0.32281183 0.58885806 0.42137721]
[0.00352047 0.02210958 0.00521563 0.65241136 0.55136176]
[0.08782922 0.33139398 0.77973215 0.11052002 0.17082812]
[0.02306737 0.52289895 0.06009098 0.43017875 0.56622423]
[0.60507354 0.36676212 0.12146263 0.30877139 0.26216339]
[0.05249249 0.07199351 0.76313402 0.35740522 0.28209862]
[0.6406139  0.31376743 0.0976679  0.33195752 0.17128635]
[0.03442259 0.06915323 0.05493452 0.73193461 0.16827527]
[0.3533192  0.48791037 0.09847036 0.36703226 0.50178545]
[0.0354358  0.06520862 0.88261974 0.00952363 0.22239798]
[0.51147228 0.65221969 0.04315033 0.29915706 0.31136211]
[0.1287658  0.06356905 0.5661103  0.54601435 0.21438921]
[0.8036262  0.17923392 0.50909202 0.63850013 0.01145205]
[0.14922709 0.09364591 0.12539852 0.41307945 0.62194109]
[1.07310012 0.10223011 0.1619863  0.13312157 0.09828063]
[0.02123443 0.02649205 0.70000511 0.31489854 0.48902406]
[0.14132508 0.05161071 0.0856556  0.97534259 0.02574674]
[0.34870997 0.44386405 0.12678521 0.18629886 0.4843336 ]
[0.15791824 0.56994111 0.80583805 0.04965607 0.09492945]
[0.15911209 0.67529155 0.42321597 0.69855449 0.02708256]
[0.00098997 0.00177513 0.10797805 0.12465626 0.7782366 ]
[0.2518792  0.09178424 0.34339798 0.70495665 0.2221681 ]
[8.15466683e-05 6.40749526e-02 7.00615845e-01 6.84890840e-01
 1.27981053e-01]
[0.13850063 0.36913853 0.23119061 0.80274435 0.04577782]
[0.80590955 0.26380277 0.49705527 0.46229355 0.03704736]
[0.13677516 0.0105797  0.5526081  0.71070677 0.01424907]
[0.07829897 0.11180302 0.00813841 0.78450939 0.35576142]
[0.16580316 0.39017447 0.00310042 0.16040926 0.72660594]
[0.19151644 0.19777267 0.75203602 0.14646983 0.24353143]
[0.5379201  0.55834451 0.39773816 0.31723003 0.04998981]
[0.01816626 0.2197013  0.26254451 0.89735471 0.02824952]
[0.02177325 0.01377055 0.3951249  0.31104563 0.63840514]
[0.14317295 0.13315279 0.73278828 0.37218568 0.13311864]
[0.6034499  0.23754584 0.03119895 0.52446299 0.3926694 ]
[0.18958401 0.20021781 0.78615727 0.2455915  0.14788112]
[0.00094466 0.32661882 0.31091812 0.22744063 0.56732421]
[0.06304288 0.61791161 0.59258416 0.22684103 0.36487759]
[0.0599647  0.02024561 0.41254702 0.77813449 0.25737158]
[0.25130068 0.6722421  0.34345642 0.45018372 0.09806861]
[0.49809716 0.83879591 0.07200186 0.20001035 0.1160144 ]
[0.48870134 0.45272645 0.23940509 0.73889752 0.01160927]
[0.02810973 0.02786199 0.78909744 0.10455332 0.3225113 ]
[0.53337093 0.88857164 0.43792613 0.1275281  0.03387404]
[0.22340724 0.57958472 0.36463386 0.6313206  0.04573286]
[0.69157585 0.22433341 0.42641718 0.30640842 0.18528261]
[0.0588811  0.02103525 0.42216185 0.7125389  0.22153878]
[0.16443039 0.08094916 0.35310645 0.19757253 0.59687698]
[0.06120877 0.02448667 0.01517248 0.72677679 0.44957027]
[0.07816335 0.18382577 0.00143434 0.04361642 0.887575  ]
[0.05375096 0.40069809 0.23371848 0.81138281 0.04627539]
[0.09027061 0.18840517 0.70476578 0.3468536  0.28591965]
[4.69738675e-02 5.62567446e-04 1.26849869e-01 9.13369170e-01
 6.58500619e-02]
[0.16680582 0.68483228 0.00536124 0.92542568 0.36813573]
[0.80694873 0.90597539 0.41182372 0.0143863  0.35356164]
[0.0494202  0.60296318 0.75467414 0.08890975 0.37071364]
[0.07800532 0.70526352 0.23848895 0.7402449  0.00720764]
[0.67711573 0.24867617 0.03861272 0.58444056 0.33292809]
[0.51589018 0.1253653  0.48725896 0.6720666  0.029592  ]
[0.30567218 0.06110301 0.22501467 0.72097241 0.15820915]
[0.62412743 0.85616537 0.64614143 0.01409859 0.12800182]
[0.09291536 0.91020509 0.1217359  0.22040419 0.3546096 ]
[0.02871267 0.22278384 0.01293979 0.8663303  0.11873472]
[0.08373759 0.05317167 0.30281877 0.28811544 0.59490255]
[0.03086977 0.48775752 0.75467597 0.33194752 0.2264189 ]
[0.03160353 0.00543435 0.72670925 0.13017848 0.46780553]
[0.01829233 0.0157767  0.67990478 0.47334341 0.30324917]
[0.87874596 0.20472102 0.01817373 0.40540485 0.50514962]
[0.06037422 0.10107478 0.05677994 0.56248004 0.56100817]
[0.11537866 0.20316295 0.69287418 0.09958975 0.36776325]
[0.09691455 0.07633488 0.35295488 0.74959412 0.09333748]
[0.48620574 0.54054304 0.73184599 0.34767831 0.04671071]
[0.27262239 0.24777978 0.27953501 0.68387905 0.22065472]
[0.37604551 0.06038081 0.17308115 0.77098898 0.15241491]
[0.10545046 0.70906881 0.45012487 0.11778375 0.12455388]
[0.63887602 0.31095577 0.10971578 0.63960108 0.06613796]
[0.18791257 0.14851144 0.79579454 0.2152754  0.09585446]
[0.08393433 0.82232828 0.27153195 0.07292517 0.37578195]
[0.11123881 0.16045713 0.40414923 0.73846396 0.08374859]
[0.35932693 0.37282595 0.52945047 0.48441485 0.04998981]
[0.35834862 0.22256976 0.06331645 0.28182172 0.55577811]
[0.03763386 0.08998788 0.47396398 0.08536268 0.63710498]
[0.06132223 0.22166626 0.40783441 0.33756468 0.52791939]
[0.18797511 0.00386689 0.75741833 0.34034642 0.19080443]
[0.11493805 0.79268298 0.269505   0.48593896 0.21233538]
[0.00599127 0.36875092 0.95380907 0.01904812 0.14902313]
[0.49623009 0.23605656 0.12728554 0.54824873 0.18195092]
[0.62242622 0.24119781 0.00887625 0.64230333 0.58742064]
[0.37040301 0.66148197 0.51577224 0.45318853 0.0166782 ]
[-1.24334782e-04  1.44701029e-02  3.75292881e-01  8.01738110e-01
  1.44931821e-01]
[0.46443685 0.59576019 0.2604356  0.28502373 0.17361592]
[0.03758391 0.14412974 0.54450274 0.55809683 0.22086665]
[0.03941757 0.03617122 0.05322983 0.77820727 0.18505993]
[0.19460169 0.00454512 0.78413825 0.30594159 0.21723071]
[0.17525814 0.11006939 0.14644752 0.37708614 0.60302189]
[0.01768505 0.02209446 0.5836151  0.02932052 0.51431607]
[0.31102087 0.6183873  0.00333604 0.4538305  0.70952134]
[0.65261359 0.0456226  0.05259075 0.14555092 0.50770624]
[0.01619038 0.12296986 0.11414131 0.80188748 0.13488763]
[0.01366561 0.01223076 0.29234366 0.25349218 0.64142395]
[1.27070650e-01 9.54729464e-03 1.38035395e-01 4.58770220e-04
 7.41491596e-01]
[5.07581388e-02 6.56832138e-04 1.37051653e-01 8.06494450e-01
 3.61375231e-01]
[0.64454977 0.17324852 0.16928586 0.08343839 0.5562723 ]
[0.21869605 0.14621392 0.46736831 0.24739642 0.28957453]
[0.13164642 0.09546352 0.45141958 0.62392872 0.39294873]
[0.5407137  0.0084224  0.13781776 0.32732604 0.52072867]
[0.31526237 0.63125769 0.02788601 0.69766802 0.2349248 ]
[0.02934294 0.03192272 0.85061224 0.11217243 0.30737773]
[0.47713728 0.20531645 0.33236712 0.81289695 0.04418926]
[0.21457785 0.13975804 0.71241602 0.10395218 0.35226981]
[0.07843972 0.11139879 0.00812589 0.783307   0.35652684]
[0.00335945 0.10881571 1.09296077 0.02593623 0.17094912]
[0.47273302 0.14443488 0.12353985 0.72775803 0.21842828]
[0.45933068 0.23045361 0.0030315  1.15421628 0.20935181]
[0.01263809 0.24579239 0.76245683 0.50717481 0.15675562]
[0.2460681  0.04966609 0.31236569 0.69783083 0.43568273]
[0.37130817 0.32159313 0.97661824 0.0606733  0.01050014]
[0.239918   0.14300584 0.27985454 0.72050525 0.24558733]
[0.65477037 0.90402682 0.01390661 0.17180021 0.43614476]
[0.08862497 0.86822482 0.17965207 0.21307641 0.31327238]
[0.03079093 0.0142122  0.18433349 0.80901888 0.33161691]
[0.03790413 0.34175373 0.32605385 0.90918836 0.00540297]
[0.03594621 0.21155867 0.78638552 0.12780595 0.2165134 ]
[0.33886167 0.8624227  0.14721983 0.22508955 0.33369126]
[0.02083312 0.1212     0.06141837 0.58779646 0.50960218]
[0.47286357 0.43904664 0.23186188 0.4588505  0.30643246]
[0.04828553 0.01679438 0.87164783 0.12405452 0.23057698]
[0.71164768 0.46823994 0.0225773  0.35437206 0.297065  ]
[0.29919392 0.84105668 0.02201232 0.58054425 0.32964717]
[0.51635078 0.72972997 0.49592477 0.0080294  0.42620063]
[0.01213536 0.00327241 0.06691746 0.33601652 0.65894467]
[0.87712904 0.432554   0.11379912 0.08873763 0.15793877]
[0.01878278 0.18483965 0.06191875 0.44612618 0.57748875]
[0.03905953 0.10587758 0.37950781 0.6933067  0.22264175]
[0.20692024 0.29878772 0.75463578 0.30298064 0.0858253 ]
[0.21527952 0.13354274 0.03829803 0.45887041 0.59851314]
[0.28812571 0.48506699 0.03759396 0.82018018 0.06621515]
[0.01416631 0.0144229  0.49349561 0.34501502 0.63048806]
[0.01944612 0.05400599 0.79848963 0.6309714  0.13072353]
[0.11965322 0.70705079 0.45059355 0.11791879 0.11910416]
[0.07224549 0.06358052 0.17303476 0.17513292 0.64385337]
[0.01090365 0.08550932 0.25942939 0.47620847 0.55855456]
[0.57727448 0.22366137 0.14077375 0.59414184 0.13983553]
[0.07015416 0.04446495 0.25378814 0.33723244 0.59513009]
[0.00594721 0.01423386 0.64961857 0.59134951 0.21201251]
[0.71498563 0.35249584 0.09275651 0.34662967 0.12443246]
[0.58600747 0.0028179  0.63739761 0.01925724 0.1338828 ]
[5.64958577e-01 2.15355685e-04 7.90807820e-02 3.84144071e-01
 5.54067477e-01]
[0.00593333 0.00708712 0.07969367 0.08659248 0.72475095]
[0.46067959 0.77576031 0.3196194  0.19977934 0.11588137]
[0.4531057  0.07198116 0.10983559 0.46353189 0.49718312]
[0.31324885 0.65641698 0.04262813 0.71529405 0.01476764]
[0.06852832 0.07530766 0.22938021 0.92673816 0.0288951 ]
[0.30455316 0.89890483 0.05214316 0.12945184 0.46562195]
[0.07033253 0.03448261 0.57837246 0.54779094 0.21548696]
[0.03657845 0.42369844 0.09992612 0.03515654 0.65835545]
[0.2095729  0.01158204 0.76943414 0.23621285 0.36529303]
[0.08841868 1.13706132 0.10079291 0.01654588 0.3776893 ]
[0.38597617 0.25053013 0.06041325 0.44058839 0.38407957]
[0.01461361 0.00105277 0.36535475 0.0024465  0.72295638]
[0.31848915 0.89531466 0.02343484 0.36788087 0.30583303]
[0.36373447 0.05259576 0.15599429 0.65758969 0.44536231]
[0.34594162 0.11079499 0.24908055 0.42304804 0.54750524]
[0.42332407 0.16634601 0.02952312 0.71337773 0.4757304 ]
[0.52375873 0.33961025 0.40108476 0.4543812  0.13775096]
[0.02078709 0.00712312 0.01671481 0.21177104 0.67052786]
[0.31676385 0.23166091 0.34546246 0.66254362 0.24717591]
[0.49128038 0.30397744 0.326262   0.68767619 0.0060077 ]
[0.64657202 0.29310183 0.10987551 0.64053496 0.04066191]
[0.49969879 0.33961661 0.44258158 0.09306179 0.09085653]
[0.00148108 0.48403439 0.06400049 0.22245183 0.55498794]
[0.01003017 0.30150221 0.78268692 0.31300419 0.21773009]
[0.08763728 0.01715646 0.64503649 0.46110971 0.2258752 ]
[0.02746497 0.02506551 0.06686516 0.81515104 0.19548872]
[0.5473832  0.62053804 0.57232176 0.06160311 0.23110489]
[0.04089142 0.12388003 0.47561027 0.70364543 0.08132317]
