[0.23033983 0.3329977  0.60016938 0.25816742 0.02340712]
[0.02517771 0.00316336 0.26266005 0.49578698 0.30583728]
[0.67320937 0.58685674 0.03321955 0.0036074  0.18707378]
[3.05688291e-02 7.21126749e-01 1.52128116e-04 6.23085758e-01
 9.70955832e-02]
[0.02467859 0.00990703 0.80050909 0.22955531 0.01900847]
[0.30070637 0.08789192 0.24574777 0.37903954 0.37716779]
[0.06874264 0.06115091 0.00490003 0.58999969 0.31264152]
[0.00284412 0.00340575 0.33478896 0.62573341 0.17250653]
[0.64751542 0.00560313 0.46064442 0.00828857 0.1174497 ]
[0.11073726 0.70433907 0.3627951  0.10967717 0.0089876 ]
[0.16809542 0.34008922 0.00443973 0.89884199 0.00418946]
[0.17559833 0.24482749 0.86004296 0.00195536 0.09291878]
[0.28311827 0.360059   0.05036985 0.41920623 0.37582644]
[0.01207653 0.01716249 0.74415746 0.10599431 0.0255361 ]
[0.00209117 0.00112922 0.00459742 0.61430811 0.27807992]
[ 9.79900549e-01  4.38157712e-01  4.48183486e-03 -3.55669000e-04
  3.20933003e-03]
[0.35673879 0.22470089 0.00526352 0.88521497 0.00423398]
[0.61886286 0.76894363 0.01152688 0.31702079 0.01252037]
[0.17423624 0.17206055 0.69450989 0.10471218 0.00772243]
[0.46096971 0.29996992 0.30456572 0.00208439 0.54250542]
[0.06526481 0.03149205 0.21892059 0.28996615 0.52592404]
[0.12772069 0.07900166 0.50716818 0.13713936 0.39454689]
[0.15915723 0.09805217 0.14797145 0.55175076 0.24173479]
[4.60609431e-04 5.56262873e-03 1.62241190e-03 6.54193020e-01
 5.07644231e-01]
[0.40481757 0.25472409 0.32960414 0.0022898  0.35227821]
[0.00519327 0.04468863 0.59194239 0.22973577 0.32508167]
[0.01048902 0.01770124 0.69807491 0.00916506 0.05674061]
[0.00576588 0.05747312 0.77360609 0.10199134 0.03870313]
[0.04662343 0.11046742 0.00573434 0.07064043 0.57754578]
[0.00530876 0.00284514 0.43946565 0.33936769 0.38653558]
[0.16992911 0.30925637 0.6175848  0.33102228 0.08405696]
[0.2185078  0.14608763 0.46696626 0.24718178 0.2893251 ]
[0.2845715  0.03598091 0.52172417 0.04292815 0.41199271]
[0.02556853 0.58044473 0.00641882 0.48902843 0.349971  ]
[0.01335593 0.01648429 0.56462246 0.01725941 0.4985389 ]
[0.08392281 0.0519436  0.5094777  0.23989054 0.36995356]
[0.52579924 0.06431191 0.42450315 0.42135127 0.09367735]
[ 6.00085115e-02  1.21553437e-01  2.60302552e-01  8.22718509e-01
 -3.16655203e-04]
[0.91267242 0.00907234 0.05887837 0.02281916 0.01333466]
[0.26453419 0.70498191 0.01022097 0.41041268 0.08923207]
[3.68315016e-03 8.35263787e-03 8.04591438e-05 1.13375520e-01
 6.28802893e-01]
[0.17029634 0.24583904 0.62116906 0.24901832 0.07060582]
[0.06948994 0.00109325 0.21170311 0.6360723  0.10242773]
[0.05748331 0.56735692 0.53957212 0.27693235 0.04309863]
[7.78491921e-03 1.04929074e-02 4.05449996e-04 7.24191617e-01
 2.75667573e-02]
[0.83018137 0.22156924 0.04117451 0.00929617 0.45436102]
[0.3055137  0.08109937 0.24831927 0.61039173 0.15640492]
[0.20932444 0.07997132 0.28985877 0.54723446 0.25825398]
[0.37177172 0.24830805 0.01557899 0.63795748 0.00377783]
[0.00704447 0.00086134 0.07415673 0.62515409 0.2775859 ]
[0.00610948 0.24357713 0.2317973  0.47814132 0.37017549]
[0.06162495 0.5573596  0.1872098  0.58410918 0.00560602]
[ 1.24733935e-03 -4.40462173e-04  1.26116697e-03  8.41308345e-01
  4.48537307e-01]
[0.05013816 0.14889053 0.51128267 0.34817943 0.17108906]
[0.00912614 0.00581911 0.26811917 0.12464597 0.59674789]
[0.05802368 0.02832844 0.47731407 0.45002109 0.12249471]
[0.03609564 0.32549184 0.17775545 0.67878225 0.0087463 ]
[3.11749665e-04 1.40884525e-01 6.58479580e-01 3.67374684e-01
 2.47646900e-02]
[0.01487397 0.9202187  0.00524905 0.33673619 0.22081985]
[ 3.72995856e-02  3.11846461e-02  9.66578205e-01 -9.59779804e-04
  1.24347022e-01]
[0.38655237 0.05435234 0.10549338 0.60545484 0.16216918]
[0.22688519 0.22950999 0.68060644 0.08237178 0.07867312]
[0.0182777  0.48441938 0.32010518 0.53322445 0.08408815]
[0.04751529 0.98873487 0.05707029 0.04483034 0.01541248]
[0.41521676 0.00638101 0.11631123 0.30602342 0.44196093]
[0.00239    0.01653816 0.41627426 0.60099689 0.04268352]
[0.06198685 0.45674625 0.59084961 0.0498     0.12995507]
[0.59517199 0.19507007 0.00956115 0.54379902 0.10572898]
[ 8.64277439e-01  3.86394223e-01  3.94662489e-03 -5.67414518e-04
  3.89812256e-01]
[0.02646469 0.23889053 0.22787977 0.64007635 0.0036811 ]
[0.58162426 0.08636667 0.08601322 0.36413965 0.18648645]
[0.21813064 0.39655206 0.02062807 0.60984387 0.09686548]
[0.93939874 0.01530758 0.29296071 0.00636763 0.14654513]
[0.01824892 0.01101966 0.00300791 0.43572484 0.49610373]
[0.01366652 0.01013047 0.71187625 0.03067534 0.15535987]
[3.40022094e-01 8.69198750e-01 2.08803665e-04 1.73820968e-01
 1.03153312e-01]
[0.2452547  0.51424784 0.03633943 0.0622063  0.42513866]
[0.00884384 0.00233946 0.68266476 0.31036974 0.10143172]
[0.25379834 0.61972205 0.00826494 0.39987649 0.32641856]
[0.31864227 0.80098374 0.08127649 0.01545754 0.04241996]
[0.22182785 0.01031324 0.7387695  0.00339818 0.0023166 ]
[0.01570132 0.01621543 0.49849612 0.53018672 0.03820044]
[0.06137202 0.05101835 0.11570536 0.67184762 0.0105815 ]
[0.17307143 0.07908819 0.77745085 0.00094352 0.20422259]
[ 2.74581188e-03 -3.74098856e-04  3.01855064e-01  1.18800290e-03
  6.04283389e-01]
[0.09327936 0.91220188 0.21518569 0.07701327 0.02356096]
[0.17387214 0.44812831 0.10994565 0.50930743 0.15182177]
[ 0.09743908  0.80409837  0.2203075  -0.00123895  0.20238123]
[0.00758997 0.77300454 0.04095619 0.09224935 0.31434877]
[0.13435498 0.02664214 0.00115502 0.48014609 0.50194628]
[0.1219171  0.60825454 0.40829    0.00724844 0.2455174 ]
[0.06525029 0.16345914 0.01337188 0.25441479 0.52183312]
[0.05779531 0.05168462 0.14262773 0.14336133 0.54014385]
[0.04483482 0.38226031 0.02388731 0.5176644  0.41285008]
[0.27476449 0.00123405 0.30367541 0.04181451 0.48377794]
[0.0692513  0.0863197  0.00579788 0.69561428 0.01151786]
[0.05070475 0.48953342 0.02220931 0.64224644 0.1615782 ]
[0.29878387 0.23739053 0.717903   0.01108076 0.01858487]
[0.02224115 0.66189937 0.0860962  0.35372477 0.13488984]
[0.43240677 0.1670458  0.11138239 0.47918621 0.19411892]
[0.04777173 0.5502267  0.12974626 0.05108846 0.49699397]
[ 0.57727189  0.37285192  0.16767124 -0.00079029  0.53145699]
[0.46820178 0.16676697 0.33438285 0.57921333 0.00833115]
[1.52819071e-05 1.03535665e-02 7.49661662e-01 1.23861541e-02
 1.98979160e-01]
[ 1.38405151e-02  1.66416461e-02  4.49892691e-01 -3.90085866e-05
  5.21925118e-01]
[0.29201264 0.19705988 0.54503902 0.23687894 0.11048563]
[0.00150444 0.22261188 0.0323582  0.31198536 0.49167003]
[1.36411090e-01 1.35888660e+00 1.44007594e-04 1.68469036e-01
 1.86505741e-01]
[ 1.72816786e-01  1.59954128e-01 -3.66846117e-05  8.24056790e-01
  9.96026937e-02]
[0.15344233 0.09449875 0.53684089 0.46988783 0.01025004]
[0.04393646 0.05461987 0.08135616 0.6811521  0.01063058]
[0.09831476 0.06574281 0.4025651  0.49658222 0.26311764]
[0.70391527 0.05010112 0.14390257 0.16017668 0.16067068]
[0.02980208 0.01826821 0.64723946 0.36940233 0.1903681 ]
[0.26935671 0.29468241 0.7797765  0.12479551 0.00102714]
[0.16755248 0.58900431 0.34733458 0.10854567 0.23017245]
[0.17815645 0.11657584 0.62727527 0.23836441 0.10773263]
[0.94690184 0.15689262 0.03258751 0.03478697 0.03051173]
[0.75381072 0.06849262 0.55901808 0.00619098 0.01132907]
[0.16577484 0.14910323 0.40841922 0.41442326 0.25265059]
[0.26203698 0.08911355 0.07652771 0.44634957 0.36116919]
[9.49189615e-03 3.44404630e-04 6.80269460e-01 1.57269748e-01
 1.58131748e-01]
[0.0600615  0.0367947  0.4259777  0.33869084 0.38135232]
[0.27991548 0.00099649 0.30454919 0.30892167 0.44273135]
[0.0113026  0.00989415 0.6551985  0.1454314  0.07541121]
[0.33497873 0.14591717 0.03097629 0.53228034 0.24720384]
[0.45635146 0.06704652 0.33735329 0.00478235 0.43476588]
[0.23528051 0.24024663 0.23226511 0.03205323 0.46654128]
[0.45690981 0.07583439 0.37200169 0.27129993 0.28487071]
[1.31492601e-04 2.40016864e-03 5.83757424e-03 6.81504582e-01
 2.06171264e-01]
[0.87123542 0.55896627 0.0037775  0.05661018 0.01027907]
[ 1.43545417e-03 -2.13077126e-04  3.74358748e-01  5.91799094e-01
  3.77950248e-01]
[0.16341708 0.12497392 0.59225101 0.12314181 0.32653719]
[0.42875206 0.18691535 0.03965867 0.44279648 0.24277058]
[0.15452925 0.28003137 0.56507268 0.43636022 0.08324286]
[0.2346201  0.56181924 0.05407379 0.60085223 0.00359311]
[ 1.59510352e-03 -1.73439871e-04  4.11581465e-01  6.50847214e-01
  2.81214387e-01]
[0.13416296 0.01710917 0.26564758 0.61044751 0.30511541]
[0.00992807 0.07369366 0.09594745 0.00628971 0.59802092]
[0.25395355 0.16260548 0.0532847  0.43643058 0.43266388]
[0.02444708 0.25724024 0.7207621  0.0982811  0.03731855]
[0.14666979 0.01554898 0.53216026 0.26287709 0.27595119]
[6.20067600e-03 1.31174787e-02 3.83562992e-05 3.56294218e-01
 8.06138876e-01]
[0.17562763 0.10942888 0.14691132 0.44071881 0.46504414]
[8.50555257e-01 7.09383308e-02 5.16389239e-01 2.69801832e-01
 6.22503097e-05]
[0.31902625 0.04961002 0.08721668 0.50024208 0.28218779]
[0.6838705  0.26848061 0.41432697 0.00361032 0.00810037]
[0.17606676 0.23028635 0.6187113  0.29157434 0.00710056]
[0.18941157 0.12981895 0.49971893 0.23613272 0.38290955]
[0.00163703 0.0038463  0.10014564 0.01151506 0.604974  ]
[0.02062654 0.15688483 0.14656194 0.22532332 0.53134209]
[1.66508212e-03 1.38952584e-02 4.24072832e-04 8.81963224e-01
 1.48761670e-01]
[0.04628517 0.11619219 0.5197952  0.39061896 0.28827738]
[0.09252724 0.05192434 0.39702547 0.59046564 0.1840606 ]
[0.18707312 0.1634988  0.00576476 0.00181374 0.59668418]
[0.19796315 0.65193873 0.06720569 0.36491757 0.12164808]
[0.00299881 0.00326932 0.10021227 0.6127606  0.47509445]
[4.68891387e-02 1.11752137e-01 5.63664080e-04 2.60328240e-02
 6.29531616e-01]
[0.00243396 0.00287082 0.28316665 0.33719089 0.50246105]
[ 3.87568330e-02  3.18833865e-02  9.98297129e-01 -1.45122501e-05
  3.44037990e-02]
[0.01601104 0.01157577 0.60184726 0.00904442 0.27679188]
[0.07643908 0.74898954 0.20127858 0.0646152  0.37117115]
[0.11494102 0.07164423 0.10575566 0.37499054 0.48881083]
[0.03372826 0.87052928 0.11299569 0.14024326 0.17698688]
[0.09949046 0.69985462 0.09648059 0.17137122 0.28934627]
[0.18766779 0.12348563 0.6787102  0.0166736  0.10919649]
[0.25356293 0.15726525 0.00705757 0.00269439 0.55994258]
[4.88192105e-02 7.11331122e-03 1.01989179e+00 3.16901368e-05
 5.05638959e-03]
[-1.69457493e-04  2.43778451e-04  7.14208603e-01  1.04105794e-01
  1.93638731e-01]
[0.30647906 0.38749156 0.50895352 0.10463687 0.02740893]
[0.07947152 0.05274595 0.2887766  0.00122921 0.60133831]
[0.34249653 0.21558323 0.27825568 0.22190562 0.35590246]
[0.79643311 0.05676486 0.05182106 0.1776162  0.16465312]
[0.6072357  0.26494933 0.03756576 0.0997597  0.24281061]
[0.41309172 0.15735298 0.56945026 0.01277218 0.00342416]
[0.4021817  0.18097435 0.46711283 0.02208632 0.22505706]
[0.03432991 0.25500024 0.12272762 0.0986055  0.54642686]
[0.11722634 0.09787653 0.07914851 0.68884881 0.01567984]
[0.09353304 0.06624465 0.64323341 0.09487046 0.09508772]
[0.04543844 0.13634579 0.47091353 0.53987827 0.25883239]
[0.13725584 0.10775345 0.25297559 0.0064042  0.58012065]
[0.21540675 0.27269343 0.495673   0.04489036 0.40713101]
[0.44361788 0.60350224 0.52170953 0.00811848 0.0025649 ]
[0.40575081 0.14491308 0.28714831 0.47726864 0.20994133]
[0.04074506 0.0262677  0.72533128 0.17442991 0.00587262]
[0.55717419 0.57075609 0.00790836 0.28529009 0.03876326]
[0.00499604 0.01377294 0.37321969 0.24120775 0.46483824]
[0.01689528 0.0109693  0.59904249 0.61168672 0.01657798]
[0.0100637  0.00794924 0.57043385 0.42987225 0.17218715]
[-2.04047853e-05  8.73120130e-03  6.37353051e-01  1.02171871e-02
  3.38953362e-01]
[0.45029877 0.01149403 0.49511078 0.44445268 0.1547823 ]
[0.21768034 0.51954961 0.13826689 0.13581066 0.4621666 ]
[0.05371614 0.13487599 0.60294968 0.45344581 0.0299356 ]
[0.27553175 0.05502109 0.17123032 0.61711668 0.19693853]
[0.03514834 0.16478614 0.52316535 0.01715575 0.3521061 ]
[0.01513739 0.00977637 0.6641199  0.09680894 0.10541988]
[0.14677861 0.67188125 0.25110583 0.10690673 0.28511032]
[0.06945608 0.54968764 0.30475593 0.43469985 0.16400973]
[0.74879663 0.11867947 0.00535443 0.09760776 0.09307384]
[0.00116113 0.0029704  0.40684311 0.40690754 0.26483598]
[0.20305769 0.10063535 0.30174134 0.58036698 0.1560917 ]
[0.00070331 0.00479051 0.10922761 0.43466173 0.48720701]
[0.09332759 0.55157508 0.35283376 0.09113703 0.28124426]
[0.73153795 0.65668833 0.01440172 0.00179271 0.30026892]
[0.04817263 0.12385621 0.00674324 0.58885755 0.3853671 ]
[0.0970751  0.07577523 0.43013461 0.04145758 0.46974708]
[0.09868202 0.81929459 0.44496152 0.00731434 0.12087736]
[0.56809427 0.58195093 0.00449065 0.17044284 0.06916726]
[0.4196666  0.85167126 0.01926576 0.49736457 0.00483445]
[0.50667254 0.33858954 0.08659393 0.50600843 0.00376892]
[0.30700153 0.23618832 0.20227545 0.16197829 0.45263034]
[0.40382233 0.25427482 0.44526392 0.30049483 0.01425281]
[1.04528098 0.15628269 0.18622231 0.0069738  0.09496197]
[0.25327005 0.01454315 0.47535213 0.41679503 0.16302106]
[0.64894845 0.01451586 0.46224139 0.00696523 0.02890877]
[3.42455468e-01 9.03871132e-01 2.75730225e-04 8.86746404e-02
 4.43800001e-02]
[0.05272889 0.30667923 0.00218402 0.14179896 0.54656403]
[0.16618936 0.1735501  0.00092151 0.70896312 0.34297254]
[0.10458406 0.59746215 0.39874072 0.10705702 0.00095954]
[0.54420188 0.33644057 0.02074922 0.42682758 0.01614965]
[0.09000592 0.09806359 0.23458778 0.11613057 0.55534703]
[0.01269032 0.02637085 0.09076114 0.05804605 0.57916925]
[0.55175035 0.00353526 0.00659506 0.13837727 0.4555107 ]
[0.60452022 0.21160083 0.00315913 0.41489014 0.11234862]
[0.21216171 0.17752117 0.39933802 0.44203804 0.18599945]
[0.28642482 0.0165257  0.53754428 0.43914729 0.00588581]
[0.0948119  0.01213813 0.3496219  0.37901826 0.45333184]
[0.08534754 0.83615616 0.19792005 0.07164495 0.20805508]
[0.19607044 0.13316861 0.625598   0.28365231 0.19494625]
[0.22279757 0.01614897 0.67907933 0.0053889  0.10945788]
[0.13614464 0.23100843 0.01058107 0.42267533 0.49383908]
[0.10726121 0.26881981 0.03981764 0.15362057 0.51585636]
[0.82838105 0.11151075 0.02001811 0.18499525 0.01450531]
[0.2988488  0.03341905 0.55182744 0.14834489 0.13328813]
[0.23588698 0.03980486 0.71943471 0.5522982  0.00359991]
[0.01736233 0.02109992 0.56471548 0.04085382 0.39735403]
[0.69406992 0.00437633 0.19963231 0.19750482 0.02957751]
[0.02909129 0.01163121 0.09704404 0.69190182 0.11756967]
[0.30300721 0.19066867 0.27434324 0.41776185 0.35612593]
[ 6.11559045e-05 -5.82479345e-04  2.68021871e-04 -2.11214873e-03
  6.31179638e-01]
[0.52568284 0.19235146 0.43678191 0.0144958  0.1941765 ]
[0.45901048 0.08172585 0.07134752 0.38110292 0.27023266]
[0.04553522 0.52711515 0.12429439 0.06881138 0.48534806]
[0.09969069 0.9010681  0.13172844 0.09630024 0.00561069]
[0.05594008 0.18333637 0.33528853 0.60204028 0.07093878]
[0.05859682 0.33133241 0.53775171 0.15090372 0.32602068]
[0.60532146 0.25682076 0.00324959 0.55034857 0.10664104]
[ 2.41281239e-02 -2.02727154e-04  5.76333003e-01  4.40660799e-01
  3.45205902e-02]
[0.7941423  0.35499531 0.13526238 0.00343329 0.36340197]
[0.00892679 0.00556175 0.5187429  0.52925643 0.11555065]
[0.01819602 0.02986788 0.93465052 0.09355351 0.00734117]
[0.5305833  0.18100801 0.00361451 0.57982412 0.23231469]
[-3.07997317e-05  3.51789148e-03  6.72380398e-02  4.01078126e-01
  5.45762985e-01]
[0.33702477 0.20506626 0.00896183 0.25574041 0.49984889]
[0.48103188 0.1871696  0.67349319 0.00558871 0.04044039]
[0.01176792 0.08956471 0.08327313 0.64556163 0.14933236]
[0.1969458  0.47922663 0.07179385 0.00922143 0.54978744]
[0.01255776 0.00818843 0.75167066 0.22277987 0.05103532]
[-6.72296180e-05  2.03772627e-04  7.15218713e-03  3.31936561e-01
  6.29188289e-01]
[6.47571842e-02 5.85007907e-02 9.09916896e-01 4.81654043e-04
 7.83083547e-03]
[3.21803586e-04 1.43834943e-01 6.72211044e-01 1.84513275e-01
 2.23158109e-02]
[0.26923757 0.33674713 0.49720945 0.25759031 0.02738868]
[0.01229421 0.00437244 0.48040941 0.52431158 0.17181277]
[0.36501966 0.67911563 0.26025568 0.00504435 0.17047085]
[0.05994418 0.03679251 0.37157816 0.27376229 0.45640418]
[5.90460927e-04 7.24716782e-04 2.36240576e-03 7.11255522e-01
 5.90908683e-03]
[8.58347159e-01 3.16747127e-04 4.76787697e-03 1.09976299e-02
 9.77459696e-02]
[0.63122661 0.11684491 0.00166501 0.08911325 0.3938736 ]
[0.37190375 0.22593592 0.39665742 0.24764453 0.3047902 ]
[0.02999551 0.00510772 0.52809848 0.01503403 0.50118579]
[-1.33587424e-04 -5.62599333e-04  2.87112178e-03  7.86422061e-01
  2.72040419e-01]
[0.14661769 0.05331028 0.55548423 0.2773263  0.27135094]
[0.14724271 0.71894957 0.00399491 0.44926383 0.13040175]
[1.51686739e-01 2.76724769e-04 7.80181464e-01 6.93585620e-03
 1.26914255e-01]
[0.07946988 0.05026153 0.28021633 0.46335271 0.3899326 ]
[0.12483017 0.60143903 0.40487268 0.00716355 0.26695879]
[0.32746676 0.96385961 0.05902925 0.12051301 0.01325155]
[0.27378402 0.05173172 0.0430935  0.28166136 0.51736027]
[1.47432594e-01 9.28455618e-02 4.49862354e-04 7.56109929e-01
 1.32986035e-02]
[0.70468755 0.04730778 0.01357593 0.24268902 0.15062143]
[0.02489181 0.00450537 0.26164461 0.49386236 0.3086387 ]
[0.23135697 0.38510092 0.32659962 0.35893897 0.32920304]
[0.02536151 0.03594745 0.0282919  0.59648362 0.35085617]
[0.1907298  0.00207619 0.60201689 0.3536707  0.03431415]
[0.02981064 0.00273695 0.80434619 0.00912553 0.19977199]
[0.39885476 0.97613647 0.00192473 0.06245525 0.11396646]
[0.00839477 0.02949844 0.70146932 0.00569941 0.25925715]
[0.25414234 0.35859295 0.44281276 0.41252781 0.10937406]
[0.01600432 0.01892795 0.47233976 0.4685998  0.19110572]
[0.15953608 0.03833497 0.00139152 0.5744228  0.392885  ]
[0.13589943 0.36400566 0.03783374 0.52910969 0.27130932]
[0.29206243 0.12161194 0.57224375 0.3470461  0.02898485]
[0.06987943 0.14047096 0.02177016 0.08329477 0.5621246 ]
[0.08403489 0.01547987 0.16772607 0.32201489 0.50329489]
[0.10726159 0.06716909 0.09717904 0.69341826 0.00994063]
[0.45949719 0.20035728 0.07293779 0.42337485 0.24736392]
[0.32795754 0.25234338 0.21607891 0.05384983 0.45196702]
[0.22846463 0.14363836 0.14431282 0.44546154 0.37474905]
[0.10237042 0.58164341 0.41386906 0.09088318 0.31693779]
[0.00436481 0.00237526 0.28274929 0.00297515 0.59241502]
[ 1.18625293e-03 -3.95695182e-04  7.09131100e-01  9.92472669e-02
  1.18314823e-01]
[0.16026907 0.22051516 0.51126322 0.02562961 0.50240009]
[0.22947839 0.62519623 0.05891683 0.65480454 0.00075275]
[0.11645027 0.12884935 0.65397232 0.10806328 0.02327482]
[0.45637335 0.05805946 0.36295823 0.02846396 0.4922296 ]
[0.01615268 0.01648651 0.509802   0.54453874 0.02837561]
[0.60324844 0.01568184 0.05235223 0.3296195  0.25748137]
[0.33942926 0.01706444 0.00268928 0.03361122 0.59013479]
[0.33971232 0.21382661 0.30756407 0.4685998  0.19110572]
[0.00176112 0.01363507 0.01315079 0.51505905 0.44476651]
[0.00403405 0.0011758  0.60525889 0.55820994 0.13523696]
[0.39245911 0.03931389 0.27922886 0.06736971 0.49769888]
[ 2.02963967e-01  4.11757739e-01  5.12637639e-03  1.05316265e+00
 -3.87381463e-04]
[0.27008968 0.29940513 0.05806504 0.10403671 0.46334485]
[0.01867247 0.01126148 0.53071217 0.29406401 0.29924223]
[0.46783068 0.16670616 0.33413094 0.57934967 0.01130305]
[0.05782942 0.06148208 0.43274563 0.30112399 0.33437283]
[ 7.10298069e-02 -1.00205107e-04  6.59301629e-01  1.95070665e-01
  2.72375237e-02]
[0.04569317 0.55043383 0.66683012 0.03605814 0.02422059]
[ 2.00926022e-01  4.07620643e-01  3.41527887e-03  1.10541847e+00
 -2.85432386e-04]
[0.65521085 0.83242515 0.00371824 0.06206177 0.11803284]
[0.07639931 0.01219443 0.76700638 0.37019563 0.00363675]
[0.22188319 0.25153053 0.17049992 0.63558888 0.01602251]
[0.26290175 0.11440474 0.22501099 0.55005983 0.2554414 ]
[0.08197904 0.00987541 1.00469798 0.2846532  0.00571474]
[0.27400296 0.13597989 0.40709591 0.46225123 0.18156686]
[0.11054121 0.01424955 0.40213452 0.19548646 0.47290489]
[1.10074301e-02 1.51029993e-02 3.80146148e-04 7.79370369e-01
 5.01032526e-02]
[0.00544889 0.03613474 0.10330651 0.43507789 0.48720701]
[0.08062031 1.02998561 0.01223025 0.04719834 0.02545308]
[0.08847125 0.09144087 0.02504922 0.44304145 0.46324076]
[2.72143759e-03 3.35005208e-04 7.76823128e-01 3.53445151e-01
 1.16604913e-01]
[0.00922652 0.07246661 0.2201315  0.39823253 0.49869306]
[0.13331031 0.65424092 0.4202503  0.03233111 0.10986707]
[0.31192612 0.04539836 0.00207821 0.31018157 0.47800037]
[0.00175397 0.62089176 0.13212651 0.59111155 0.18879845]
[0.43179317 0.40856096 0.07314353 0.06890378 0.34643906]
[0.05878719 0.36834319 0.01914085 0.51207591 0.40618992]
[0.02631598 0.19427718 0.2517408  0.01998659 0.5368524 ]
[0.05690388 0.57675321 0.447304   0.06757339 0.11747195]
[0.03626069 0.02204878 0.2175411  0.15893169 0.52833959]
[-1.17932268e-04 -5.76458234e-04  2.93827771e-03  7.45773850e-01
  1.15293012e-01]
[0.570872   0.05619549 0.04218998 0.02857216 0.46795239]
[0.35165599 0.23540957 0.32547739 0.2356561  0.35549605]
[0.01421708 0.03533067 0.01257287 0.03905146 0.56839411]
[0.39830846 0.80192152 0.03673318 0.31294826 0.00356683]
[0.00910416 0.0410362  0.00918301 0.62804662 0.26045678]
[0.00908549 0.32318581 0.3074145  0.63478566 0.02274869]
[ 1.72986002e-01  1.60111194e-01 -3.66668581e-05  8.21419611e-01
  9.93089396e-02]
[0.0181884  0.01098144 0.00299785 0.43428619 0.53012941]
[0.37004009 0.0483135  0.20050606 0.19033066 0.45470738]
[0.25403747 0.09937876 0.62025314 0.28757577 0.00516331]
[0.26836881 0.01873019 0.05485071 0.05976129 0.5434134 ]
[0.13987827 0.15259564 0.31342884 0.33473229 0.4622323 ]
[0.46363196 0.89279706 0.01187675 0.5345225  0.00446752]
[0.0154272  0.4094751  0.39403353 0.54130968 0.06754094]
[0.00681435 0.01565669 0.36974312 0.5767903  0.33387946]
[0.02313174 0.12831395 0.41114559 0.05177784 0.47775377]
[0.1749393  0.46324374 0.00597005 0.6519871  0.25932173]
[0.02626841 0.06657939 0.0007543  0.28972368 0.5531402 ]
[0.07282487 0.10391032 0.36668663 0.44876309 0.33693971]
[0.22427675 0.14107278 0.65305199 0.11612661 0.0048617 ]
[0.29654636 0.06398798 0.52987632 0.1718801  0.28774803]
[0.30236613 0.12596838 0.56592783 0.16878664 0.11284456]
[0.13772465 0.08524607 0.50474858 0.13726669 0.39490794]
[0.16634794 0.3072082  0.19582066 0.60357359 0.17377841]
[0.18513342 0.16656845 0.45607036 0.46301928 0.00226165]
[0.47882919 0.04096431 0.14261472 0.05911718 0.46808314]
[0.16708263 0.35000502 0.0227225  0.61075448 0.01072866]
[0.26222616 0.25036166 0.05233172 0.20250973 0.48093248]
[5.91394026e-04 7.00994369e-04 2.33299498e-03 7.02575443e-01
 6.95075795e-03]
[ 0.14405042  0.78560133  0.2093397  -0.00107008  0.19959641]
[0.25458372 0.33408795 0.0990297  0.60638845 0.16226002]
[0.19341705 0.011602   0.38085286 0.3876801  0.29383487]
[0.0258521  0.02122339 0.91794943 0.0375402  0.03156879]
[0.19441709 0.02264195 0.0320111  0.31840719 0.49770779]
[0.11848527 0.32055091 0.24184289 0.37096706 0.37490856]
[0.37256375 0.09192952 0.01079099 0.55655771 0.35550077]
[0.02017275 0.05020895 0.00898625 0.00409249 0.60247143]
[0.00797142 0.00843148 0.80191343 0.23737418 0.02866319]
[0.33878122 0.35536161 0.17502177 0.18748644 0.42078631]
[ 6.89032209e-01  6.00660869e-01  3.40014165e-02 -1.52220753e-04
  1.92193588e-01]
[0.00215418 0.75014367 0.2623966  0.1259691  0.15426259]
[0.03378964 0.39481263 0.10696813 0.57930259 0.25237641]
[0.07203117 0.07895675 0.30143123 0.52686874 0.26800772]
[0.04269111 0.04593946 0.67056933 0.1087986  0.02333586]
[0.43777213 0.14924875 0.11144478 0.47945566 0.19422781]
[0.22026779 0.55223299 0.08175921 0.31526077 0.27889409]
[0.16489513 0.12610861 0.59760262 0.08980245 0.32653542]
[0.03706818 0.33423689 0.17407098 0.68734117 0.00886136]
[0.02155937 0.70816269 0.09210017 0.37179021 0.00662536]
[0.10883837 0.50525616 0.3425273  0.01595409 0.3552581 ]
[0.65412695 0.67014825 0.00517881 0.19657268 0.03247761]
[0.02177738 0.03645319 0.87658365 0.08318174 0.00695256]
[0.44733203 0.39200677 0.45060289 0.02552264 0.00338719]
[0.07930124 0.04883678 0.49124493 0.34647347 0.30434387]
[0.02587614 0.02804035 0.7812133  0.09860567 0.02666585]
[5.31736557e-01 4.93101769e-01 9.72068401e-07 2.79769103e-01
 8.54613904e-02]
[0.46245437 0.03606236 0.03540127 0.04508176 0.5227931 ]
[0.07304584 0.67141308 0.34308539 0.27142305 0.00318293]
[0.01311238 0.40037842 0.53303939 0.08853781 0.31032435]
[0.42236215 0.00650129 0.10764987 0.30903939 0.44576241]
[0.00079109 0.01934593 0.32539921 0.23708032 0.54601854]
[0.51625661 0.2251728  0.08548925 0.3021792  0.23788496]
[0.08694447 0.73734274 0.39252948 0.04175062 0.00799672]
[0.21085641 0.08432573 0.50425523 0.23829554 0.38389812]
[0.01348497 0.01149289 0.60756218 0.47987656 0.16969739]
[ 1.06149577e-03 -5.17483104e-04  2.81106281e-01  6.81733340e-02
  6.09171612e-01]
[0.11304492 0.30253435 0.065216   0.52001592 0.33811591]
[0.60318878 0.61792844 0.0085658  0.08413248 0.07189454]
[0.0832603  0.80318245 0.03608336 0.2941227  0.005833  ]
[0.41369961 0.16826432 0.29671053 0.4715966  0.21241124]
[0.2217985  0.55607192 0.08129619 0.31735933 0.28029738]
[0.003882   0.03007743 0.02851437 0.29824746 0.53166727]
[6.99308080e-03 4.10047973e-02 3.42439273e-04 7.60183348e-01
 3.87288695e-02]
[0.14177054 0.01695061 0.9615025  0.16232477 0.00525412]
[ 1.89645545e-03 -5.83583857e-04  1.61706739e-03  6.57172278e-01
  3.01040601e-01]
[0.59717189 0.09452953 0.25228258 0.2869741  0.40153646]
[0.06004194 0.08586714 0.00115563 0.68577413 0.39728309]
[0.23716361 0.02357351 0.03098343 0.36082844 0.51893869]
[0.00153881 0.01583731 0.01467498 0.58254163 0.38467295]
[ 1.51681924e-04 -2.17328744e-04  1.01356426e-02  6.19444206e-01
  4.73818010e-01]
[0.22439738 0.15003864 0.49141409 0.25896898 0.23550716]
[0.01933115 0.14323012 0.02715185 0.45640923 0.40828115]
[0.39115787 0.19833602 0.34270634 0.24765958 0.29032459]
[0.04061161 0.39229338 0.01761477 0.51438881 0.34195384]
[0.04957005 0.09953058 0.08165945 0.34753859 0.51033943]
[0.1406488  0.15343857 0.31287369 0.33474439 0.46224892]
[0.51241966 0.03630834 0.03332572 0.14727943 0.44637332]
[ 8.89243136e-04 -6.09281912e-04  1.55122997e-04  9.94390585e-01
  1.56471508e-01]
[0.83287746 0.01350276 0.25974081 0.0054019  0.15552064]
[0.00812844 0.04555533 0.87018632 0.0402361  0.03018359]
[0.13110948 0.35065    0.34533481 0.54680152 0.00300922]
[0.05853512 0.36977997 0.0287294  0.49358349 0.28431471]
[0.48405065 0.06161632 0.38496537 0.04346458 0.41690024]
[0.01669776 0.61649927 0.13471538 0.58819274 0.18786756]
[0.48423439 0.18116244 0.5565303  0.00599924 0.35214352]
[0.20168274 0.1591708  0.7335982  0.09681538 0.02618479]
[0.19502361 0.13372002 0.3590483  0.3712457  0.39155209]
[0.02445397 0.00981194 0.79327261 0.22746087 0.02200226]
[2.31250888e-03 9.25453487e-05 5.82912777e-01 3.27908808e-01
 3.63804459e-01]
[0.06374092 0.42849981 0.20964851 0.16795926 0.46913936]
[1.87722090e-01 2.17421279e-01 5.01579044e-01 7.52471236e-05
 5.04339852e-01]
[0.72256294 0.06745058 0.00512807 0.43816888 0.13600324]
[0.2600667  0.28736738 0.26639509 0.03707809 0.45081125]
[0.29330142 0.12213014 0.57467015 0.16977376 0.11349857]
[-6.23687802e-05  2.71274748e-02  6.93702817e-01  8.77497957e-03
  3.19053506e-01]
[ 8.14100156e-01  1.58626188e-01  4.38453659e-02  2.19515211e-01
 -2.96028049e-04]
[0.7963079  0.40045698 0.05669661 0.08015474 0.01536222]
[0.06773634 0.04340169 0.27189465 0.33495387 0.50314522]
[0.07995749 0.00404661 0.29223481 0.03663166 0.56987975]
[0.13611147 0.1626122  0.36642181 0.43157507 0.42026061]
[0.32660279 0.25507726 0.21466302 0.05378236 0.45142195]
[0.09477761 0.58829103 0.30329577 0.09133992 0.30415703]
[0.07770612 0.13231479 0.02145067 0.08024221 0.55057596]
