[0.04553522 0.52711515 0.12429439 0.06881138 0.48534806]
[0.09212595 0.1213145  0.79523104 0.01849218 0.06547187]
[0.67320937 0.58685674 0.03321955 0.0036074  0.18707378]
[0.44726464 0.90769619 0.01192032 0.53648267 0.00448533]
[0.11494102 0.07164423 0.10575566 0.37499054 0.48881083]
[0.18766779 0.12348563 0.6787102  0.0166736  0.10919649]
[0.02473169 0.03100723 0.81326672 0.00372531 0.23505268]
[0.17307143 0.07908819 0.77745085 0.00094352 0.20422259]
[0.04145303 0.11075886 0.38628675 0.26254758 0.49120947]
[0.19075805 0.51024995 0.42798737 0.39833399 0.0874338 ]
[0.2452547  0.51424784 0.03633943 0.0622063  0.42513866]
[0.02637464 0.67094184 0.08729527 0.35867794 0.1876122 ]
[0.23033983 0.3329977  0.60016938 0.25816742 0.02340712]
[0.16577484 0.14910323 0.40841922 0.41442326 0.25265059]
[0.16489513 0.12610861 0.59760262 0.08980245 0.32653542]
[0.06526481 0.03149205 0.21892059 0.28996615 0.52592404]
[0.17562763 0.10942888 0.14691132 0.44071881 0.46504414]
[0.27476449 0.00123405 0.30367541 0.04181451 0.48377794]
[0.08062031 1.02998561 0.01223025 0.04719834 0.02545308]
[0.01736233 0.02109992 0.56471548 0.04085382 0.39735403]
[ 1.93662454e-02 -4.87960954e-04  4.97981245e-01  6.50784881e-02
  4.34084094e-01]
[0.73096081 0.10433533 0.446075   0.36432818 0.0025808 ]
[0.25016186 0.58733552 0.01921181 0.38181911 0.35050518]
[0.05070475 0.48953342 0.02220931 0.64224644 0.1615782 ]
[0.1406488  0.15343857 0.31287369 0.33474439 0.46224892]
[0.33702477 0.20506626 0.00896183 0.25574041 0.49984889]
[0.0100637  0.00794924 0.57043385 0.42987225 0.17218715]
[0.08038905 0.05112949 0.29049663 0.48100323 0.46458769]
[0.25458372 0.33408795 0.0990297  0.60638845 0.16226002]
[0.0948119  0.01213813 0.3496219  0.37901826 0.45333184]
[0.7143005  0.23835708 0.04541677 0.31967034 0.0132627 ]
[0.41376738 0.04148068 0.29438577 0.07114261 0.53503127]
[0.08028246 0.42286611 0.65905096 0.09880485 0.19923185]
[0.09252724 0.05192434 0.39702547 0.59046564 0.1840606 ]
[0.28294362 0.60310567 0.39605742 0.09442076 0.06985313]
[0.4021817  0.18097435 0.46711283 0.02208632 0.22505706]
[-3.19517841e-05  3.49364439e-02  8.89004835e-01  1.50917531e-02
  1.20111590e-01]
[ 1.72816786e-01  1.59954128e-01 -3.66846117e-05  8.24056790e-01
  9.96026937e-02]
[0.00424874 0.01121243 0.01157171 0.46417272 0.46946249]
[ 1.43545417e-03 -2.13077126e-04  3.74358748e-01  5.91799094e-01
  3.77950248e-01]
[0.46820178 0.16676697 0.33438285 0.57921333 0.00833115]
[0.10435318 0.0749444  0.39630683 0.55400498 0.29818601]
[0.00381686 0.00633178 0.00128443 0.50352278 0.62977071]
[0.04074506 0.0262677  0.72533128 0.17442991 0.00587262]
[0.69406992 0.00437633 0.19963231 0.19750482 0.02957751]
[0.10237042 0.58164341 0.41386906 0.09088318 0.31693779]
[0.29296214 0.14542524 0.43525051 0.49436476 0.19415046]
[0.00992807 0.07369366 0.09594745 0.00628971 0.59802092]
[0.22126692 0.03405776 0.43913773 0.42443457 0.3013009 ]
[-1.44199659e-04 -4.28725072e-04  5.22780999e-03  7.63634070e-01
  3.70547088e-01]
[0.24813023 0.04949184 0.15420662 0.55556889 0.37072145]
[0.55175035 0.00353526 0.00659506 0.13837727 0.4555107 ]
[0.16708263 0.35000502 0.0227225  0.61075448 0.01072866]
[0.01258519 0.11408634 0.11236688 0.31022026 0.5334716 ]
[0.21813064 0.39655206 0.02062807 0.60984387 0.09686548]
[0.3055137  0.08109937 0.24831927 0.61039173 0.15640492]
[ 2.41281239e-02 -2.02727154e-04  5.76333003e-01  4.40660799e-01
  3.45205902e-02]
[0.3209112  0.80705245 0.29064004 0.00927528 0.1952049 ]
[0.69661015 0.29070284 0.44972652 0.23433014 0.00245602]
[0.05748331 0.56735692 0.53957212 0.27693235 0.04309863]
[0.20168274 0.1591708  0.7335982  0.09681538 0.02618479]
[0.7941423  0.35499531 0.13526238 0.00343329 0.36340197]
[0.05893735 0.06146431 0.03047574 0.51640183 0.41175191]
[0.02943529 0.07033963 0.44194424 0.60403648 0.06179151]
[0.03432991 0.25500024 0.12272762 0.0986055  0.54642686]
[0.0959108  0.64497059 0.41280118 0.10760837 0.11361882]
[0.45029877 0.01149403 0.49511078 0.44445268 0.1547823 ]
[0.01570132 0.01621543 0.49849612 0.53018672 0.03820044]
[0.04393646 0.05461987 0.08135616 0.6811521  0.01063058]
[0.22182785 0.01031324 0.7387695  0.00339818 0.0023166 ]
[ 2.02963967e-01  4.11757739e-01  5.12637639e-03  1.05316265e+00
 -3.87381463e-04]
[ 1.38405151e-02  1.66416461e-02  4.49892691e-01 -3.90085866e-05
  5.21925118e-01]
[0.0382808  0.00775964 0.12173634 0.62400729 0.29001681]
[0.38353928 0.3544364  0.13156536 0.04691113 0.50206552]
[0.01600432 0.01892795 0.47233976 0.4685998  0.19110572]
[0.1010376  0.35944105 0.02433795 0.54604433 0.33273631]
[0.48405065 0.06161632 0.38496537 0.04346458 0.41690024]
[0.48026564 0.30250434 0.39108373 0.00285851 0.45011011]
[0.09949046 0.69985462 0.09648059 0.17137122 0.28934627]
[0.16767143 0.10332461 0.15586453 0.58132212 0.24636841]
[0.04751529 0.98873487 0.05707029 0.04483034 0.01541248]
[0.0022895  0.79384645 0.27767436 0.13211764 0.16321227]
[0.07770612 0.13231479 0.02145067 0.08024221 0.55057596]
[5.31736557e-01 4.93101769e-01 9.72068401e-07 2.79769103e-01
 8.54613904e-02]
[0.05892805 0.02877819 0.48473267 0.45704811 0.12552034]
[ 8.14100156e-01  1.58626188e-01  4.38453659e-02  2.19515211e-01
 -2.96028049e-04]
[0.01176792 0.08956471 0.08327313 0.64556163 0.14933236]
[0.10518764 0.60493532 0.59161634 0.00642311 0.37823134]
[0.59517199 0.19507007 0.00956115 0.54379902 0.10572898]
[0.0130297  0.01387256 0.39198486 0.35991105 0.49957111]
[0.23588698 0.03980486 0.71943471 0.5522982  0.00359991]
[-3.17359024e-05 -4.26596673e-04  1.31330349e-02  8.72889809e-01
  3.01948113e-01]
[0.55717419 0.57075609 0.00790836 0.28529009 0.03876326]
[0.00757095 0.148461   0.65724014 0.43967918 0.13307186]
[0.29492398 0.04289186 0.03870743 0.29909887 0.47791324]
[0.11848527 0.32055091 0.24184289 0.37096706 0.37490856]
[0.80794849 0.05759428 0.05257095 0.19069778 0.13204646]
[0.01802726 0.00139086 0.44360505 0.66891818 0.19565712]
[0.24660106 0.15220194 0.22449676 0.54879813 0.25630988]
[6.47571842e-02 5.85007907e-02 9.09916896e-01 4.81654043e-04
 7.83083547e-03]
[ 2.82095654e-03 -3.67974401e-04  3.09634603e-01  1.31154519e-03
  6.19865724e-01]
[0.04752489 0.11260732 0.00584586 0.07204272 0.5784331 ]
[3.11749665e-04 1.40884525e-01 6.58479580e-01 3.67374684e-01
 2.47646900e-02]
[0.0154272  0.4094751  0.39403353 0.54130968 0.06754094]
[0.23400562 0.68595236 0.09381533 0.30975726 0.1598779 ]
[0.00704447 0.00086134 0.07415673 0.62515409 0.2775859 ]
[0.25414234 0.35859295 0.44281276 0.41252781 0.10937406]
[0.00323599 0.01953096 0.41870979 0.60465743 0.04294505]
[0.94690184 0.15689262 0.03258751 0.03478697 0.03051173]
[0.46245437 0.03606236 0.03540127 0.04508176 0.5227931 ]
[ 6.00085115e-02  1.21553437e-01  2.60302552e-01  8.22718509e-01
 -3.16655203e-04]
[0.03384418 0.20027393 0.72914086 0.11899013 0.08590224]
[ 8.64277439e-01  3.86394223e-01  3.94662489e-03 -5.67414518e-04
  3.89812256e-01]
[0.08395536 0.60452646 0.36576608 0.49294524 0.18593156]
[0.19937039 0.13462952 0.35779331 0.37202418 0.39407687]
[0.70391527 0.05010112 0.14390257 0.16017668 0.16067068]
[0.42875206 0.18691535 0.03965867 0.44279648 0.24277058]
[0.06162495 0.5573596  0.1872098  0.58410918 0.00560602]
[0.64190667 0.09454652 0.33086301 0.03298901 0.52286541]
[4.49783744e-04 7.64841433e-05 8.19485555e-01 1.19767159e-01
 2.22239695e-01]
[0.50667254 0.33858954 0.08659393 0.50600843 0.00376892]
[0.00299881 0.00326932 0.10021227 0.6127606  0.47509445]
[ 0.14851756  0.80995377  0.21749031 -0.00103582  0.20535168]
[0.14677861 0.67188125 0.25110583 0.10690673 0.28511032]
[0.2600667  0.28736738 0.26639509 0.03707809 0.45081125]
[0.06834068 1.09084342 0.05027126 0.02078894 0.1382752 ]
[0.13331031 0.65424092 0.4202503  0.03233111 0.10986707]
[0.63122661 0.11684491 0.00166501 0.08911325 0.3938736 ]
[0.40575081 0.14491308 0.28714831 0.47726864 0.20994133]
[0.16992911 0.30925637 0.6175848  0.33102228 0.08405696]
[0.00975539 0.03629483 0.97583732 0.03866526 0.03704681]
[0.41309172 0.15735298 0.56945026 0.01277218 0.00342416]
[0.04569317 0.55043383 0.66683012 0.03605814 0.02422059]
[0.2185078  0.14608763 0.46696626 0.24718178 0.2893251 ]
[0.05272889 0.30667923 0.00218402 0.14179896 0.54656403]
[0.26923757 0.33674713 0.49720945 0.25759031 0.02738868]
[0.75381072 0.06849262 0.55901808 0.00619098 0.01132907]
[0.17815645 0.11657584 0.62727527 0.23836441 0.10773263]
[0.00910416 0.0410362  0.00918301 0.62804662 0.26045678]
[0.0692513  0.0863197  0.00579788 0.69561428 0.01151786]
[0.05779531 0.05168462 0.14262773 0.14336133 0.54014385]
[0.22846463 0.14363836 0.14431282 0.44546154 0.37474905]
[0.28311827 0.360059   0.05036985 0.41920623 0.37582644]
[0.01269032 0.02637085 0.09076114 0.05804605 0.57916925]
[0.09000592 0.09806359 0.23458778 0.11613057 0.55534703]
[0.54366699 0.35187239 0.0171666  0.67797915 0.00444579]
[0.00544889 0.03613474 0.10330651 0.43507789 0.48720701]
[0.01366938 0.01206144 0.85860646 0.19823499 0.09911443]
[0.00892679 0.00556175 0.5187429  0.52925643 0.11555065]
[0.21818265 0.30703017 0.40853484 0.37234922 0.34144422]
[0.49552703 0.064763   0.07744691 0.50762392 0.30986944]
[0.01601104 0.01157577 0.60184726 0.00904442 0.27679188]
[0.11722634 0.09787653 0.07914851 0.68884881 0.01567984]
[0.37190375 0.22593592 0.39665742 0.24764453 0.3047902 ]
[0.02313174 0.12831395 0.41114559 0.05177784 0.47775377]
[0.07995749 0.00404661 0.29223481 0.03663166 0.56987975]
[ 8.89243136e-04 -6.09281912e-04  1.55122997e-04  9.94390585e-01
  1.56471508e-01]
[0.03609564 0.32549184 0.17775545 0.67878225 0.0087463 ]
[0.02999551 0.00510772 0.52809848 0.01503403 0.50118579]
[0.22427675 0.14107278 0.65305199 0.11612661 0.0048617 ]
[0.10213287 0.92311939 0.1349513  0.09873628 0.00575791]
[0.03372826 0.87052928 0.11299569 0.14024326 0.17698688]
[1.10074301e-02 1.51029993e-02 3.80146148e-04 7.79370369e-01
 5.01032526e-02]
[0.84516442 0.22557833 0.04191846 0.00950271 0.46256697]
[0.93939874 0.01530758 0.29296071 0.00636763 0.14654513]
[0.0071381  0.0177459  0.00116888 0.11058199 0.67643833]
[0.18941157 0.12981895 0.49971893 0.23613272 0.38290955]
[0.25327005 0.01454315 0.47535213 0.41679503 0.16302106]
[0.0099803  0.02493773 0.57271954 0.31753809 0.32173707]
[0.05594008 0.18333637 0.33528853 0.60204028 0.07093878]
[0.13725584 0.10775345 0.25297559 0.0064042  0.58012065]
[0.21540675 0.27269343 0.495673   0.04489036 0.40713101]
[0.00607139 0.05210501 0.59829204 0.23237422 0.32218672]
[-1.38085092e-04 -2.95420318e-04  3.24442979e-04 -2.10501381e-03
  7.48636255e-01]
[0.30700153 0.23618832 0.20227545 0.16197829 0.45263034]
[ 1.80583489e-04 -3.42789840e-04  9.60274916e-03  3.46091015e-01
  6.46108407e-01]
[0.00884384 0.00233946 0.68266476 0.31036974 0.10143172]
[0.03665413 0.02230106 0.22759733 0.16620729 0.5522215 ]
[0.54195795 0.00302791 0.5988534  0.01783193 0.06336471]
[0.02377993 0.05922031 0.00871795 0.00515472 0.58558232]
[0.06004194 0.08586714 0.00115563 0.68577413 0.39728309]
[0.84037063 0.07992973 0.25076228 0.08841225 0.07858766]
[0.00456903 0.03869834 0.02694563 0.60893961 0.40582693]
[0.00163703 0.0038463  0.10014564 0.01151506 0.604974  ]
[0.39085259 0.03044988 0.02991393 0.21232431 0.50790779]
[0.26525328 0.70957465 0.01028194 0.4128606  0.08976395]
[0.16026907 0.22051516 0.51126322 0.02562961 0.50240009]
[1.51079131e-01 1.50824503e+00 1.65846666e-04 1.86893351e-01
 1.93126057e-01]
[0.77934689 0.09583806 0.56795087 0.16677577 0.00497017]
[ 1.59510352e-03 -1.73439871e-04  4.11581465e-01  6.50847214e-01
  2.81214387e-01]
[0.00530876 0.00284514 0.43946565 0.33936769 0.38653558]
[0.00685861 0.06816522 0.85534568 0.11302638 0.04264151]
[0.05623517 0.16876696 0.57851086 0.39423912 0.19363663]
[0.56809427 0.58195093 0.00449065 0.17044284 0.06916726]
[0.06773634 0.04340169 0.27189465 0.33495387 0.50314522]
[0.06119514 0.06508537 0.45786097 0.32278437 0.36012078]
[0.02840131 0.03094499 0.87871668 0.11665908 0.0304985 ]
[0.15953608 0.03833497 0.00139152 0.5744228  0.392885  ]
[0.07714588 0.08409336 0.32186506 0.56319642 0.28637517]
[0.00243396 0.00287082 0.28316665 0.33719089 0.50246105]
[7.89661498e-03 3.49596121e-04 2.71663752e-01 1.26614370e-01
 5.98442481e-01]
[0.31864227 0.80098374 0.08127649 0.01545754 0.04241996]
[0.02710226 0.24462362 0.2403134  0.66154153 0.00382397]
[0.14661769 0.05331028 0.55548423 0.2773263  0.27135094]
[0.08847125 0.09144087 0.02504922 0.44304145 0.46324076]
[0.17813179 0.00975415 0.6503539  0.08414835 0.26645051]
[0.17606676 0.23028635 0.6187113  0.29157434 0.00710056]
[0.02556853 0.58044473 0.00641882 0.48902843 0.349971  ]
[0.01819602 0.02986788 0.93465052 0.09355351 0.00734117]
[0.01250795 0.05923465 0.38284407 0.64975343 0.1949098 ]
[0.17029634 0.24583904 0.62116906 0.24901832 0.07060582]
[0.00674947 0.05042874 0.04748776 0.30456111 0.56131106]
[0.03378964 0.39481263 0.10696813 0.57930259 0.25237641]
[0.45637335 0.05805946 0.36295823 0.02846396 0.4922296 ]
[1.51686739e-01 2.76724769e-04 7.80181464e-01 6.93585620e-03
 1.26914255e-01]
[0.30258005 0.56289693 0.63492444 0.00739358 0.21241178]
[0.25356293 0.15726525 0.00705757 0.00269439 0.55994258]
[0.08392281 0.0519436  0.5094777  0.23989054 0.36995356]
[0.02981064 0.00273695 0.80434619 0.00912553 0.19977199]
[0.19441709 0.02264195 0.0320111  0.31840719 0.49770779]
[0.03039551 0.01864203 0.66005544 0.36643021 0.19288323]
[0.79804477 0.716432   0.01571571 0.00107414 0.32759674]
[0.01350786 0.0100073  0.70127152 0.1510194  0.17422034]
[0.64631713 0.08439152 0.52005722 0.0590663  0.09684839]
[0.33942926 0.01706444 0.00268928 0.03361122 0.59013479]
[0.07643908 0.74898954 0.20127858 0.0646152  0.37117115]
[0.06215554 0.3514337  0.57031924 0.09216029 0.33491881]
[8.50555257e-01 7.09383308e-02 5.16389239e-01 2.69801832e-01
 6.22503097e-05]
[4.89211071e-01 1.32864132e+00 3.44300244e-04 1.27722850e-01
 3.30507724e-01]
[0.00610948 0.24357713 0.2317973  0.47814132 0.37017549]
[0.17559833 0.24482749 0.86004296 0.00195536 0.09291878]
[0.02227674 0.00575085 0.46293837 0.46378095 0.30171416]
[0.77659812 0.26519237 0.21092586 0.01247837 0.51389231]
[0.53020727 0.22488501 0.09035858 0.51431943 0.14031729]
[0.0188206  1.15104544 0.03410314 0.71408069 0.00162995]
[ 7.10298069e-02 -1.00205107e-04  6.59301629e-01  1.95070665e-01
  2.72375237e-02]
[0.17832105 0.7407622  0.29382464 0.00623292 0.27640081]
[0.41521676 0.00638101 0.11631123 0.30602342 0.44196093]
[0.01615268 0.01648651 0.509802   0.54453874 0.02837561]
[0.2845715  0.03598091 0.52172417 0.04292815 0.41199271]
[0.6838705  0.26848061 0.41432697 0.00361032 0.00810037]
[0.05878719 0.36834319 0.01914085 0.51207591 0.40618992]
[0.72256294 0.06745058 0.00512807 0.43816888 0.13600324]
[0.1749393  0.46324374 0.00597005 0.6519871  0.25932173]
[0.06387506 0.04170058 0.22548546 0.67761129 0.10912082]
[0.06198685 0.45674625 0.59084961 0.0498     0.12995507]
[0.16755248 0.58900431 0.34733458 0.10854567 0.23017245]
[0.03638386 0.05168127 0.34610912 0.65732978 0.18105459]
[0.02467859 0.00990703 0.80050909 0.22955531 0.01900847]
[0.09868202 0.81929459 0.44496152 0.00731434 0.12087736]
[0.02626841 0.06657939 0.0007543  0.28972368 0.5531402 ]
[0.60318878 0.61792844 0.0085658  0.08413248 0.07189454]
[0.0156928  0.00090104 0.44911444 0.21008222 0.50782071]
[0.11073726 0.70433907 0.3627951  0.10967717 0.0089876 ]
[6.99308080e-03 4.10047973e-02 3.42439273e-04 7.60183348e-01
 3.87288695e-02]
[0.13966896 0.11022074 0.56228878 0.52512594 0.10045408]
[0.04543844 0.13634579 0.47091353 0.53987827 0.25883239]
[0.01487397 0.9202187  0.00524905 0.33673619 0.22081985]
[0.13772465 0.08524607 0.50474858 0.13726669 0.39490794]
[0.06137202 0.05101835 0.11570536 0.67184762 0.0105815 ]
[0.91267242 0.00907234 0.05887837 0.02281916 0.01333466]
[0.22288064 0.14902114 0.47847876 0.56419461 0.02433993]
[0.33878122 0.35536161 0.17502177 0.18748644 0.42078631]
[ 1.18625293e-03 -3.95695182e-04  7.09131100e-01  9.92472669e-02
  1.18314823e-01]
[1.04528098 0.15628269 0.18622231 0.0069738  0.09496197]
[0.59717189 0.09452953 0.25228258 0.2869741  0.40153646]
[0.02155937 0.70816269 0.09210017 0.37179021 0.00662536]
[5.90460927e-04 7.24716782e-04 2.36240576e-03 7.11255522e-01
 5.90908683e-03]
[0.24511748 0.15284616 0.20790498 0.00197199 0.6080398 ]
[0.28486006 0.11859962 0.55813888 0.15006599 0.1391599 ]
[0.09831476 0.06574281 0.4025651  0.49658222 0.26311764]
[0.01933115 0.14323012 0.02715185 0.45640923 0.40828115]
[0.01202012 0.00076077 0.30125275 0.00122008 0.60347799]
[0.7963079  0.40045698 0.05669661 0.08015474 0.01536222]
[7.85719987e-03 1.06741351e-02 4.11648376e-04 7.33972852e-01
 2.79434742e-02]
[0.03724282 0.09319802 0.0351257  0.05608915 0.56032803]
[0.20217641 0.12705263 0.18308394 0.44971695 0.36885051]
[0.00938473 0.00536643 0.01147261 0.64905695 0.23022958]
[0.54420188 0.33644057 0.02074922 0.42682758 0.01614965]
[0.03675091 0.03436698 0.78675696 0.11075983 0.09506514]
[-1.38274866e-04 -2.97277205e-04  3.26691593e-04 -2.10491523e-03
  7.50259117e-01]
[0.01407113 0.01115488 0.01494472 0.39101974 0.58866074]
[0.01430903 0.02615443 0.38347806 0.64880627 0.18730949]
[0.0182777  0.48441938 0.32010518 0.53322445 0.08408815]
[0.02449553 0.00637976 0.46632004 0.46727867 0.2950686 ]
[0.3713654  0.24863155 0.3437138  0.2489781  0.29141249]
[0.00175397 0.62089176 0.13212651 0.59111155 0.18879845]
[0.13987827 0.15259564 0.31342884 0.33473229 0.4622323 ]
[0.11753501 0.12722623 0.6539984  0.10805978 0.02327407]
[0.10883837 0.50525616 0.3425273  0.01595409 0.3552581 ]
[0.08403489 0.01547987 0.16772607 0.32201489 0.50329489]
[0.87123542 0.55896627 0.0037775  0.05661018 0.01027907]
[0.05994418 0.03679251 0.37157816 0.27376229 0.45640418]
[0.26836881 0.01873019 0.05485071 0.05976129 0.5434134 ]
[0.12062509 0.72654731 0.02978607 0.45058884 0.13078571]
[0.60532146 0.25682076 0.00324959 0.55034857 0.10664104]
[0.26222616 0.25036166 0.05233172 0.20250973 0.48093248]
[0.32660279 0.25507726 0.21466302 0.05378236 0.45142195]
[-1.54373282e-04  3.70215291e-04  8.19903427e-01  1.19829323e-01
  2.22353219e-01]
[0.13611147 0.1626122  0.36642181 0.43157507 0.42026061]
[0.26203698 0.08911355 0.07652771 0.44634957 0.36116919]
[0.19607044 0.13316861 0.625598   0.28365231 0.19494625]
[0.46582416 0.09662131 0.3303155  0.10147652 0.44039006]
[0.0584101  0.01053527 0.34839598 0.65922438 0.18172968]
[0.03819142 0.00368397 0.77707346 0.00924932 0.19546623]
[4.60609431e-04 5.56262873e-03 1.62241190e-03 6.54193020e-01
 5.07644231e-01]
[0.08851638 0.7365531  0.40162513 0.05138935 0.00805708]
[0.46096971 0.29996992 0.30456572 0.00208439 0.54250542]
[0.10579312 0.62519486 0.39988229 0.1035745  0.31879525]
[0.01348497 0.01149289 0.60756218 0.47987656 0.16969739]
[0.61188456 0.09009713 0.18583796 0.06080614 0.48554978]
[0.0244476  0.25724566 0.72077725 0.09879584 0.03732261]
[0.00176112 0.01363507 0.01315079 0.51505905 0.44476651]
[0.07588341 0.70994234 0.37568838 0.06819488 0.28922529]
[3.05688291e-02 7.21126749e-01 1.52128116e-04 6.23085758e-01
 9.70955832e-02]
[0.02225489 0.05408426 0.09997353 0.01289085 0.6221182 ]
[0.2990399  0.09734864 0.2443799  0.3748803  0.36999962]
[0.13614464 0.23100843 0.01058107 0.42267533 0.49383908]
[0.08534754 0.83615616 0.19792005 0.07164495 0.20805508]
[0.48865586 0.19014474 0.69158337 0.00576879 0.04146184]
[ 3.45084573e-03 -1.73618629e-04  2.58316269e-03  1.07941349e+00
  5.70112814e-03]
[0.01281791 0.00836829 0.75375198 0.22340399 0.05117806]
[0.29330142 0.12213014 0.57467015 0.16977376 0.11349857]
[0.06182399 0.38922554 0.03024372 0.51966377 0.2992938 ]
[0.02536151 0.03594745 0.0282919  0.59648362 0.35085617]
[0.01513739 0.00977637 0.6641199  0.09680894 0.10541988]
[-3.07997317e-05  3.51789148e-03  6.72380398e-02  4.01078126e-01
  5.45762985e-01]
[0.10147332 0.88575384 0.19177649 0.07426543 0.28916831]
[0.02062654 0.15688483 0.14656194 0.22532332 0.53134209]
[0.04628517 0.11619219 0.5197952  0.39061896 0.28827738]
[0.12772069 0.07900166 0.50716818 0.13713936 0.39454689]
[0.82866005 0.13939327 0.50723702 0.26507905 0.00282265]
[0.39885476 0.97613647 0.00192473 0.06245525 0.11396646]
[0.98068714 0.12543995 0.02278038 0.04317014 0.46385405]
[0.14290524 0.38248855 0.0285161  0.54512575 0.24855005]
[0.28271563 0.69035424 0.00988443 0.33744726 0.10629732]
[0.42236215 0.00650129 0.10764987 0.30903939 0.44576241]
[0.13213462 0.6366201  0.42853477 0.00770782 0.28258246]
[0.26290175 0.11440474 0.22501099 0.55005983 0.2554414 ]
[0.0060351  0.00827391 0.03170884 0.64550788 0.28639142]
[0.64968989 0.08267633 0.04303494 0.34355666 0.33753279]
[0.15452925 0.28003137 0.56507268 0.43636022 0.08324286]
[0.02646204 0.80097286 0.04246599 0.09572463 0.32593636]
[0.44361788 0.60350224 0.52170953 0.00811848 0.0025649 ]
[0.79643311 0.05676486 0.05182106 0.1776162  0.16465312]
[0.0258521  0.02122339 0.91794943 0.0375402  0.03156879]
[0.48423439 0.18116244 0.5565303  0.00599924 0.35214352]
[0.52568284 0.19235146 0.43678191 0.0144958  0.1941765 ]
[0.01056192 0.05177946 0.74194017 0.18388987 0.01410033]
[0.21805826 0.30685492 0.40830208 0.37213588 0.3416556 ]
[0.60466125 0.00292704 0.65768309 0.00773565 0.1381213 ]
[2.83616405e-03 1.68533892e-02 7.24134220e-05 3.45420226e-01
 6.38591646e-01]
[-6.23687802e-05  2.71274748e-02  6.93702817e-01  8.77497957e-03
  3.19053506e-01]
[ 3.87568330e-02  3.18833865e-02  9.98297129e-01 -1.45122501e-05
  3.44037990e-02]
[0.43777213 0.14924875 0.11144478 0.47945566 0.19422781]
[0.13412233 0.66864625 0.64767209 0.12455262 0.00307719]
[ 2.00926022e-01  4.07620643e-01  3.41527887e-03  1.10541847e+00
 -2.85432386e-04]
[1.68622928e-02 2.10481831e-02 5.56720358e-01 4.62310462e-04
 5.03921500e-01]
[0.51241966 0.03630834 0.03332572 0.14727943 0.44637332]
[0.02044948 0.01237691 0.5807214  0.32197355 0.32658725]
[0.61886286 0.76894363 0.01152688 0.31702079 0.01252037]
[0.4022418  0.51172189 0.07157354 0.08767777 0.37426279]
[0.39666924 0.03091193 0.03196559 0.2063163  0.51021066]
[0.07691708 0.60865634 0.36750234 0.49529507 0.18681597]
[0.01301757 0.00466169 0.50829216 0.54330917 0.18149529]
[0.84363165 0.06514647 0.00709247 0.1961922  0.09728729]
[1.66508212e-03 1.38952584e-02 4.24072832e-04 8.81963224e-01
 1.48761670e-01]
[0.01421708 0.03533067 0.01257287 0.03905146 0.56839411]
[0.05844669 0.02856617 0.48085749 0.45507829 0.17909004]
[0.06987943 0.14047096 0.02177016 0.08329477 0.5621246 ]
[0.33971232 0.21382661 0.30756407 0.4685998  0.19110572]
[0.13549513 0.76557499 0.48866589 0.03798646 0.01103182]
[0.23716361 0.02357351 0.03098343 0.36082844 0.51893869]
[0.5305833  0.18100801 0.00361451 0.57982412 0.23231469]
[0.06374092 0.42849981 0.20964851 0.16795926 0.46913936]
[0.22947839 0.62519623 0.05891683 0.65480454 0.00075275]
[0.65733214 0.08583982 0.52891902 0.06010933 0.04622586]
[0.00536978 0.01481353 0.4002224  0.25078452 0.49273166]
[0.27513974 0.70651832 0.05359417 0.02678695 0.28000245]
[0.02489181 0.00450537 0.26164461 0.49386236 0.3086387 ]
[0.02631598 0.19427718 0.2517408  0.01998659 0.5368524 ]
[0.00519327 0.04468863 0.59194239 0.22973577 0.32508167]
[ 5.06773810e-04 -3.99857487e-04  1.53388836e-03  5.05062582e-02
  6.91087210e-01]
[1.01667022e+00 7.82936926e-01 3.30480304e-04 1.70847466e-01
 1.75082993e-01]
[0.28946433 0.7276212  0.07383299 0.01384604 0.28992557]
[0.01457572 0.02050325 0.07403242 0.64518208 0.28796945]
[0.04943862 0.56937862 0.13425927 0.0529395  0.51428796]
[0.34249653 0.21558323 0.27825568 0.22190562 0.35590246]
[0.0509616  0.03120551 0.17414935 0.36994737 0.47337182]
[0.01080772 0.00062426 0.27128648 0.12614351 0.59752909]
[0.20578337 0.15181338 0.55554539 0.4476908  0.12976728]
[0.60324844 0.01568184 0.05235223 0.3296195  0.25748137]
[0.24998982 0.62677393 0.07239418 0.3643787  0.12019484]
[0.10726121 0.26881981 0.03981764 0.15362057 0.51585636]
[0.38655237 0.05435234 0.10549338 0.60545484 0.16216918]
[0.25379834 0.61972205 0.00826494 0.39987649 0.32641856]
[0.00922652 0.07246661 0.2201315  0.39823253 0.49869306]
[0.01404725 0.0340231  0.95744569 0.03924786 0.03294455]
[1.07978262e-03 4.01311245e-04 2.13108523e-02 5.00236043e-01
 5.19260370e-01]
[0.14148982 0.85523293 0.05005901 0.30226269 0.10037496]
[0.27991548 0.00099649 0.30454919 0.30892167 0.44273135]
[0.00912614 0.00581911 0.26811917 0.12464597 0.59674789]
[0.62023939 0.00151787 0.67461795 0.00799019 0.03093433]
[0.04234301 0.03472994 0.09885188 0.01272218 0.61513759]
[0.11381086 0.88043031 0.19105224 0.07397693 0.28807503]
[0.16898173 0.24108854 0.31920918 0.44814298 0.32219849]
[0.02164908 0.0028252  0.43040957 0.46977365 0.31786324]
[6.20067600e-03 1.31174787e-02 3.83562992e-05 3.56294218e-01
 8.06138876e-01]
[0.0181884  0.01098144 0.00299785 0.43428619 0.53012941]
[0.16809542 0.34008922 0.00443973 0.89884199 0.00418946]
[0.74506146 0.57287511 0.00236934 0.12692494 0.21828899]
[0.76187028 0.31077399 0.04679454 0.03696354 0.29850183]
[0.4196666  0.85167126 0.01926576 0.49736457 0.00483445]
[3.40022094e-01 8.69198750e-01 2.08803665e-04 1.73820968e-01
 1.03153312e-01]
[0.07429654 0.02679488 0.05049739 0.51826957 0.40244664]
[0.10461824 0.61825614 0.39544793 0.10607222 0.32367302]
[ 1.67526422e-04 -6.07168044e-04  3.37802509e-03  8.94068413e-01
  7.46653861e-03]
[0.25024283 0.15445711 0.2247601  0.5537384  0.24175515]
[4.68891387e-02 1.11752137e-01 5.63664080e-04 2.60328240e-02
 6.29531616e-01]
[0.6546222  0.00986577 0.47575206 0.00848904 0.11971305]
[0.07438284 0.04577647 0.46083901 0.32489757 0.36765938]
[0.45690981 0.07583439 0.37200169 0.27129993 0.28487071]
[0.46317236 0.28729774 0.4243892  0.0274348  0.26039237]
[0.25395355 0.16260548 0.0532847  0.43643058 0.43266388]
[0.11645027 0.12884935 0.65397232 0.10806328 0.02327482]
[0.05224204 0.120719   0.01816133 0.06901516 0.56686656]
[1.07214597e-04 1.15294802e-04 1.53107517e-03 5.04130174e-02
 6.89862761e-01]
[6.32158298e-04 7.49568312e-03 2.14662254e-03 9.23495944e-01
 1.50052446e-01]
[1.31492601e-04 2.40016864e-03 5.83757424e-03 6.81504582e-01
 2.06171264e-01]
[1.52819071e-05 1.03535665e-02 7.49661662e-01 1.23861541e-02
 1.98979160e-01]
[0.08197904 0.00987541 1.00469798 0.2846532  0.00571474]
[0.04817263 0.12385621 0.00674324 0.58885755 0.3853671 ]
[2.04061523e-02 4.98375308e-02 1.01460172e+00 2.03718966e-05
 3.49723243e-02]
[0.18421343 0.25770822 0.31109809 0.64551193 0.07925249]
[0.04061161 0.39229338 0.01761477 0.51438881 0.34195384]
[0.12855098 0.25297567 0.011124   0.41802812 0.49562814]
[0.11054121 0.01424955 0.40213452 0.19548646 0.47290489]
[0.44110151 0.28227358 0.03984567 0.41933027 0.27227425]
[0.32816468 0.25250307 0.21621535 0.05388518 0.45225259]
[0.30236613 0.12596838 0.56592783 0.16878664 0.11284456]
[ 1.24733935e-03 -4.40462173e-04  1.26116697e-03  8.41308345e-01
  4.48537307e-01]
[0.22026779 0.55223299 0.08175921 0.31526077 0.27889409]
[0.12005434 0.05914821 0.65255388 0.432915   0.13179779]
[0.27008968 0.29940513 0.05806504 0.10403671 0.46334485]
[ 8.12779586e-04 -1.85309944e-04  1.09954398e-03 -1.66613251e-03
  7.17640316e-01]
[0.43179317 0.40856096 0.07314353 0.06890378 0.34643906]
[0.01335593 0.01648429 0.56462246 0.01725941 0.4985389 ]
[0.15275005 0.01621815 0.55419785 0.27663851 0.28792899]
[0.65521085 0.83242515 0.00371824 0.06206177 0.11803284]
[0.05359344 0.12902063 0.80661814 0.14907235 0.06712622]
[0.33497873 0.14591717 0.03097629 0.53228034 0.24720384]
[0.16613151 0.40559058 0.00504045 0.25956961 0.47569701]
[0.32746676 0.96385961 0.05902925 0.12051301 0.01325155]
[0.6581817  0.01473103 0.46881722 0.19544473 0.03097539]
[0.08900667 0.44420515 0.28622183 0.06911042 0.51410852]
