[0.02360875 0.02978    0.3690797  0.76407812 0.00715588]
[0.20217641 0.12705263 0.18308394 0.44971695 0.36885051]
[0.04085388 0.1022745  0.01517104 0.05733289 0.57393931]
[0.01526083 0.009154   0.01142437 0.03485968 0.63820268]
[0.04120382 0.10315213 0.01514936 0.05806329 0.57933526]
[0.00872    0.53852241 0.02746955 1.27893581 0.00200972]
[0.59717189 0.09452953 0.25228258 0.2869741  0.40153646]
[0.62598359 0.29609963 0.73244488 0.00491301 0.15014697]
[0.04548225 0.13377679 0.00817789 0.80379283 0.01260716]
[0.10839903 0.06697374 0.43053745 0.11609559 0.53335637]
[0.21805826 0.30685492 0.40830208 0.37213588 0.3416556 ]
[0.00797434 0.00205479 0.40877188 0.40649398 0.53484881]
[0.10461824 0.61825614 0.39544793 0.10607222 0.32367302]
[0.03027127 0.03318167 0.88038237 0.11689856 0.0305608 ]
[0.03280032 0.19410905 0.72224804 0.11771791 0.1193773 ]
[0.03819142 0.00368397 0.77707346 0.00924932 0.19546623]
[0.44330958 0.8814387  0.00753851 0.20001035 0.1160144 ]
[2.74423814e-04 1.46913179e-04 1.82940676e-02 3.75893607e-01
 7.05029010e-01]
[0.17124121 0.10948148 0.61817046 0.47608447 0.16219741]
[0.21813741 0.03356779 0.43293076 0.52167374 0.35194584]
[0.48488633 0.33310297 0.3208081  0.26683443 0.32757468]
[0.08794551 0.33183275 0.78076268 0.14167914 0.02894469]
[ 7.84910631e-04 -1.97398286e-04  1.06647610e-03 -1.52342175e-03
  7.21188299e-01]
[0.56841865 0.6305814  0.12540747 0.2177694  0.02665377]
[0.08903584 0.18961325 0.37093812 0.60715    0.07334592]
[0.01202012 0.00076077 0.30125275 0.00122008 0.60347799]
[0.00175397 0.62089176 0.13212651 0.59111155 0.18879845]
[0.01874713 0.05409581 0.81028454 0.20102585 0.01371562]
[0.33971232 0.21382661 0.30756407 0.4685998  0.19110572]
[1.05644083e+00 7.97891426e-01 3.43113491e-04 1.79203813e-01
 1.69960281e-01]
[0.0101184  0.02519191 0.00376379 0.01276781 0.66446528]
[0.09952139 0.26613067 0.44051411 0.06503777 0.51712722]
[0.02299468 0.00320096 0.40415214 0.35118599 0.49818921]
[0.0100813  0.00105024 0.00440398 0.81271728 0.436505  ]
[0.05224204 0.120719   0.01816133 0.06901516 0.56686656]
[0.43777213 0.14924875 0.11144478 0.47945566 0.19422781]
[0.01902893 0.00171127 0.01393139 1.07964008 0.00570375]
[0.20888175 0.22815668 0.74627925 0.13518092 0.04922609]
[3.11984278e-02 7.58664772e-01 1.62877506e-04 7.05552893e-01
 1.07137833e-01]
[0.07643908 0.74898954 0.20127858 0.0646152  0.37117115]
[0.0512814  0.15315731 0.08944391 0.79983567 0.01266829]
[0.01368643 0.01391965 0.54750831 0.09963592 0.46741206]
[0.34180881 0.2962067  0.89928522 0.0556989  0.00963645]
[0.49784575 0.06338915 0.07778296 0.5089631  0.34914358]
[0.41569393 0.53001111 0.23749804 0.25496973 0.1631522 ]
[0.00674947 0.05042874 0.04748776 0.30456111 0.56131106]
[ 1.15170490e-02 -3.20647781e-04  3.47946163e-02  3.37474481e-01
  6.26374835e-01]
[0.02799317 0.00195067 0.69486    0.28635299 0.37502343]
[0.32763728 0.96436155 0.05906    0.11815875 0.01325337]
[0.24660106 0.15220194 0.22449676 0.54879813 0.25630988]
[0.48405065 0.06161632 0.38496537 0.04346458 0.41690024]
[0.35544856 0.49780561 0.3369225  0.10741017 0.28642836]
[0.62805367 0.04388311 0.05061005 0.1399939  0.50631898]
[0.07197799 0.14221584 0.02213243 0.07797455 0.55932745]
[0.01706693 0.02130842 0.56340975 0.00192023 0.50998818]
[0.01471245 0.01126976 0.0146556  0.3946602  0.59411507]
[0.00716153 0.00448164 0.01308776 0.72623243 0.11358948]
[2.52365528e-03 4.07975235e-03 1.59356952e-04 1.17351324e+00
 2.04188980e-01]
[0.10362867 0.61241192 0.43511593 0.09643555 0.3332807 ]
[0.08494771 0.05794874 0.59524986 0.26359829 0.42449534]
[0.34249653 0.21558323 0.27825568 0.22190562 0.35590246]
[2.83616405e-03 1.68533892e-02 7.24134220e-05 3.45420226e-01
 6.38591646e-01]
[0.21524641 0.13487697 0.03206579 0.36443779 0.52775571]
[0.46957376 0.163458   0.00345923 0.77209199 0.23391182]
[ 9.70727842e-04 -9.93558730e-05  1.27477416e-03 -2.12947821e-03
  7.92507797e-01]
[0.45653969 0.64515931 0.43849231 0.00685061 0.37636516]
[0.05456677 0.03344886 0.18643198 0.3961829  0.50677663]
[0.00923555 0.00342363 0.01387493 0.20892951 0.61871539]
[0.46582416 0.09662131 0.3303155  0.10147652 0.44039006]
[0.13725584 0.10775345 0.25297559 0.0064042  0.58012065]
[0.51097684 0.33068451 0.01613142 0.63709645 0.21393773]
[0.08395536 0.60452646 0.36576608 0.49294524 0.18593156]
[-9.12118724e-06 -3.40876762e-04  9.22878212e-02  6.25272289e-01
  6.18625344e-01]
[0.10648114 1.04294221 0.28049354 0.09788518 0.150015  ]
[0.25016186 0.58733552 0.01921181 0.38181911 0.35050518]
[0.40563382 0.04822316 0.07320422 0.70377144 0.32437833]
[ 2.59132899e-02 -4.46467937e-04  6.83618144e-01  9.01340202e-02
  5.88576226e-01]
[ 1.24733935e-03 -4.40462173e-04  1.26116697e-03  8.41308345e-01
  4.48537307e-01]
[0.04005181 0.39719799 0.07116029 0.72150551 0.22731287]
[0.3226199  0.20304268 0.29209417 0.33307594 0.38930749]
[0.39666924 0.03091193 0.03196559 0.2063163  0.51021066]
[0.19248025 0.21325056 0.76633609 0.13738181 0.04662222]
[1.01667022e+00 7.82936926e-01 3.30480304e-04 1.70847466e-01
 1.75082993e-01]
[0.17813179 0.00975415 0.6503539  0.08414835 0.26645051]
[0.38941321 0.77658266 0.00989515 0.27205315 0.1578352 ]
[0.00335867 0.0126342  0.00882222 1.08353528 0.00572492]
[0.05430181 0.12993338 0.81318955 0.1473487  0.06772666]
[0.33513159 0.14613921 0.27618391 0.42312103 0.40763222]
[0.26524708 0.20862534 0.09919872 0.64088667 0.30973163]
[0.00217293 0.00430154 0.28415102 0.78029907 0.13734888]
[0.01338987 0.01671942 0.31006818 0.7622481  0.01643283]
[0.30700153 0.23618832 0.20227545 0.16197829 0.45263034]
[1.07978262e-03 4.01311245e-04 2.13108523e-02 5.00236043e-01
 5.19260370e-01]
[0.73724353 0.01118782 0.54392745 0.02120274 0.13569473]
[0.07357134 0.43554224 0.67567007 0.1013504  0.13501247]
[0.14858294 0.1172857  0.59817614 0.55051274 0.09555357]
[0.00924304 0.00651179 0.00261726 0.76258545 0.41887353]
[1.00295566e-04 4.60113206e-03 8.49733200e-02 4.22691480e-01
 5.78579068e-01]
[0.00892679 0.00556175 0.5187429  0.52925643 0.11555065]
[0.35788606 0.21652141 0.0220635  0.26969087 0.52951969]
[0.40260266 0.2446278  0.42938915 0.28511879 0.33340925]
[0.02220321 0.00291772 0.64506736 0.68625127 0.03540603]
[0.27008968 0.29940513 0.05806504 0.10403671 0.46334485]
[0.1088403  1.06602585 0.14038796 0.11724986 0.14800437]
[0.00757095 0.148461   0.65724014 0.43967918 0.13307186]
[0.31380275 0.1068274  0.08837547 0.53330902 0.40472993]
[0.07714588 0.08409336 0.32186506 0.56319642 0.28637517]
[0.71729942 0.13286271 0.00189947 0.10155456 0.42986559]
[0.01362689 0.01385721 0.64456325 0.11766014 0.55237846]
[-3.17359024e-05 -4.26596673e-04  1.31330349e-02  8.72889809e-01
  3.01948113e-01]
[0.01487397 0.9202187  0.00524905 0.33673619 0.22081985]
[0.26290175 0.11440474 0.22501099 0.55005983 0.2554414 ]
[0.08847125 0.09144087 0.02504922 0.44304145 0.46324076]
[0.02451812 0.03471984 0.12394166 0.63226082 0.29448915]
[0.03384418 0.20027393 0.72914086 0.11899013 0.08590224]
[0.07691708 0.60865634 0.36750234 0.49529507 0.18681597]
[0.71184706 0.05846977 0.52759026 0.00998628 0.24278202]
[0.03451969 0.0105543  0.37300452 0.76960514 0.00604615]
[0.28311827 0.360059   0.05036985 0.41920623 0.37582644]
[0.00381686 0.00633178 0.00128443 0.50352278 0.62977071]
[0.00566675 0.01355327 0.61983436 0.43959227 0.18327357]
[0.24470293 0.59700648 0.442325   0.08824754 0.09072506]
[0.5110129  0.56349775 0.11762687 0.19539368 0.02752035]
[0.06137202 0.05101835 0.11570536 0.67184762 0.0105815 ]
[0.03665413 0.02230106 0.22759733 0.16620729 0.5522215 ]
[0.00101487 0.00108448 0.15138696 0.74074816 0.34564823]
[0.2185078  0.14608763 0.46696626 0.24718178 0.2893251 ]
[0.11285511 0.83373832 0.54647706 0.06202528 0.04521928]
[0.11054121 0.01424955 0.40213452 0.19548646 0.47290489]
[0.22129329 0.24523604 0.78884261 0.08487503 0.03060545]
[0.17562763 0.10942888 0.14691132 0.44071881 0.46504414]
[0.54366699 0.35187239 0.0171666  0.67797915 0.00444579]
[0.0584101  0.01053527 0.34839598 0.65922438 0.18172968]
[ 2.00926022e-01  4.07620643e-01  3.41527887e-03  1.10541847e+00
 -2.85432386e-04]
[0.11706986 0.69179377 0.44087769 0.03420414 0.11528043]
[0.42396652 0.26698417 0.34442475 0.06027453 0.41937514]
[0.28946433 0.7276212  0.07383299 0.01384604 0.28992557]
[0.7963079  0.40045698 0.05669661 0.08015474 0.01536222]
[0.19883665 0.4165718  0.02704692 0.73737295 0.01298718]
[0.25024283 0.15445711 0.2247601  0.5537384  0.24175515]
[0.45882916 0.62420885 0.53630269 0.00844471 0.09444212]
[0.10176885 0.60242464 0.20289099 0.36177098 0.3180979 ]
[0.16458497 0.43988397 0.29901483 0.0772414  0.49251859]
[0.00884384 0.00233946 0.68266476 0.31036974 0.10143172]
[ 5.56314711e-04 -4.86259817e-04  1.60725184e-03  5.29378248e-02
  7.23018831e-01]
[0.73362526 0.79643983 0.37739277 0.0126851  0.25358203]
[0.05940754 0.07370302 0.91251525 0.01043952 0.00785879]
[0.0027384  0.93882498 0.19974453 0.15485093 0.19465716]
[0.42236215 0.00650129 0.10764987 0.30903939 0.44576241]
[0.29503956 0.0495579  0.92501618 0.27680255 0.00536575]
[1.00990323 0.09617452 0.30857283 0.10692638 0.09585787]
[-1.38274866e-04 -2.97277205e-04  3.26691593e-04 -2.10491523e-03
  7.50259117e-01]
[0.29660007 0.20028439 0.25923451 0.4291099  0.41441734]
[0.01284888 0.10008566 0.0058026  0.83429637 0.1071251 ]
[0.05779531 0.05168462 0.14262773 0.14336133 0.54014385]
[0.0071381  0.0177459  0.00116888 0.11058199 0.67643833]
[0.64631713 0.08439152 0.52005722 0.0590663  0.09684839]
[0.02225489 0.05408426 0.09997353 0.01289085 0.6221182 ]
[0.20578337 0.15181338 0.55554539 0.4476908  0.12976728]
[0.07230663 0.02194503 0.30247536 0.51771397 0.41064792]
[0.03897074 0.03571886 0.82712005 0.11655208 0.09996286]
[0.79643311 0.05676486 0.05182106 0.1776162  0.16465312]
[0.07063422 0.08978557 1.06245392 0.30156931 0.00607585]
[0.04145303 0.11075886 0.38628675 0.26254758 0.49120947]
[0.01213931 0.0336622  0.51025424 0.21934239 0.58194707]
[ 1.03429149e-03 -4.14760069e-04  2.21811032e-02  6.27873620e-01
  5.83709889e-01]
[0.40623222 0.74983149 0.05025388 0.53510278 0.03062936]
[0.0959108  0.64497059 0.41280118 0.10760837 0.11361882]
[0.06004194 0.08586714 0.00115563 0.68577413 0.39728309]
[0.3055137  0.08109937 0.24831927 0.61039173 0.15640492]
[3.96682928e-04 4.93712679e-03 1.45249752e-03 9.24124449e-01
 1.50113506e-01]
[0.03706986 0.00419114 0.28098353 0.10953006 0.60767423]
[0.02544212 0.06247788 0.54707233 0.36133014 0.45845518]
[0.22026779 0.55223299 0.08175921 0.31526077 0.27889409]
[0.0181884  0.01098144 0.00299785 0.43428619 0.53012941]
[ 3.87568330e-02  3.18833865e-02  9.98297129e-01 -1.45122501e-05
  3.44037990e-02]
[0.16861421 0.07713178 0.7600928  0.00355504 0.20183443]
[0.11074733 0.63932334 0.77375829 0.00670518 0.04641257]
[0.06526481 0.03149205 0.21892059 0.28996615 0.52592404]
[-1.54373282e-04  3.70215291e-04  8.19903427e-01  1.19829323e-01
  2.22353219e-01]
[0.01430903 0.02615443 0.38347806 0.64880627 0.18730949]
[0.61188456 0.09009713 0.18583796 0.06080614 0.48554978]
[0.29330142 0.12213014 0.57467015 0.16977376 0.11349857]
[0.00438211 0.01177966 0.06098705 0.30626395 0.60093361]
[0.45437597 0.29501597 0.06682478 0.5183657  0.28931987]
[5.15315997e-04 7.86497753e-05 1.92629763e-02 8.32874965e-01
 2.90169170e-01]
[0.01335593 0.01648429 0.56462246 0.01725941 0.4985389 ]
[0.06468164 0.44515668 0.57108241 0.0664862  0.39804838]
[0.00299881 0.00326932 0.10021227 0.6127606  0.47509445]
[0.05272889 0.30667923 0.00218402 0.14179896 0.54656403]
[0.04364176 0.00200805 0.08212862 0.06842804 0.63528197]
[0.05844669 0.02856617 0.48085749 0.45507829 0.17909004]
[0.01668018 0.03458438 0.00593281 0.76709119 0.02591745]
[0.05623517 0.16876696 0.57851086 0.39423912 0.19363663]
[0.25605584 0.05109112 0.15913055 0.5695026  0.38224773]
[0.60466125 0.00292704 0.65768309 0.00773565 0.1381213 ]
[0.0212786  0.02911056 0.02329273 0.88440788 0.00527656]
[0.17348608 0.11377495 0.69612486 0.18804566 0.08904153]
[0.27513974 0.70651832 0.05359417 0.02678695 0.28000245]
[0.35646557 0.25718699 0.07922757 0.53520197 0.29462465]
[0.44546295 0.26772928 0.08594167 0.49930852 0.24603687]
[0.00997482 0.00165429 0.00440282 0.81171491 0.43596756]
[0.21818265 0.30703017 0.40853484 0.37234922 0.34144422]
[0.12772069 0.07900166 0.50716818 0.13713936 0.39454689]
[ 8.78026875e-04 -4.42288016e-04  7.85168880e-04  1.35817604e-01
  7.39322639e-01]
[0.01419516 0.02379754 0.00115861 0.56047111 0.57472723]
[0.05218625 0.12091411 0.29035404 0.58461984 0.33046383]
[1.35306290e-05 4.82911762e-03 8.86044415e-02 4.18177917e-01
 5.73695391e-01]
[0.3035892  0.20316415 0.64867074 0.01015429 0.36115007]
[0.02092365 0.12412142 0.42400237 0.62939816 0.07272536]
[ 8.76918059e-04  1.67059116e-03 -4.27323000e-05 -5.03736998e-04
  9.25168897e-01]
[0.06215554 0.3514337  0.57031924 0.09216029 0.33491881]
[0.24671236 0.2136684  0.64919972 0.03961233 0.39504304]
[0.00500345 0.03423319 0.00197878 0.98241273 0.13164669]
[0.32763132 0.89898207 0.52187765 0.00481908 0.2466405 ]
[0.18766779 0.12348563 0.6787102  0.0166736  0.10919649]
[4.89211071e-01 1.32864132e+00 3.44300244e-04 1.27722850e-01
 3.30507724e-01]
[0.02378576 0.10775637 0.28578775 0.57112838 0.40367658]
[0.60532146 0.25682076 0.00324959 0.55034857 0.10664104]
[0.1406488  0.15343857 0.31287369 0.33474439 0.46224892]
[0.45637335 0.05805946 0.36295823 0.02846396 0.4922296 ]
[0.07995749 0.00404661 0.29223481 0.03663166 0.56987975]
[0.00544889 0.03613474 0.10330651 0.43507789 0.48720701]
[0.39885476 0.97613647 0.00192473 0.06245525 0.11396646]
[0.00170714 0.00405439 0.00183098 0.16429815 0.68895704]
[0.35331967 0.74041846 0.04808516 0.80701972 0.00411332]
[0.24511748 0.15284616 0.20790498 0.00197199 0.6080398 ]
[0.00178977 0.01384637 0.01341247 0.52416718 0.44584312]
[0.68219889 0.84419777 0.15671548 0.26450734 0.01207293]
[0.10803729 0.11951007 0.60862795 0.08774738 0.43082938]
[0.18326825 0.25783858 0.34320183 0.48198248 0.34644231]
[0.02730947 0.04574298 0.79422129 0.32964425 0.01441743]
[0.02473169 0.03100723 0.81326672 0.00372531 0.23505268]
[0.35628678 0.21681546 0.01005013 0.27048321 0.52844697]
[0.05190589 0.60067231 0.14162679 0.05596135 0.54992815]
[1.05601612 0.1005931  0.18622231 0.10702795 0.09526929]
[0.02631598 0.19427718 0.2517408  0.01998659 0.5368524 ]
[0.16992911 0.30925637 0.6175848  0.33102228 0.08405696]
[0.21939988 0.1734131  0.7983226  0.10554636 0.02853084]
[0.44048031 0.61000687 0.44295214 0.54966145 0.00579661]
[6.32099003e-03 3.70966717e-02 1.25936111e-04 7.38976465e-01
 3.06951681e-01]
[0.01457572 0.02050325 0.07403242 0.64518208 0.28796945]
[0.17029634 0.24583904 0.62116906 0.24901832 0.07060582]
[0.69270651 0.25939217 0.43733476 0.00682685 0.3930209 ]
[0.02040109 0.0018773  0.01044274 1.047554   0.00552246]
[0.08028246 0.42286611 0.65905096 0.09880485 0.19923185]
[0.13213462 0.6366201  0.42853477 0.00770782 0.28258246]
[0.01673111 0.01694515 0.52584177 0.55938556 0.02921616]
[0.28801989 0.39619988 0.49413848 0.46047446 0.12208735]
[0.03112746 0.00289295 0.84252079 0.01019982 0.21186586]
[0.74506146 0.57287511 0.00236934 0.12692494 0.21828899]
[0.02377993 0.05922031 0.00871795 0.00515472 0.58558232]
[0.028405   0.03110991 0.88102409 0.11697104 0.03057965]
[0.29296214 0.14542524 0.43525051 0.49436476 0.19415046]
[0.10660056 0.37923155 0.02567871 0.57617616 0.38090245]
[0.01176792 0.08956471 0.08327313 0.64556163 0.14933236]
[0.17435539 0.35368139 0.00461618 0.95913255 0.00448263]
[0.09338923 0.05241287 0.40071788 0.59597633 0.18577595]
[0.00856432 0.00749302 0.00261115 0.76083692 0.41926026]
[0.0106486  0.0268267  0.80265097 0.23017523 0.01906042]
[0.74454186 0.24155714 0.45097435 0.0056085  0.18528261]
[0.55841951 0.35585077 0.24280172 0.25902173 0.16308137]
[ 2.15935913e-06 -3.09508047e-04  3.21895239e-03  8.52459468e-01
  7.15937538e-03]
[0.1749393  0.46324374 0.00597005 0.6519871  0.25932173]
[0.93861271 0.25058271 0.04655844 0.01079093 0.51374692]
[0.12395229 0.02965735 0.10026861 0.59082874 0.40390744]
[0.00685861 0.06816522 0.85534568 0.11302638 0.04264151]
[6.42149822e-01 5.95586840e-01 1.25562644e-05 3.38289985e-01
 9.99727586e-02]
[0.77659812 0.26519237 0.21092586 0.01247837 0.51389231]
[0.00428036 0.02960871 0.66753906 0.27332433 0.35528531]
[0.06773634 0.04340169 0.27189465 0.33495387 0.50314522]
[0.08403489 0.01547987 0.16772607 0.32201489 0.50329489]
[0.00903112 0.01167507 0.85128766 0.1141761  0.30199187]
[-1.46424983e-04  6.42888655e-03  3.20924029e-01  1.77549255e-01
  6.10927006e-01]
[0.2856539  0.0877428  0.91824108 0.27475953 0.00696013]
[0.82516599 0.32406433 0.50864649 0.01094866 0.00819309]
[0.66223135 0.6867479  0.45555521 0.0463165  0.01616614]
[0.2452547  0.51424784 0.03633943 0.0622063  0.42513866]
[0.78787787 0.38848632 0.1022163  0.04008605 0.15056441]
[0.06162495 0.5573596  0.1872098  0.58410918 0.00560602]
[0.76878409 0.12186296 0.32477733 0.37003754 0.14336184]
[0.55717419 0.57075609 0.00790836 0.28529009 0.03876326]
[0.02710226 0.24462362 0.2403134  0.66154153 0.00382397]
[0.02725925 0.00498875 0.28636547 0.53390956 0.33455209]
[0.02155937 0.70816269 0.09210017 0.37179021 0.00662536]
[0.09655429 0.13922712 0.35087229 0.64084576 0.07265619]
[ 7.10298069e-02 -1.00205107e-04  6.59301629e-01  1.95070665e-01
  2.72375237e-02]
[0.29961791 0.130596   0.24692595 0.37807818 0.46780651]
[0.65983762 0.72348358 0.10677607 0.05243116 0.13336762]
[0.00118222 0.00064543 0.0037896  0.44389245 0.47760241]
[-6.60787634e-05  1.57293866e-03  2.68236037e-03 -1.94266609e-03
  6.75823489e-01]
[0.28560509 0.78298734 0.46126004 0.02120849 0.12405253]
[0.07438284 0.04577647 0.46083901 0.32489757 0.36765938]
[0.797595   0.31414553 0.03298678 0.07664167 0.3922632 ]
[0.32069323 0.38287716 0.06866733 0.40087638 0.38614577]
[0.77971987 0.05556106 0.16042456 0.17770743 0.16473688]
[4.22216531e-04 4.19101636e-04 1.60899799e-04 1.02180965e+00
 2.56225006e-01]
[0.04360932 0.02857112 0.79177531 0.19638503 0.01339302]
[0.62865995 0.54480925 0.72630489 0.06384291 0.01012433]
[0.14148982 0.85523293 0.05005901 0.30226269 0.10037496]
[0.29734376 0.18709549 0.24158307 0.19238204 0.49161414]
[0.0083255  0.01156162 0.01492262 0.84831716 0.07661967]
[0.0166056  0.00826311 0.42757626 0.73216607 0.06325964]
[0.01080772 0.00062426 0.27128648 0.12614351 0.59752909]
[0.08038905 0.05112949 0.29049663 0.48100323 0.46458769]
[0.40575081 0.14491308 0.28714831 0.47726864 0.20994133]
[0.02859754 0.01344014 0.21528357 0.22305874 0.60278554]
[0.86718169 0.14590029 0.53087518 0.27750873 0.0029729 ]
[7.08239406e-03 2.52580917e-04 8.12942010e-02 8.31057546e-01
 1.72891709e-01]
[0.01350786 0.0100073  0.70127152 0.1510194  0.17422034]
[0.7941423  0.35499531 0.13526238 0.00343329 0.36340197]
[0.03444026 0.01458234 0.15990156 0.81058044 0.01284348]
[0.02449553 0.00637976 0.46632004 0.46727867 0.2950686 ]
[0.10579312 0.62519486 0.39988229 0.1035745  0.31879525]
[0.3284234  0.04545943 0.84085315 0.15274803 0.03120361]
[0.00456903 0.03869834 0.02694563 0.60893961 0.40582693]
[0.05070475 0.48953342 0.02220931 0.64224644 0.1615782 ]
[0.01893507 0.02368407 0.6244765  0.04540431 0.43944309]
[0.16577484 0.14910323 0.40841922 0.41442326 0.25265059]
[0.25458372 0.33408795 0.0990297  0.60638845 0.16226002]
[0.26222616 0.25036166 0.05233172 0.20250973 0.48093248]
[0.00190557 0.00156527 0.72664702 0.13286833 0.15171487]
[0.00922652 0.07246661 0.2201315  0.39823253 0.49869306]
[0.07595623 0.1025305  0.65507598 0.482113   0.10632844]
[0.77985518 0.68980016 0.03870011 0.00455578 0.32478859]
[0.46249763 0.05868519 0.03020681 0.24395888 0.53461172]
[0.25116093 0.79611772 0.10474953 0.35742078 0.07573761]
[0.29181197 0.84377087 0.06261937 0.18366947 0.09739241]
[0.07588341 0.70994234 0.37568838 0.06819488 0.28922529]
[0.00049743 0.19537452 0.18382891 0.3806525  0.46864342]
[0.16026907 0.22051516 0.51126322 0.02562961 0.50240009]
[0.0182777  0.48441938 0.32010518 0.53322445 0.08408815]
[0.07681725 0.16077943 0.01042972 0.81146014 0.00649328]
[0.24476276 0.15106356 0.21984022 0.57142658 0.24704926]
[0.18941157 0.12981895 0.49971893 0.23613272 0.38290955]
[0.54195795 0.00302791 0.5988534  0.01783193 0.06336471]
[0.85064942 0.13732418 0.00904434 0.31957569 0.15238513]
[0.49896055 0.04639315 0.00352456 0.78648503 0.15757093]
[0.33878122 0.35536161 0.17502177 0.18748644 0.42078631]
[1.14734688e-02 1.57619939e-02 3.98345719e-04 8.12069215e-01
 1.37147252e-01]
[0.10327324 0.06413538 0.00797829 0.69328034 0.36841004]
[0.00975539 0.03629483 0.97583732 0.03866526 0.03704681]
[0.08534754 0.83615616 0.19792005 0.07164495 0.20805508]
[-2.99385517e-05  3.54533020e-02  9.01931435e-01  1.53466827e-02
  1.49010073e-01]
[0.25379834 0.61972205 0.00826494 0.39987649 0.32641856]
[0.62633694 0.30872563 0.08125188 0.49578873 0.12434479]
[0.23434949 0.18018057 0.15442047 0.11960027 0.58310804]
[0.4374143  0.73753279 0.06328352 0.30143609 0.10044507]
[0.47659709 0.29767905 0.09275728 0.46879289 0.24824592]
[0.86531843 0.13592127 0.48268454 0.38084578 0.05950176]
[0.01572222 0.19033636 0.22754335 0.77746206 0.02442987]
[0.03594621 0.21155867 0.78638552 0.12780595 0.2165134 ]
[0.0098944  0.06520542 0.1850771  0.78097536 0.08369852]
[0.15213772 0.54907879 0.72048604 0.04516159 0.08665848]
[0.80015679 0.4975972  0.02504387 0.21300104 0.22403312]
[0.00892256 0.00125929 0.10219654 0.9836794  0.02665602]
[0.4892103  0.8149749  0.56742002 0.12929618 0.03421391]
[0.0366082  0.82795245 0.09523602 0.70460588 0.01085514]
[0.08512123 0.03077878 0.05784579 0.6166597  0.47810957]
[0.00599127 0.36875092 0.95380907 0.01904812 0.14902313]
[0.14317295 0.13315279 0.73278828 0.37218568 0.13311864]
[0.80694873 0.90597539 0.41182372 0.0143863  0.35356164]
[0.33543456 0.06422561 0.1550463  0.6904543  0.04209304]
[0.07816335 0.18382577 0.00143434 0.04361642 0.887575  ]
[0.01366561 0.01223076 0.29234366 0.25349218 0.64142395]
[2.62614441e-01 2.58355658e-04 7.63855633e-01 5.66779844e-02
 4.51624230e-01]
[0.00094466 0.32661882 0.31091812 0.22744063 0.56732421]
[0.69157585 0.22433341 0.42641718 0.30640842 0.18528261]
[0.34282537 0.47648457 0.09591823 0.3574692  0.49320579]
[0.51589018 0.1253653  0.48725896 0.6720666  0.029592  ]
[0.64418598 0.56793583 0.3370748  0.00854261 0.49220991]
[0.09291536 0.91020509 0.1217359  0.22040419 0.3546096 ]
[0.03442259 0.06915323 0.05493452 0.73193461 0.16827527]
[0.25082472 0.02749462 0.73264848 0.14236411 0.23732795]
[0.01540837 0.13140914 0.73803356 0.2072944  0.20992547]
[0.09027061 0.18840517 0.70476578 0.3468536  0.28591965]
[0.10254371 0.01559164 0.55553422 0.59912253 0.0308732 ]
[0.43768142 0.21956703 0.00288609 1.13954305 0.20795009]
[0.06304288 0.61791161 0.59258416 0.22684103 0.36487759]
[0.30774487 0.28134871 0.74529395 0.19156974 0.08856442]
[0.40334274 0.51090063 0.1533517  0.06996171 0.52952463]
[0.43523552 0.06911922 0.10550321 0.44517261 0.47756586]
[0.03647077 0.07226497 0.05757976 0.78530017 0.108136  ]
[0.08773758 0.69417716 0.41909504 0.34762713 0.18622997]
[0.11066298 0.16405745 0.00497665 0.8473129  0.21918665]
[0.36923323 0.24905787 0.68940746 0.37166871 0.02785472]
[0.02123443 0.02649205 0.70000511 0.31489854 0.48902406]
[0.09424406 0.13966327 0.00423129 0.89589991 0.23013293]
[0.46067959 0.77576031 0.3196194  0.19977934 0.11588137]
[0.02964019 0.00210053 0.73549891 0.3032248  0.30620536]
[0.07335919 0.94366535 0.19410676 0.08004723 0.33109161]
[0.0320876  0.09780311 0.48210258 0.70434354 0.1060489 ]
[0.13677516 0.0105797  0.5526081  0.71070677 0.01424907]
[0.53337093 0.88857164 0.43792613 0.1275281  0.03387404]
[0.01955507 0.45277131 0.69965418 0.30759092 0.20755652]
[0.02871267 0.22278384 0.01293979 0.8663303  0.11873472]
[0.00225121 0.00430026 0.28558113 0.78423681 0.30046177]
[0.5379201  0.55834451 0.39773816 0.31723003 0.04998981]
[0.01829233 0.0157767  0.67990478 0.47334341 0.30324917]
[0.87874596 0.20472102 0.01817373 0.40540485 0.50514962]
[0.064413   0.63095188 0.60005139 0.30821086 0.18636732]
[0.05024493 0.03138879 0.41765257 0.10591702 0.58642592]
[0.01784019 0.02417321 0.81099378 0.56829093 0.03737848]
[0.6406139  0.31376743 0.0976679  0.33195752 0.17128635]
[0.35070126 0.11677631 0.04989335 0.6040423  0.45299881]
[0.11803888 0.32351922 0.19076525 0.00777928 0.67343409]
[0.00613471 0.09983567 1.00511241 0.02367883 0.15717675]
[0.02555769 0.20533078 0.5798079  0.3972058  0.2933145 ]
[0.22877908 0.31445307 0.72893028 0.03745556 0.22678248]
[0.71164768 0.46823994 0.0225773  0.35437206 0.297065  ]
[0.18958401 0.20021781 0.78615727 0.2455915  0.14788112]
[0.1230337  0.00398787 0.5572687  0.49800624 0.40470095]
[0.16147052 0.35530962 0.68935786 0.27519219 0.03776517]
[0.34116359 0.49613913 0.60352449 0.33591044 0.07874866]
[0.33886167 0.8624227  0.14721983 0.22508955 0.33369126]
[0.03160353 0.00543435 0.72670925 0.13017848 0.46780553]
[0.03363998 0.00629155 0.35299291 0.65860851 0.41247085]
[0.21869605 0.14621392 0.46736831 0.24739642 0.28957453]
[0.03763386 0.08998788 0.47396398 0.08536268 0.63710498]
[-2.21607059e-05  3.74501118e-02  9.51871573e-01  1.63109796e-02
  1.58035646e-01]
[0.03088143 1.26116879 0.06444991 0.24994729 0.1537489 ]
[0.11880497 0.91960074 0.05347271 0.32386156 0.10728283]
[8.07735372e-03 2.47568706e-04 9.23335968e-02 8.95676528e-01
 1.86200963e-01]
[0.02177325 0.01377055 0.3951249  0.31104563 0.63840514]
[0.58792587 0.82363394 0.01259246 0.15542679 0.39458631]
[0.12982522 0.01683813 0.47218881 0.22991134 0.5553476 ]
[0.37130817 0.32159313 0.97661824 0.0606733  0.01050014]
[0.31102087 0.6183873  0.00333604 0.4538305  0.70952134]
[0.10947732 0.06981213 0.39540844 0.65545952 0.16560364]
[0.30455316 0.89890483 0.05214316 0.12945184 0.46562195]
[0.05149342 0.04035034 0.21855416 0.88806475 0.02666045]
[0.44922675 0.62592095 0.19039558 0.11861439 0.31576167]
[0.10417717 0.28097529 0.45410913 0.06746681 0.53413375]
[0.50524119 0.88709219 0.05739649 0.03901853 0.35008152]
[0.5407137  0.0084224  0.13781776 0.32732604 0.52072867]
[0.392825   0.36453807 0.52890934 0.30762506 0.18521988]
[9.46998374e-02 8.82862570e-02 7.58368664e-04 1.19314846e+00
 2.86319090e-01]
[0.02306611 0.02095626 0.49100556 0.42718139 0.5713178 ]
[0.01090365 0.08550932 0.25942939 0.47620847 0.55855456]
[0.42514408 0.16942303 0.48842953 0.00557805 0.60473932]
[0.15293824 0.13510974 0.56435341 0.54370412 0.11885422]
[-1.24334782e-04  1.44701029e-02  3.75292881e-01  8.01738110e-01
  1.44931821e-01]
[0.24839566 0.01375707 0.670283   0.08898818 0.28201692]
[0.04916432 0.13139174 0.68054059 0.45427707 0.0985286 ]
[0.07162433 0.03361773 0.509048   0.54936203 0.18351383]
[0.04988365 0.12154617 0.01817543 0.01289085 0.6221182 ]
[0.02159052 0.10210764 0.49403247 0.5020675  0.316966  ]
[7.95327865e-02 1.91931939e-01 4.29857500e-04 4.54022182e-02
 9.22223607e-01]
[0.46361537 0.31016965 0.00529036 0.5638873  0.52381055]
[0.09502968 0.8699328  0.20610733 0.07332567 0.31035029]
[0.31848915 0.89531466 0.02343484 0.36788087 0.30583303]
[0.20551673 0.09685581 0.93014198 0.0048314  0.24707712]
[0.01712122 0.10151032 0.07243919 0.0146352  0.66166612]
[0.10000064 0.04708875 0.42241678 0.41679039 0.56836647]
[0.08862497 0.86822482 0.17965207 0.21307641 0.31327238]
