[0.02360875 0.02978    0.3690797  0.76407812 0.00715588]
[0.5175613  0.26186067 0.13617885 0.57516669 0.18867073]
[0.0181344  0.01858417 0.72327333 0.50658667 0.32321376]
[0.64454977 0.17324852 0.16928586 0.08343839 0.5562723 ]
[0.05825203 0.02080465 0.417664   0.70492536 0.2394683 ]
[0.12477081 0.02316277 0.67682168 0.1228142  0.44174886]
[0.20217641 0.12705263 0.18308394 0.44971695 0.36885051]
[0.04085388 0.1022745  0.01517104 0.05733289 0.57393931]
[0.31324885 0.65641698 0.04262813 0.71529405 0.01476764]
[0.00333546 0.00527645 0.11546056 0.56212665 0.56204636]
[0.26709451 0.23135895 0.70280089 0.04306019 0.42769068]
[0.01526083 0.009154   0.01142437 0.03485968 0.63820268]
[0.35834862 0.22256976 0.06331645 0.28182172 0.55577811]
[0.42896252 0.02525635 0.00364042 1.02142305 0.36813462]
[0.07033253 0.03448261 0.57837246 0.54779094 0.21548696]
[0.15911209 0.67529155 0.42321597 0.69855449 0.02708256]
[0.40264466 0.29030561 0.08947    0.60462205 0.33273962]
[1.08723664 0.13301539 0.19976125 0.04913719 0.42564228]
[0.04988365 0.12154617 0.01817543 0.01289085 0.6221182 ]
[0.02108634 0.02289756 0.00770276 0.91420542 0.25619919]
[0.23737026 0.32274432 0.71165862 0.36691907 0.09623554]
[0.03758391 0.14412974 0.54450274 0.55809683 0.22086665]
[0.01527746 0.2453322  0.35522684 0.3917744  0.53451956]
[0.31922203 0.75140056 0.00537242 0.14378638 0.59928937]
[0.22340724 0.57958472 0.36463386 0.6313206  0.04573286]
[0.04120382 0.10315213 0.01514936 0.05806329 0.57933526]
[0.00872    0.53852241 0.02746955 1.27893581 0.00200972]
[0.59717189 0.09452953 0.25228258 0.2869741  0.40153646]
[0.32929326 0.16502475 0.708509   0.39905771 0.17872748]
[0.0289186  0.03652661 0.43646081 0.90419329 0.00539579]
[ 1.23694968e-03 -3.21974129e-04  1.26554262e-03  8.44112807e-01
  4.50030029e-01]
[0.62598359 0.29609963 0.73244488 0.00491301 0.15014697]
[0.04548225 0.13377679 0.00817789 0.80379283 0.01260716]
[0.11537866 0.20316295 0.69287418 0.09958975 0.36776325]
[0.10839903 0.06697374 0.43053745 0.11609559 0.53335637]
[0.21805826 0.30685492 0.40830208 0.37213588 0.3416556 ]
[0.09691455 0.07633488 0.35295488 0.74959412 0.09333748]
[0.86139104 0.42554513 0.14145776 0.11598433 0.15324476]
[0.03883133 0.1176342  0.45166513 0.66812137 0.08184536]
[0.00797434 0.00205479 0.40877188 0.40649398 0.53484881]
[0.0588811  0.02103525 0.42216185 0.7125389  0.22153878]
[0.21365072 0.13429199 0.17903326 0.53751539 0.47603042]
[0.10461824 0.61825614 0.39544793 0.10607222 0.32367302]
[0.03027127 0.03318167 0.88038237 0.11689856 0.0305608 ]
[0.42332407 0.16634601 0.02952312 0.71337773 0.4757304 ]
[0.87712904 0.432554   0.11379912 0.08873763 0.15793877]
[0.03280032 0.19410905 0.72224804 0.11771791 0.1193773 ]
[0.00152437 0.00233956 0.01105704 0.97669094 0.24830862]
[0.33345219 0.69876977 0.04537952 0.48304883 0.32942173]
[0.00557633 0.00939577 0.00828327 1.09173267 0.18996908]
[0.56102207 0.24500426 0.35026102 0.64458775 0.0179739 ]
[0.03819142 0.00368397 0.77707346 0.00924932 0.19546623]
[0.44330958 0.8814387  0.00753851 0.20001035 0.1160144 ]
[0.11476513 0.0645276  0.49172087 0.57397431 0.19630169]
[0.57958391 0.81216198 0.60577173 0.01318199 0.26583613]
[2.74423814e-04 1.46913179e-04 1.82940676e-02 3.75893607e-01
 7.05029010e-01]
[0.04916432 0.13139174 0.68054059 0.45427707 0.0985286 ]
[0.5407137  0.0084224  0.13781776 0.32732604 0.52072867]
[0.17124121 0.10948148 0.61817046 0.47608447 0.16219741]
[0.21813741 0.03356779 0.43293076 0.52167374 0.35194584]
[0.48488633 0.33310297 0.3208081  0.26683443 0.32757468]
[0.08794551 0.33183275 0.78076268 0.14167914 0.02894469]
[1.14018913e-04 4.85995295e-03 8.91952702e-02 4.20979001e-01
 5.77521236e-01]
[ 2.42712558e-03 -1.91862995e-04  1.16472791e-02  1.28729886e-01
  7.04318960e-01]
[0.52252616 0.24859371 0.1361442  0.57501986 0.19128528]
[ 7.84910631e-04 -1.97398286e-04  1.06647610e-03 -1.52342175e-03
  7.21188299e-01]
[0.56841865 0.6305814  0.12540747 0.2177694  0.02665377]
[0.2518792  0.09178424 0.34339798 0.70495665 0.2221681 ]
[0.01721881 0.017624   0.68709289 0.09449189 0.58261525]
[0.01337925 0.00217635 0.00868327 1.02083528 0.02752275]
[0.08903584 0.18961325 0.37093812 0.60715    0.07334592]
[0.4531057  0.07198116 0.10983559 0.46353189 0.49718312]
[0.00898447 0.0641246  0.19054732 0.95881799 0.10742842]
[0.01202012 0.00076077 0.30125275 0.00122008 0.60347799]
[0.00175397 0.62089176 0.13212651 0.59111155 0.18879845]
[0.57848444 0.65624722 0.70822039 0.01618279 0.26346404]
[0.01874713 0.05409581 0.81028454 0.20102585 0.01371562]
[0.33971232 0.21382661 0.30756407 0.4685998  0.19110572]
[1.05644083e+00 7.97891426e-01 3.43113491e-04 1.79203813e-01
 1.69960281e-01]
[0.13531301 0.0072648  0.49699559 0.68880025 0.3752652 ]
[0.70176293 0.6483788  0.32240579 0.05487085 0.35566416]
[0.07335919 0.94366535 0.19410676 0.08004723 0.33109161]
[0.02556536 0.49497335 0.63918522 0.50108241 0.151884  ]
[0.36066449 0.24763944 0.63910904 0.32149802 0.12777145]
[0.0101184  0.02519191 0.00376379 0.01276781 0.66446528]
[0.21457785 0.13975804 0.71241602 0.10395218 0.35226981]
[0.27516291 0.23279281 0.71783934 0.04095356 0.39205928]
[0.07684512 0.19032306 0.73644597 0.10506584 0.38654001]
[0.09952139 0.26613067 0.44051411 0.06503777 0.51712722]
[0.09291536 0.91020509 0.1217359  0.22040419 0.3546096 ]
[0.02299468 0.00320096 0.40415214 0.35118599 0.49818921]
[0.04008003 0.00431622 0.41595288 0.8613748  0.00811633]
[-2.21607059e-05  3.74501118e-02  9.51871573e-01  1.63109796e-02
  1.58035646e-01]
[0.48870134 0.45272645 0.23940509 0.73889752 0.01160927]
[0.09539737 0.86574327 0.20514212 0.07753882 0.30788763]
[0.71164768 0.46823994 0.0225773  0.35437206 0.297065  ]
[0.06852832 0.07530766 0.22938021 0.92673816 0.0288951 ]
[0.0100813  0.00105024 0.00440398 0.81271728 0.436505  ]
[0.05224204 0.120719   0.01816133 0.06901516 0.56686656]
[0.43777213 0.14924875 0.11144478 0.47945566 0.19422781]
[0.01902893 0.00171127 0.01393139 1.07964008 0.00570375]
[0.67711573 0.24867617 0.03861272 0.58444056 0.33292809]
[0.20888175 0.22815668 0.74627925 0.13518092 0.04922609]
[0.35932693 0.37282595 0.52945047 0.48441485 0.04998981]
[0.18797511 0.00386689 0.75741833 0.34034642 0.19080443]
[0.42791335 0.37857808 0.09259731 0.46798121 0.25110121]
[3.11984278e-02 7.58664772e-01 1.62877506e-04 7.05552893e-01
 1.07137833e-01]
[0.10947732 0.06981213 0.39540844 0.65545952 0.16560364]
[0.07643908 0.74898954 0.20127858 0.0646152  0.37117115]
[0.02387094 0.09154124 0.34245438 0.58641346 0.46496845]
[0.25130068 0.6722421  0.34345642 0.45018372 0.09806861]
[0.0512814  0.15315731 0.08944391 0.79983567 0.01266829]
[0.01368643 0.01391965 0.54750831 0.09963592 0.46741206]
[0.09671977 0.94743007 0.1896464  0.07631861 0.33259461]
[0.52375873 0.33961025 0.40108476 0.4543812  0.13775096]
[0.34180881 0.2962067  0.89928522 0.0556989  0.00963645]
[0.49784575 0.06338915 0.07778296 0.5089631  0.34914358]
[0.15213772 0.54907879 0.72048604 0.04516159 0.08665848]
[0.7660629  0.70897736 0.11498317 0.05662431 0.1624027 ]
[0.43768142 0.21956703 0.00288609 1.13954305 0.20795009]
[0.00599127 0.36875092 0.95380907 0.01904812 0.14902313]
[0.41569393 0.53001111 0.23749804 0.25496973 0.1631522 ]
[0.57727448 0.22366137 0.14077375 0.59414184 0.13983553]
[0.36731026 0.28268056 0.24200005 0.19058784 0.54018646]
[0.02005823 0.01464184 0.00568095 0.55457083 0.60496163]
[0.62412743 0.85616537 0.64614143 0.01409859 0.12800182]
[0.18791257 0.14851144 0.79579454 0.2152754  0.09585446]
[0.00674947 0.05042874 0.04748776 0.30456111 0.56131106]
[ 1.15170490e-02 -3.20647781e-04  3.47946163e-02  3.37474481e-01
  6.26374835e-01]
[0.41929954 0.73749604 0.57586124 0.02139619 0.14325037]
[0.02799317 0.00195067 0.69486    0.28635299 0.37502343]
[0.09027061 0.18840517 0.70476578 0.3468536  0.28591965]
[0.32763728 0.96436155 0.05906    0.11815875 0.01325337]
[0.01648229 0.01194537 0.01061602 0.51063409 0.52878381]
[0.00714609 0.00099586 0.00583362 0.8915772  0.44697989]
[0.03647077 0.07226497 0.05757976 0.78530017 0.108136  ]
[0.08373759 0.05317167 0.30281877 0.28811544 0.59490255]
[0.08397863 0.05877672 0.7449562  0.19048036 0.20997574]
[0.05287656 0.12251641 0.29418302 0.58764641 0.33277106]
[0.24660106 0.15220194 0.22449676 0.54879813 0.25630988]
[ 0.00099754  0.00360345  0.00547053 -0.00173095  0.68009071]
[0.48405065 0.06161632 0.38496537 0.04346458 0.41690024]
[0.00781984 0.81322137 0.78415182 0.02483851 0.11697675]
[0.35544856 0.49780561 0.3369225  0.10741017 0.28642836]
[0.34116359 0.49613913 0.60352449 0.33591044 0.07874866]
[0.89988819 0.4526151  0.08745893 0.09105667 0.16197904]
[0.62805367 0.04388311 0.05061005 0.1399939  0.50631898]
[0.87874596 0.20472102 0.01817373 0.40540485 0.50514962]
[0.01356045 0.00221364 0.00880013 1.03451575 0.01814265]
[3.93136117e-03 2.18233066e-04 2.92180048e-02 8.59711190e-01
 2.40964757e-01]
[0.07197799 0.14221584 0.02213243 0.07797455 0.55932745]
[0.01706693 0.02130842 0.56340975 0.00192023 0.50998818]
[0.13807811 0.0105026  0.55781942 0.71742863 0.01438728]
[0.01471245 0.01126976 0.0146556  0.3946602  0.59411507]
[0.11880497 0.91960074 0.05347271 0.32386156 0.10728283]
[0.00716153 0.00448164 0.01308776 0.72623243 0.11358948]
[0.47791984 0.18507314 0.05964464 0.49670788 0.44502853]
[0.8346761  0.64183729 0.00266085 0.14195755 0.13497036]
[0.73694486 0.62199621 0.3792819  0.00988554 0.55407684]
[0.07800532 0.70526352 0.23848895 0.7402449  0.00720764]
[2.52365528e-03 4.07975235e-03 1.59356952e-04 1.17351324e+00
 2.04188980e-01]
[0.03585918 0.00735804 0.37719996 0.70391407 0.44076918]
[0.20306946 0.01443089 0.59677989 0.49305221 0.38803372]
[0.10362867 0.61241192 0.43511593 0.09643555 0.3332807 ]
[0.38323709 0.18119043 0.03025446 0.66156716 0.43981347]
[0.02017965 0.02050106 0.01145845 0.89649512 0.25123978]
[0.32263823 0.20305425 0.29211076 0.33309498 0.38932962]
[0.31848915 0.89531466 0.02343484 0.36788087 0.30583303]
[0.03790413 0.34175373 0.32605385 0.90918836 0.00540297]
[0.01111333 0.0731764  0.21132622 0.89072723 0.0969905 ]
[0.12254002 0.03393553 0.37778585 0.67503619 0.3930354 ]
[0.008126   0.64926938 0.61893841 0.01873964 0.125892  ]
[0.08494771 0.05794874 0.59524986 0.26359829 0.42449534]
[0.07829897 0.11180302 0.00813841 0.78450939 0.35576142]
[0.09146643 0.89602773 0.21208535 0.07692509 0.22297081]
[8.07735372e-03 2.47568706e-04 9.23335968e-02 8.95676528e-01
 1.86200963e-01]
[0.34249653 0.21558323 0.27825568 0.22190562 0.35590246]
[0.5473832  0.62053804 0.57232176 0.06160311 0.23110489]
[0.06132223 0.22166626 0.40783441 0.33756468 0.52791939]
[0.00635875 0.01075829 0.00213821 0.96057979 0.39001934]
[2.83616405e-03 1.68533892e-02 7.24134220e-05 3.45420226e-01
 6.38591646e-01]
[0.02359177 0.01770658 0.01541468 0.68969883 0.51498447]
[8.15466683e-05 6.40749526e-02 7.00615845e-01 6.84890840e-01
 1.27981053e-01]
[0.21524641 0.13487697 0.03206579 0.36443779 0.52775571]
[0.05047718 0.00902574 0.31784728 0.58948363 0.42016682]
[0.46957376 0.163458   0.00345923 0.77209199 0.23391182]
[0.48620574 0.54054304 0.73184599 0.34767831 0.04671071]
[0.4459008  0.74968886 0.06438395 0.30671059 0.10898523]
[0.08389731 0.03041554 0.06721392 0.63639023 0.43799312]
[ 9.70727842e-04 -9.93558730e-05  1.27477416e-03 -2.12947821e-03
  7.92507797e-01]
[0.34870997 0.44386405 0.12678521 0.18629886 0.4843336 ]
[0.02083312 0.1212     0.06141837 0.58779646 0.50960218]
[0.59487965 0.68065829 0.62486772 0.01252003 0.22159417]
[0.45653969 0.64515931 0.43849231 0.00685061 0.37636516]
[0.05456677 0.03344886 0.18643198 0.3961829  0.50677663]
[0.00923555 0.00342363 0.01387493 0.20892951 0.61871539]
[0.46582416 0.09662131 0.3303155  0.10147652 0.44039006]
[0.13725584 0.10775345 0.25297559 0.0064042  0.58012065]
[0.51097684 0.33068451 0.01613142 0.63709645 0.21393773]
[0.03027607 0.01928951 0.10095756 0.72157757 0.31083275]
[0.04391402 0.11734366 0.40912922 0.27819787 0.52027637]
[0.28948087 0.70628791 0.52321929 0.10923794 0.107463  ]
[0.08395536 0.60452646 0.36576608 0.49294524 0.18593156]
[0.17562532 0.2414192  0.63843913 0.71266795 0.02363504]
[0.00594721 0.01423386 0.64961857 0.59134951 0.21201251]
[1.25926363e-02 5.64265172e-04 2.27716906e-03 1.02464468e+00
 4.01732062e-01]
[-9.12118724e-06 -3.40876762e-04  9.22878212e-02  6.25272289e-01
  6.18625344e-01]
[0.10648114 1.04294221 0.28049354 0.09788518 0.150015  ]
[0.07466662 0.05863223 0.33817329 0.71012323 0.12120659]
[0.23583158 0.60581573 0.08844763 0.35750167 0.28809869]
[0.30455316 0.89890483 0.05214316 0.12945184 0.46562195]
[0.07730091 0.07069297 0.62743697 0.46753775 0.40073199]
[0.01784019 0.02417321 0.81099378 0.56829093 0.03737848]
[0.21869605 0.14621392 0.46736831 0.24739642 0.28957453]
[0.26462533 0.28622521 0.08442906 0.61817878 0.44427541]
[0.80694873 0.90597539 0.41182372 0.0143863  0.35356164]
[0.11965322 0.70705079 0.45059355 0.11791879 0.11910416]
[0.64657202 0.29310183 0.10987551 0.64053496 0.04066191]
[0.25016186 0.58733552 0.01921181 0.38181911 0.35050518]
[1.07310012 0.10223011 0.1619863  0.13312157 0.09828063]
[0.2103357  0.41811169 0.00353902 1.15154589 0.24026898]
[0.01861554 0.02104487 0.7773079  0.54459071 0.34738917]
[0.20549359 0.1291455  0.18608624 0.45712466 0.37524834]
[0.00339666 0.00537924 0.11747698 0.57197661 0.57138112]
[0.07224549 0.06358052 0.17303476 0.17513292 0.64385337]
[0.01887172 0.01141589 0.01410394 0.04349892 0.67174629]
[0.04605794 0.02832483 0.03859181 0.11430768 0.66141095]
[0.02724975 0.12882122 0.6225266  0.63201307 0.21715168]
[0.03657845 0.42369844 0.09992612 0.03515654 0.65835545]
[0.32788412 0.07965743 0.16566137 0.03296904 0.6487989 ]
[0.04434701 0.11103506 0.01630442 0.06263773 0.62337823]
[0.63829261 0.10289663 0.27424786 0.29807045 0.42820225]
[0.33435868 0.1672097  0.71914705 0.40508127 0.18108307]
[5.68777011e-03 5.49705737e-04 4.28070062e-03 8.58751685e-01
 4.62460682e-01]
[ 5.45740235e-03 -4.07463553e-04  2.57870407e-02  8.45412807e-01
  4.52880332e-01]
[0.02871267 0.22278384 0.01293979 0.8663303  0.11873472]
[0.28812571 0.48506699 0.03759396 0.82018018 0.06621515]
[0.1008606  0.24738877 0.69719841 0.10164556 0.37433865]
[0.01706974 0.00493749 0.41693629 0.41490604 0.54620706]
[0.00073894 0.01987469 0.42268388 0.42065453 0.55374132]
[0.26885723 0.51256068 0.43589789 0.3638579  0.33290063]
[2.62454235e-01 2.57825182e-04 7.84339465e-01 2.40306300e-01
 1.53474831e-01]
[0.19645241 0.14011767 0.73680187 0.15639027 0.34510036]
[0.03677497 0.21758282 0.8093223  0.13159015 0.13380329]
[0.58297694 0.2546132  0.40683195 0.69334127 0.05066992]
[0.58306766 0.25465291 0.40689524 0.69344947 0.05056577]
[0.38245181 0.58404467 0.43965012 0.71709433 0.02798993]
[0.09096655 0.22066874 0.79406498 0.12334085 0.36564203]
[0.31010225 0.26886872 0.81610744 0.00983084 0.49592058]
[0.01918664 0.04177453 0.81199104 0.12949475 0.33653161]
[0.03058916 0.03035838 0.85828521 0.11390842 0.35082276]
[0.04828553 0.01679438 0.87164783 0.12405452 0.23057698]
[0.0189791  0.04486784 0.89934519 0.00972704 0.22628019]
[0.80960654 0.54236047 0.01467024 0.40518069 0.33945833]
[0.06608757 0.13558001 0.50972259 0.60534067 0.20562219]
[0.0405986  0.15566011 0.58076786 0.5957664  0.23574456]
[0.00967384 0.18895576 0.75763018 0.50899875 0.15474642]
[0.00231461 0.27974534 0.78164122 0.53621009 0.14918415]
[0.26179147 0.17988213 0.68926798 0.55085718 0.15957293]
[0.16383523 0.42214683 0.93071005 0.17249182 0.03114648]
[0.24463274 0.27114527 0.87198234 0.15848215 0.03237381]
[ 1.62703582e-03  4.98337536e-03  1.23826176e-03 -1.93485418e-04
  9.01269614e-01]
[0.00098997 0.00177513 0.10797805 0.12465626 0.7782366 ]
[0.16580316 0.39017447 0.00310042 0.16040926 0.72660594]
[0.00573334 0.01397378 0.00210918 0.00630371 0.75445788]
[2.60768052e-04 9.44398491e-04 2.18672825e-02 1.73131734e-02
 7.85114807e-01]
[2.94308259e-03 7.25828440e-04 7.53240327e-03 9.20718873e-04
 7.29729472e-01]
[6.63259825e-04 1.99438600e-03 1.73470733e-03 2.90191116e-01
 7.33176388e-01]
[0.00364487 0.00651126 0.00374265 0.11190186 0.78249088]
[0.56964638 0.63194431 0.12567838 0.21824426 0.0267122 ]
[0.24840388 0.22685815 0.60149242 0.65340116 0.09663071]
[0.08162689 0.21387973 0.40246461 0.65892755 0.07850145]
[0.03763386 0.08998788 0.47396398 0.08536268 0.63710498]
[0.01961389 0.05660236 0.8474121  0.21040018 0.01530175]
[0.02451243 0.05114102 0.81094412 0.20119123 0.01372712]
[0.00335945 0.10881571 1.09296077 0.02593623 0.17094912]
[0.46431982 0.15833316 0.11820378 0.5086502  0.4507328 ]
[0.51976501 0.21228727 0.13270598 0.52756982 0.208275  ]
[0.11493805 0.79268298 0.269505   0.48593896 0.21233538]
[0.08022122 0.69001493 0.14867175 0.63967283 0.2206501 ]
[0.21260126 0.23558698 0.75787988 0.13746403 0.05005124]
[0.20692024 0.29878772 0.75463578 0.30298064 0.0858253 ]
[0.4094269  0.42892575 0.60360966 0.55599222 0.05722422]
[0.08899537 0.87184915 0.234497   0.07556512 0.43211202]
[0.6753697  0.10890762 0.25118298 0.30844781 0.37527159]
[0.05375096 0.40069809 0.23371848 0.81138281 0.04627539]
[0.47713728 0.20531645 0.33236712 0.81289695 0.04418926]
[0.03160353 0.00543435 0.72670925 0.13017848 0.46780553]
[0.01393124 0.16647181 0.79227496 0.12912996 0.50840289]
[2.20485149e-01 1.18857092e-04 6.58988280e-01 2.01560163e-01
 4.79072716e-01]
[0.50388846 0.6006666  0.19468932 0.12214037 0.5495007 ]
[0.69157585 0.22433341 0.42641718 0.30640842 0.18528261]
[0.02225051 0.01629496 0.00630256 0.61490557 0.63639153]
[0.66174367 0.25646826 0.00944025 0.68300108 0.61633732]
[0.56661733 0.64235741 0.59242785 0.0548433  0.24151167]
[0.02123443 0.02649205 0.70000511 0.31489854 0.48902406]
[0.49809716 0.83879591 0.07200186 0.20001035 0.1160144 ]
[0.094846   0.13109679 0.03242129 0.53619916 0.54927472]
[0.17436587 0.00572465 0.80138254 0.20448319 0.4582233 ]
[0.01003017 0.30150221 0.78268692 0.31300419 0.21773009]
[0.19460169 0.00454512 0.78413825 0.30594159 0.21723071]
[0.1362206  0.06407726 0.75632255 0.57148534 0.3733783 ]
[0.30300828 0.01534776 0.80251137 0.21850808 0.29921588]
[0.2095729  0.01158204 0.76943414 0.23621285 0.36529303]
[0.03086977 0.48775752 0.75467597 0.33194752 0.2264189 ]
[0.14078576 0.10212478 0.48272197 0.66582044 0.41962452]
[0.2460681  0.04966609 0.31236569 0.69783083 0.43568273]
[0.14006436 0.10055684 0.48382273 0.6671107  0.41920629]
[0.32129549 0.23498203 0.35040279 0.67204767 0.27943399]
[ 0.00112267  0.00405506  0.00606251 -0.00168599  0.7529982 ]
[0.01286437 0.00979437 0.01282894 0.34538636 0.68339285]
[0.00343108 0.00273453 0.00860105 0.10372126 0.71380216]
[1.27070650e-01 9.54729464e-03 1.38035395e-01 4.58770220e-04
 7.41491596e-01]
[0.00764205 0.00225211 0.05457845 0.09036557 0.72664544]
[0.01631476 0.00123423 0.37703678 0.00206833 0.71627973]
[0.06722682 0.00693535 0.36256756 0.00196285 0.69835957]
[0.01986424 0.19542144 0.04632559 0.01512042 0.71352993]
[0.01312548 0.01769367 0.08376261 0.08724679 0.68865431]
[0.00593333 0.00708712 0.07969367 0.08659248 0.72475095]
[0.01678191 0.00231616 0.03912928 0.02812873 0.69042427]
[0.01381487 0.01903559 0.01321634 0.11137208 0.68170988]
[0.00576847 0.00181668 0.01147421 0.13933091 0.68985053]
[0.31179921 0.26385    0.81336352 0.06008715 0.44468313]
[0.32778864 0.2774045  0.85505377 0.04919224 0.46707332]
[0.65261359 0.0456226  0.05259075 0.14555092 0.50770624]
[0.13237241 0.41197065 0.09946001 1.04931185 0.0298913 ]
[0.00832357 0.2328852  0.31800927 1.04584982 0.02979154]
[0.11200981 0.11588521 0.03171553 0.54223763 0.56268327]
[0.16203111 0.1017242  0.14674949 0.36006714 0.61256922]
[0.17007908 0.10680182 0.1540335  0.37803933 0.60453858]
[0.18568674 0.3314543  0.25643011 0.22784912 0.56833433]
[0.37668019 0.23398134 0.06655671 0.29634161 0.57225103]
[0.5186021  0.5910212  0.18835487 0.09307633 0.6189586 ]
[0.15879331 0.12208716 0.15208912 0.35462048 0.61256922]
[0.00094466 0.32661882 0.31091812 0.22744063 0.56732421]
[0.17525814 0.11006939 0.14644752 0.37708614 0.60302189]
[0.41408202 0.25059985 0.02553491 0.3200706  0.61777523]
[0.14914238 0.06546585 0.75361035 0.04710194 0.51794135]
[0.06787633 0.07872913 0.06903638 0.49084497 0.61672261]
[0.02032862 0.19996524 0.04740063 0.46525152 0.60214421]
[0.21527952 0.13354274 0.03829803 0.45887041 0.59851314]
[0.05919693 0.06860916 0.07710532 0.48968212 0.61438467]
[0.54898923 0.50804068 0.26880949 0.48467961 0.21174888]
[0.08567033 0.12364386 0.08574821 0.75614384 0.34628604]
[0.26064001 0.45181092 0.02933312 0.752934   0.34915646]
[0.08626624 0.12053343 0.08185079 0.74987549 0.35975862]
[0.02290953 0.00767891 0.41514403 0.81061351 0.23525837]
[0.47273302 0.14443488 0.12353985 0.72775803 0.21842828]
[0.08577788 0.12238831 0.08243379 0.74490863 0.34758626]
[0.02746497 0.02506551 0.06686516 0.81515104 0.19548872]
[0.17254908 0.50924065 0.02953136 0.76144736 0.50840746]
[0.07633596 0.04154515 0.38355564 0.78276963 0.14508593]
[0.42670932 0.20742133 0.06658719 0.75420746 0.15523346]
[0.02453374 0.05172767 0.02655005 0.94249905 0.21912627]
[0.21961233 0.10627714 0.16173644 0.77289917 0.23123804]
[0.03941757 0.03617122 0.05322983 0.77820727 0.18505993]
[0.11488145 0.29226235 0.06556618 0.76860391 0.32822904]
[0.02435421 0.00774929 0.06462347 1.00932298 0.20917038]
[0.0321031  0.31517507 0.07465867 0.77163558 0.39830453]
[0.01614654 0.00767603 0.04443097 1.14131401 0.19422997]
[0.29989831 0.21699143 0.01420626 0.84814021 0.30725585]
[0.0599647  0.02024561 0.41254702 0.77813449 0.25737158]
[0.01619038 0.12296986 0.11414131 0.80188748 0.13488763]
[0.02926828 0.00498999 0.15943105 0.81449369 0.51951835]
[0.02431904 0.00427016 0.01792631 0.87648283 0.30479156]
[0.03079093 0.0142122  0.18433349 0.80901888 0.33161691]
[0.49160337 0.19038767 0.11988008 0.50567448 0.45765837]
[0.65994966 0.9245788  0.01414137 0.17472519 0.44348539]
[0.00528007 0.01556348 0.00274182 1.22741358 0.31796483]
[0.00515971 0.01515867 0.004093   1.2263516  0.31768985]
[0.58600747 0.0028179  0.63739761 0.01925724 0.1338828 ]
[0.0494202  0.60296318 0.75467414 0.08890975 0.37071364]
[0.46873994 0.59769528 0.26779934 0.29578376 0.30787168]
[0.10655566 1.04367132 0.24701705 0.089853   0.25975039]
[0.09521397 0.93269631 0.22076094 0.08007587 0.33120714]
[8.46502588e-03 2.87960803e-04 9.66761548e-02 9.37877331e-01
 1.94972182e-01]
[0.38718065 0.24051798 0.3229961  0.38377775 0.50859301]
[0.00660304 0.01113161 0.00221319 1.03686376 0.42152809]
[0.31102087 0.6183873  0.00333604 0.4538305  0.70952134]
[0.02052711 0.01534403 0.01342666 0.6005504  0.64384142]
[2.79633044e-04 1.14929757e-01 7.41627893e-01 7.35658202e-01
 1.37955828e-01]
[5.28977824e-01 1.62693568e-04 1.34811607e-01 3.76974398e-01
 5.36120373e-01]
[0.06265739 0.01134346 0.34031855 0.60754532 0.43742991]
[0.02498927 0.09582792 0.35838689 0.59329006 0.47737798]
[0.05327922 0.00955893 0.33543497 0.62221534 0.44343479]
[0.04926743 0.0212336  0.36166366 0.60296535 0.48550563]
[0.05429129 0.01004636 0.33513321 0.62150019 0.44409677]
[0.16680582 0.68483228 0.00536124 0.92542568 0.36813573]
[ 5.70279467e-04  2.06144655e-03  3.44926028e-03 -1.88443163e-03
  7.95051418e-01]
[0.00292072 0.00593726 0.00327413 0.11604987 0.81044434]
[0.07816335 0.18382577 0.00143434 0.04361642 0.887575  ]
[0.36030434 0.45863534 0.12961524 0.19243066 0.50010622]
[0.64398667 0.73060195 0.67352518 0.01366231 0.27417671]
[0.61237741 0.69472076 0.64047211 0.01288636 0.31406973]
[0.64729555 0.73234277 0.67605226 0.01372163 0.2671275 ]
[0.63515779 0.75153196 0.66205625 0.0136338  0.27368178]
[0.0293947  0.07964249 0.25910515 0.47569886 0.55793362]
[0.34594162 0.11079499 0.24908055 0.42304804 0.54750524]
[0.02730176 0.07396122 0.26574755 0.4848684  0.57279366]
[0.01366561 0.01223076 0.29234366 0.25349218 0.64142395]
[0.02078709 0.00712312 0.01671481 0.21177104 0.67052786]
[0.1043405  0.03501866 0.06098212 0.5087134  0.63253837]
[0.01129639 0.03131494 0.4753063  0.36953594 0.62845347]
[0.02177325 0.01377055 0.3951249  0.31104563 0.63840514]
[0.01213536 0.00327241 0.06691746 0.33601652 0.65894467]
[0.01416631 0.0144229  0.49349561 0.34501502 0.63048806]
[0.01990953 0.02047325 0.11142602 0.49369622 0.62029181]
[0.60726157 0.12438002 0.44847043 0.32643844 0.47490134]
[0.60789628 0.12460082 0.57042691 0.21669708 0.45215227]
[0.10822196 0.6666587  0.3933888  0.12270018 0.59662698]
[0.05829298 0.22363327 0.40658471 0.33798549 0.59440237]
[0.18575923 0.09118746 0.39863801 0.22332196 0.62203982]
[0.09009795 0.03608325 0.12674783 0.75173314 0.34422978]
[0.41981108 0.08514156 0.10529636 0.73224525 0.45712302]
[5.07581388e-02 6.56832138e-04 1.37051653e-01 8.06494450e-01
 3.61375231e-01]
[0.28730045 0.04439637 0.57010679 0.3206906  0.53447903]
[0.06220359 0.238633   0.43378478 0.36073715 0.56284147]
[0.04790421 0.1280201  0.44616552 0.30357291 0.56740482]
[0.14950616 0.57311416 0.37043045 0.61328306 0.24216016]
[0.00687093 0.01165021 0.00231024 1.03610075 0.42122069]
[0.53317786 0.88824987 0.43776764 0.12748117 0.16600324]
[0.15558212 0.09944964 0.56444114 0.74128994 0.14201466]
[0.09748975 0.10638141 0.40657028 0.72662522 0.36846486]
[0.00418787 0.26614817 0.37630476 0.72743999 0.22549676]
[0.6910577  0.18579021 0.18150152 0.47045537 0.31722023]
[0.47286357 0.43904664 0.23186188 0.4588505  0.30643246]
[0.58357575 0.3632829  0.10316086 0.46953405 0.31468101]
[0.49016547 0.45512778 0.24034457 0.41676302 0.33512073]
[0.31485076 0.21612    0.56011234 0.28478591 0.34946353]
[0.31602572 0.2250725  0.56461166 0.27704668 0.35087587]
[0.32495511 0.2230717  0.53400243 0.27767753 0.34079605]
[0.36231062 0.24243927 0.6750771  0.36313506 0.30433881]
[0.24957569 0.22060939 0.4819827  0.52017513 0.37340212]
[0.13326832 0.47285448 0.51547926 0.44281424 0.40291362]
[0.24777571 0.31556008 0.5459504  0.27035711 0.3424591 ]
[0.23918257 0.21960488 0.69805136 0.29117033 0.31119131]
[0.11966661 0.70712985 0.4506439  0.1179322  0.1191824 ]
[0.28671305 0.58907063 0.11398376 0.64715637 0.35138085]
[0.99025538 0.32545786 0.26014657 0.13937255 0.12413711]
[0.01712364 0.02318713 0.78940652 0.55310001 0.39258066]
[0.16129428 0.05857774 0.89310254 0.16856369 0.2812929 ]
[0.77004257 0.16439704 0.50249443 0.11758316 0.55188511]
[0.25786327 0.0318422  0.54584579 0.54031679 0.55695032]
[0.02723768 0.00283545 0.60007521 0.54445482 0.56120194]
[0.14588034 0.45705355 0.15756522 0.79875551 0.26345614]
[0.04795103 0.29562696 0.17461683 0.64582413 0.60799268]
[0.38717146 0.53613572 0.57563112 0.2136143  0.14254459]
[0.20651262 0.01600434 0.8339732  0.29908889 0.01724713]
[0.38721788 0.53248586 0.44500886 0.50262012 0.24659812]
[0.41085637 0.15902644 0.1059526  0.43787704 0.62909218]
[0.93430848 0.33908701 0.22368288 0.39743687 0.12915054]
[0.01005072 0.01732898 0.21785907 1.02894339 0.22214258]
[0.36326778 0.33820979 0.82680459 0.02111128 0.24741553]
[0.18364754 0.01927817 0.29411347 0.07169521 0.65004404]
[0.79333794 0.11540926 0.34021619 0.17262383 0.49517745]
