[0.00093633 0.00079973 0.00840979 0.01241367 0.79291689]
[ 6.01363251e-04 -3.19054922e-04  3.84347735e-02  8.22457296e-01
  1.76666241e-01]
[0.00385443 0.00393787 0.56195498 0.02939978 0.56413896]
[0.14137834 0.33607611 0.00721891 0.70378193 0.26872061]
[0.03710878 0.01949687 0.00173633 0.31571652 0.68478326]
[ 0.11045498  0.18199526  0.32355795 -0.00090573  0.46252946]
[-1.34583098e-04 -5.72302776e-04 -4.19889033e-05  5.89923946e-02
  8.29738729e-01]
[0.55146211 0.81747894 0.01522201 0.28232314 0.09516351]
[6.82053864e-05 1.92062761e-03 9.18396100e-03 1.39041150e-02
 7.11363206e-01]
[0.10514112 0.03828714 0.18756896 0.26484321 0.53291802]
[0.05675104 0.46338802 0.25395315 0.11225847 0.48997543]
[0.01381543 0.00102592 0.02103983 0.63974591 0.50924942]
[0.61730686 0.00511386 0.00635124 0.34036062 0.49088424]
[0.00235976 0.0022175  0.51991043 0.04144056 0.54796448]
[0.00117586 0.0031898  0.47696728 0.30595776 0.56606695]
[ 2.14673524e-03  2.36393514e-03  1.77362857e-02 -4.00762151e-04
  7.23930008e-01]
[ 5.84882245e-04 -3.25305885e-04  3.76128459e-02  9.32319790e-01
  2.00200223e-01]
[0.56819069 0.10594312 0.36973431 0.58215998 0.05713344]
[0.36852937 0.53609533 0.19871666 0.29882635 0.25732428]
[0.56512088 0.07305035 0.57641123 0.14852718 0.09093391]
[0.00294407 0.1687637  0.34652735 0.53929608 0.30181867]
[ 0.02775855  0.04621473  0.04874151 -0.00181933  0.78309616]
[0.32478384 0.48094984 0.0912521  0.60582816 0.12249057]
[0.35441846 0.36271964 0.06453923 0.11155081 0.55756523]
[0.13571842 0.24603459 0.95164044 0.03329787 0.00991834]
[0.09026353 0.07799546 0.04743408 0.19117995 0.57400227]
[0.0055173  0.05577787 0.00970085 0.00486542 0.64417561]
[0.11141891 0.01392923 0.46891013 0.64266032 0.09104224]
[-1.08913553e-04  2.82254358e-03  7.50291846e-03  2.69424872e-01
  7.24328244e-01]
[0.16308797 0.37317282 0.00368906 0.08075112 0.63780819]
[0.00501769 0.06698973 0.09038698 0.07986995 0.56704911]
[0.01015904 0.01794213 0.00485833 0.29808974 0.62417153]
[0.00196547 0.12184543 0.18727469 0.68270364 0.28599861]
[0.00495761 0.00552514 0.00978167 0.00529731 0.73736499]
[0.00472551 0.00750085 0.14217886 0.47406947 0.55974507]
[0.36653249 0.53326193 0.36941399 0.12596823 0.15492007]
[0.1057133  0.25124325 0.0053862  0.52261619 0.5037515 ]
[0.00163956 0.01295524 0.01665415 0.3231839  0.60017904]
[0.00967239 0.0685366  0.62415522 0.34579609 0.20479021]
[0.16773121 0.23778861 0.03811928 0.51249187 0.42987266]
[ 0.23543529  0.01051896  0.3960294  -0.00185932  0.5639199 ]
[0.1182884  0.21500372 0.8840454  0.00583117 0.02905051]
[0.00665719 0.09954079 0.75699482 0.50102743 0.01199958]
[0.77839685 0.07963007 0.30519261 0.23667358 0.18738489]
[0.03179875 0.02671751 0.62547061 0.56671934 0.01369459]
[0.15820614 0.13810238 0.04680554 0.02423222 0.58531982]
[0.00264112 0.00067056 0.00951015 0.15097411 0.62655003]
[0.00490529 0.12689722 0.19516163 0.70715457 0.20884425]
[0.00385113 0.00556468 0.15724098 0.35911471 0.56956026]
[0.00328886 0.000615   0.1668635  0.38098821 0.60611563]
[0.00765677 0.00379354 0.25996644 0.58802954 0.22538792]
[0.0031709  0.00492482 0.10048628 0.47818218 0.55222632]
[0.03305946 0.43237692 0.57922639 0.20808265 0.26818747]
[6.81327427e-03 9.74658958e-03 3.30277049e-04 9.05066074e-01
 1.14336873e-01]
[8.93911875e-05 8.53674048e-03 1.07785567e-02 1.00349909e-02
 8.42718450e-01]
[0.00195716 0.00083449 0.00108317 0.70569917 0.2414339 ]
[0.00079885 0.05495912 0.20545514 0.6764888  0.28339955]
[0.20386945 0.78328619 0.00586715 0.40223644 0.32169304]
[0.03283501 0.25492321 0.86941548 0.0673138  0.00689384]
[0.2502626  0.25514254 0.04604464 0.26821642 0.49944663]
[0.16806696 0.30854613 0.40561    0.42029381 0.3512887 ]
[0.0675082  0.76146459 0.13739114 0.09270998 0.45890163]
[0.01805831 0.43669667 0.51855338 0.43504598 0.03820235]
[0.00251876 0.03218715 0.75245123 0.65141861 0.02427781]
[0.06968863 0.07750543 0.13615087 0.45947418 0.50726662]
[0.03284784 0.22535396 0.45520859 0.45105181 0.44413316]
[0.00385232 0.00393548 0.56165963 0.03968988 0.56449126]
[0.0638495  0.5196828  0.28046979 0.1476736  0.47175142]
[0.03926814 0.0325566  0.09285619 0.33290627 0.54334808]
[0.33385452 0.46710475 0.10169171 0.10195458 0.55275178]
[7.56714842e-04 4.24951745e-04 1.90475700e-01 1.68060769e-01
 6.57281017e-01]
[-1.50317952e-04 -5.89596515e-04 -4.76228426e-05  3.21744400e-02
  8.49203899e-01]
[ 2.02368135e-04 -1.33927189e-04  2.12202999e-01  8.95664157e-02
  7.05604326e-01]
[0.00499835 0.01159837 0.00340192 0.33288219 0.61714474]
[0.1863715  0.05095203 0.33381189 0.25773355 0.4727109 ]
[0.00168993 0.25273073 0.51416781 0.33754281 0.30928237]
[0.00172183 0.0118876  0.00524756 0.72249485 0.00995496]
[2.92602852e-04 2.75941902e-04 1.85127540e-01 4.43158823e-02
 6.80204827e-01]
[0.06996459 0.05045947 0.06569324 1.02091392 0.00172113]
[0.00185335 0.00145701 0.42623797 0.37178406 0.56161559]
[0.00065509 0.05735239 0.05487313 0.24811814 0.54997089]
[0.25574266 0.17898889 0.03544113 0.45543553 0.40316675]
[0.45443302 0.17067693 0.54796741 0.32503169 0.16721161]
[0.17795741 0.18190787 0.03239401 0.3910366  0.54077097]
[0.01321655 0.13798465 0.65637576 0.06254188 0.30563562]
[0.19384252 0.17323923 0.10128812 0.58190655 0.22195827]
[0.31438073 0.47097857 0.00304678 0.09947318 0.61594585]
[0.0730606  0.01451    0.00129472 0.81794629 0.10030607]
[0.00161797 0.01280209 0.01705878 0.32751745 0.60817904]
[0.23463113 0.44096343 0.00831059 0.08652708 0.56480745]
[0.05566372 0.09174442 0.01330632 0.45956566 0.52873545]
[0.028981   0.23166549 0.44571702 0.42214268 0.33707473]
[0.40213994 0.5833881  0.24563333 0.08678305 0.15200177]
[0.0010641  0.00502547 0.02409051 0.60606064 0.50032535]
[0.54074921 0.9063095  0.16429738 0.00100316 0.12919223]
[0.67284779 0.14218989 0.09642073 0.22961101 0.36281808]
[0.16380749 0.37482019 0.00370556 0.06561857 0.63194967]
[0.10692434 0.29271853 0.06802483 0.62421977 0.23806804]
[0.02738611 0.50800508 0.60144437 0.16595993 0.04372723]
[0.52437717 0.75513935 0.11651521 0.07252859 0.08523232]
[0.77746258 0.07953378 0.31657377 0.23780622 0.18715864]
[0.04270816 0.40228989 0.01864819 0.54026984 0.28717187]
[0.0401271  0.07607025 0.11877752 0.0009974  0.609679  ]
[ 0.37183096  0.01696272  0.62532847 -0.00169075  0.33164628]
[0.11009656 0.11483327 0.30138681 0.50167846 0.31389109]
[ 2.51616630e-04 -1.98149678e-04  8.72103553e-02  5.72397838e-01
  5.69711253e-01]
[0.04881656 0.14198072 0.26508716 0.43608668 0.48487167]
[0.00177352 0.15465976 0.32622658 0.51518561 0.3250969 ]
[0.16846663 0.04636794 0.30190062 0.23289361 0.51110857]
[3.60435584e-02 1.31235614e-02 5.15396278e-04 7.52790536e-01
 3.13967564e-01]
[0.04938113 0.43537194 0.52064269 0.43904337 0.02728437]
[1.47959456e-02 1.83291771e-02 7.15580333e-04 6.37994990e-04
 7.03051255e-01]
[0.00346017 0.04600149 0.68354403 0.57031052 0.11647122]
[0.07532174 0.87525587 0.206321   0.15589296 0.14169266]
[ 3.60955034e-04 -4.61557638e-04  3.76244829e-02  9.32514618e-01
  2.00242048e-01]
[0.00102002 0.00178793 0.03821226 0.93765511 0.02263134]
[-1.02915264e-05 -4.19955357e-04  2.12423911e-01  8.91015250e-02
  7.05681786e-01]
[0.22260533 0.10768172 0.0054069  0.00583671 0.58047274]
[0.0078067  0.00841918 0.00406107 0.01659272 0.76503089]
[0.0164226  0.50633424 0.59916378 0.28218813 0.13660785]
[ 0.00361384  0.0056571   0.44512139 -0.00065546  0.44620374]
[0.14272058 0.20227649 0.04816579 0.41257987 0.54387592]
[0.16888469 0.30534295 0.92116245 0.00978461 0.0283183 ]
[ 7.12574638e-01  5.82742118e-02  1.32048924e-01 -1.46318082e-04
  5.65468599e-01]
[0.48593711 0.16650737 0.45644548 0.0243409  0.36997194]
[0.16312131 0.10792272 0.00228231 0.10292341 0.62599605]
[0.00251553 0.00082517 0.11643311 0.25968292 0.61731456]
[4.08437677e-04 3.19682990e-02 5.66739552e-02 1.83047965e-01
 5.79325513e-01]
[ 0.00813913  0.20785864  0.33946032 -0.00087465  0.47408864]
[0.21795953 0.30482344 0.06638921 0.24413591 0.52741092]
[0.00156382 0.0203995  0.0058928  0.29280049 0.54408946]
[0.05897532 0.06747832 0.1264478  0.55718801 0.33875147]
[0.23639532 0.80028588 0.44966166 0.04421829 0.00697966]
[0.01193223 0.17691911 0.75730875 0.5074567  0.00300739]
[0.01435289 0.3479287  0.46353403 0.31354088 0.35659252]
[0.27060159 0.40380934 0.27289409 0.57556177 0.11822816]
[0.00151356 0.0046739  0.00480082 0.03102491 0.66520871]
[0.2321245  0.00266978 0.28721097 0.21325829 0.52819803]
[-8.62936829e-05  3.71676541e-06  2.04196832e-02  9.38111801e-01
  5.98299149e-01]
[0.23871635 0.00201963 0.00499254 0.70788273 0.22628961]
[0.07090247 0.49869441 0.19721656 0.26837851 0.48985777]
[6.97240361e-04 3.27666055e-03 7.31440538e-04 1.00631460e+00
 1.24728187e-01]
[0.08115137 0.06778098 0.19152648 0.30349182 0.51063506]
[0.08134202 0.54134432 0.15423746 0.2097519  0.4188328 ]
[0.32583801 0.61423397 0.40120102 0.07168279 0.07800568]
[1.05880045e-04 9.11735593e-03 9.69904945e-03 9.89238227e-03
 8.18074980e-01]
[0.55175932 0.04829622 0.25357401 0.32610895 0.26726259]
[0.0108829  0.06798587 0.6213721  0.34424473 0.20387531]
[0.47391297 0.0611652  0.48340031 0.50893777 0.09445191]
[0.0052612  0.04010189 0.01009656 0.56610382 0.46074512]
[0.01231832 0.02108044 0.02283174 0.01139269 0.71138551]
[0.08798374 0.71798382 0.39332685 0.08374167 0.17278769]
[0.86977432 0.16562811 0.16342093 0.12128314 0.09615752]
[0.0886048  0.06322233 0.55929906 0.0529748  0.42694618]
[0.03325443 0.06005631 0.634446   0.53019862 0.00077659]
[0.03055569 0.47199287 0.1685227  0.02252896 0.52565479]
[-1.48712965e-04  2.87462315e-03  1.84347876e-01  1.63645952e-01
  6.37946743e-01]
[0.00500184 0.05066751 0.01250198 0.00436472 0.67499637]
[0.28789185 0.40274579 0.08769113 0.08508103 0.55615565]
[0.00208512 0.12633808 0.35004242 0.51942327 0.36007168]
[0.00614239 0.01422904 0.00120573 0.57216266 0.50430871]
[0.05377001 0.87735801 0.08593993 0.03188871 0.37792102]
[0.33856599 0.03487805 0.65375872 0.1201959  0.08911929]
[0.09316308 0.92472345 0.21250411 0.14841087 0.07251291]
[0.06179281 0.69583127 0.07529047 0.60025576 0.17939188]
[0.00123946 0.00933063 0.14852788 0.41329421 0.53606516]
[0.34880478 0.63279911 0.00574567 0.04309722 0.56374611]
[0.14614996 0.10116328 0.10186518 0.71900805 0.1570141 ]
[0.00268343 0.19977587 0.18983638 0.07229914 0.54645148]
[0.00609377 0.01011548 0.04417649 0.77898337 0.00596927]
[0.31770888 0.05503304 0.40887685 0.40277873 0.37235868]
[ 1.07862748e-04 -2.83710223e-04  7.44697392e-01  8.47789465e-03
  1.84969316e-01]
[0.00214526 0.06509616 0.10240816 0.02187751 0.60028044]
[2.57992546e-03 9.13517702e-04 5.90346902e-02 9.54268911e-01
 1.77821743e-02]
[0.2733236  0.06289017 0.44725087 0.35570269 0.4270835 ]
[0.5144313  0.06303713 0.20491057 0.40824963 0.37297749]
[0.15377925 0.56263572 0.25136208 0.43015314 0.25082854]
[0.01115704 0.01975243 0.00533638 0.27806504 0.58295545]
[1.28414349e-02 1.89064548e-02 6.25682237e-05 3.20607568e-01
 6.69596454e-01]
[0.10586638 0.17135321 0.30644066 0.17588468 0.50394451]
[ 2.72750603e-04 -4.38935936e-05  7.63752441e-04  5.15183033e-02
  7.65765432e-01]
[0.02712947 0.1796843  0.36726349 0.47225157 0.40956638]
[0.26368361 0.14187743 0.02333445 0.71269668 0.15303579]
[0.00296708 0.0045871  0.09624305 0.45788379 0.56373906]
[0.16014725 0.17794186 0.38132122 0.53228868 0.13565752]
[ 0.00772507  0.01262602  0.05882961 -0.00108832  0.7033767 ]
[ 1.85380306e-01  4.24211742e-01  4.20027918e-03 -1.87671180e-04
  7.05112196e-01]
[0.06836194 0.55803518 0.09485586 0.11503788 0.50188864]
[0.155417   0.3718692  0.00532649 0.04432622 0.61580147]
[0.05955941 0.02076583 0.63181056 0.14815205 0.38016952]
[0.05833999 0.54893066 0.02404281 0.4694446  0.2977758 ]
[0.351944   0.04527164 0.31467917 0.60714487 0.08600528]
[0.2039108  0.20494006 0.47545014 0.3679857  0.24444899]
[-2.79409138e-05  9.80718098e-04  7.94041246e-01  7.93542930e-03
  1.97247761e-01]
[0.06995575 0.20460992 0.10850638 0.3057582  0.47244692]
[0.011802   0.00094833 0.01401243 0.00415678 0.77569939]
[0.1290321  0.03440643 0.53574967 0.31584998 0.33955769]
[0.00348338 0.04849292 0.66089273 0.53220348 0.01245607]
[ 8.86560436e-03 -1.84888317e-04  3.34744876e-01 -1.93470150e-03
  6.41569254e-01]
[0.0106489  0.01864401 0.00505757 0.2759527  0.64057552]
[0.04378611 0.00833553 0.85821187 0.02421984 0.01610883]
[0.03930471 0.32117287 0.30941135 0.09876814 0.50299977]
[ 0.13415975  0.15043528  0.34812783 -0.00214079  0.48619945]
[0.72049792 0.08894301 0.18602512 0.09137788 0.40609269]
[0.00710192 0.13166388 0.2026444  0.69720328 0.20648724]
[0.03192121 0.10501094 0.14808233 0.09751007 0.56684999]
[0.36461539 0.8726965  0.01256207 0.10668694 0.29855356]
[0.20489607 0.47378868 0.56762035 0.13937061 0.17671948]
[ 7.84709117e-03  3.29507529e-03  6.95936941e-01 -1.81357453e-04
  2.86798090e-01]
[0.00075699 0.00554523 0.54588995 0.01561618 0.5658889 ]
[0.48730261 0.67683611 0.0263055  0.36112288 0.00242118]
[0.01735774 0.25425777 0.02790148 0.581708   0.39041678]
[0.00422783 0.04280787 0.38809204 0.66084837 0.00068248]
[0.00675429 0.00318611 0.26039179 0.58893024 0.22340246]
[0.47701755 0.04187466 0.72816338 0.1070974  0.09839349]
[0.08010963 0.53315042 0.1519047  0.20654812 0.42548887]
[-1.33486490e-04 -5.71094736e-04 -5.13374988e-05  5.87231998e-02
  8.26083832e-01]
[0.52502087 0.37681214 0.56588856 0.24621649 0.03312883]
[ 0.12732647  0.43607386  0.23438444 -0.0018834   0.59593657]
[0.10708842 0.00286724 0.00127507 0.19436476 0.67797739]
[0.00699997 0.21139648 0.71803837 0.43170253 0.07676502]
[0.07188494 0.01895434 0.00315164 0.81499504 0.10994166]
[0.03580475 0.13073522 0.30769198 0.48196922 0.30421304]
[0.03233608 0.05832042 0.6745581  0.06808769 0.38568179]
[1.32064756e-04 1.51667647e-03 4.65088314e-01 4.05858520e-01
 6.12829477e-01]
[-3.83114240e-05  2.31723403e-01  4.74846191e-01  6.85839999e-02
  3.91980338e-01]
[0.21555786 0.30146053 0.06565765 0.24837347 0.51586148]
[0.63311375 0.55405036 0.19188518 0.10350025 0.00245822]
[0.03367906 0.05386281 0.27964555 0.68626533 0.11523235]
[0.01761312 0.53716037 0.06229536 0.6917709  0.01045907]
[0.0049749  0.00520444 0.7184113  0.03818297 0.41556341]
[0.02437016 0.02457503 0.56026934 0.13645898 0.39282963]
[0.01850747 0.12721337 0.57336543 0.53493591 0.05937731]
[0.02217302 0.30083107 0.40142488 0.36524765 0.42230531]
[0.60366712 0.12480643 0.3255113  0.50814535 0.0138226 ]
[0.00199676 0.01370368 0.00437723 0.7865212  0.01087057]
[0.16215972 0.30695328 0.45362192 0.42703054 0.24824983]
[0.00814071 0.01268105 0.00260777 0.01040088 0.86803459]
[0.10131543 0.66624328 0.01930438 0.31879489 0.36253402]
[ 0.00567221  0.00903253  0.22057636 -0.00140894  0.52942648]
[0.01851403 0.00531266 0.4494538  0.57699143 0.34387228]
[0.00109889 0.00079172 0.00824439 0.011962   0.74423372]
[0.46351999 0.03891173 0.76239878 0.00231712 0.05854076]
[0.05795075 0.0840054  0.69748349 0.13343123 0.1606995 ]
[0.40393101 0.04424708 0.56971415 0.38408959 0.22532457]
[0.1078516  1.07034969 0.26219259 0.00251322 0.10937601]
[1.90300895e-03 1.67751866e-03 1.95483912e-04 9.26118025e-01
 3.60091787e-01]
[0.02072526 0.00809814 0.68196022 0.16888042 0.24945483]
[0.01447035 0.0272481  0.04313031 0.00151346 0.61632636]
[0.35128497 0.00849109 0.01578669 0.40884873 0.43827875]
[0.32720836 0.61681843 0.40332942 0.07201912 0.05229959]
[0.01393244 0.0120255  0.00731182 0.29255328 0.54387932]
[0.70889089 1.04632275 0.03720903 0.00316419 0.11922573]
[0.36509055 0.04698474 0.11884084 0.48294413 0.31510581]
[0.00804887 0.87505317 0.00857467 0.0968413  0.42093278]
[0.49216188 0.06354319 0.57842219 0.21817956 0.16699078]
[2.14058871e-01 3.44035012e-01 6.15834336e-01 2.18513063e-04
 3.16299203e-03]
[0.00068251 0.05927776 0.05669765 0.2469023  0.5490075 ]
[8.30284792e-04 6.01767894e-03 2.23428287e-02 8.95321077e-01
 2.17905768e-01]
[0.07976637 0.19328302 0.65270198 0.20670995 0.15822509]
[0.05304446 0.3703832  0.50570983 0.52340576 0.0522306 ]
[0.63470973 0.00638163 0.25971984 0.02329478 0.19845224]
[0.05713069 0.46507852 0.28319019 0.12184115 0.43558266]
[0.04369686 0.05883649 0.0024767  0.85807559 0.04881087]
[7.52282441e-04 1.48827616e-03 3.25610731e-02 7.98867071e-01
 4.13635729e-01]
[1.14149952e-01 2.19670532e-01 8.70970393e-01 6.73872903e-02
 1.89825550e-05]
[0.00200989 0.00649706 0.18693217 0.10514895 0.60833991]
[0.35293845 0.36120314 0.06426962 0.11107623 0.56028924]
[0.16805131 0.02138961 0.70694754 0.36180608 0.11403117]
[0.14878513 0.24282567 0.67871603 0.2908974  0.1099273 ]
[ 0.07663588  0.16886459  0.31608115 -0.00192346  0.62297131]
[-1.22617834e-04 -5.55426892e-04  1.27868592e-01  4.96254026e-01
  4.74687313e-01]
[0.38668543 0.92526539 0.0044298  0.0973329  0.1167238 ]
[0.06826096 0.01331039 0.20693909 0.26864895 0.53068428]
[0.00232257 0.00193666 0.52507487 0.120947   0.53797408]
[0.00387996 0.00398051 0.3242375  0.02039476 0.54975159]
[0.00669971 0.17174645 0.28064798 0.25258148 0.52015351]
[0.04538908 0.51172745 0.05670634 0.69348104 0.17317685]
[0.19735453 0.31687072 0.00436548 0.07035086 0.67457702]
[3.11333284e-04 1.87226107e-03 2.22231557e-01 9.63983468e-03
 7.16728352e-01]
[0.5311213  0.14698613 0.04703565 0.13643017 0.54913079]
[0.04122314 0.95203638 0.01543848 0.16208622 0.01259857]
[ 7.40965239e-05 -2.94873833e-04  3.70910515e-04  3.05428054e-02
  8.31310339e-01]
[0.29962862 0.35816989 0.57501516 0.43327041 0.09002144]
[0.08228272 0.04467077 0.15439158 0.39354345 0.53192679]
[0.00412375 0.23291865 0.53556216 0.27328647 0.28674067]
[0.33862888 0.0081633  0.01380534 0.45952155 0.46611201]
[0.10884428 0.30153373 0.06995157 0.64194678 0.2216663 ]
[0.33326927 0.49397063 0.017204   0.62205007 0.12096199]
[0.20714264 0.06863602 0.59047833 0.17665515 0.37742384]
[ 7.67371968e-04 -9.16952767e-05  3.03174687e-02  8.73917606e-01
  3.29753959e-01]
[0.00140714 0.07632105 0.04143225 0.25779659 0.57125528]
[0.00776017 0.57176154 0.00360041 0.67974506 0.20372573]
[0.05024326 0.68610492 0.08891839 0.50489501 0.1643348 ]
[0.00955123 0.21903296 0.32988463 0.56167989 0.13323742]
[0.1446364  0.33146423 0.65971857 0.09591233 0.10234194]
[0.40364753 0.4161234  0.51094075 0.33615457 0.07297104]
[0.06540103 0.07271099 0.12812289 0.46133191 0.50568249]
[0.4433186  0.17260793 0.42153229 0.02967418 0.34300835]
[0.08855987 1.07890096 0.06698241 0.00305964 0.17253081]
[ 0.12299596  0.0730606   0.15515857 -0.00084556  0.5905456 ]
[0.06909751 0.90603643 0.18214812 0.15337222 0.01962865]
[0.00092957 0.0078243  0.03336095 0.48282681 0.51976056]
[0.34176057 0.10601711 0.16932534 0.19132828 0.53325222]
[8.46297721e-04 5.51852671e-04 1.55207278e-01 5.83630182e-01
 3.54255840e-01]
[-9.79954407e-05  1.10215926e-02  6.15257350e-01  5.39608701e-01
  1.73314790e-01]
[0.00540236 0.44004144 0.42236389 0.17901269 0.31035768]
[0.21363016 0.34103924 0.49367661 0.4767936  0.08376783]
[0.24392793 0.31767896 0.05259509 0.52826255 0.37341745]
[ 3.10502996e-04 -1.40436111e-04  8.54629220e-02  5.71626052e-01
  5.68698675e-01]
[0.00173343 0.00290534 0.01489715 0.01061612 0.76605238]
[ 7.10590201e-01  6.63806800e-02  1.26014210e-01 -1.53602943e-04
  5.67565227e-01]
[1.41883731e-04 1.03851392e-02 1.09700577e-02 1.14616672e-02
 7.84297004e-01]
[0.04215135 0.01352476 0.11748081 0.50303407 0.4153208 ]
[0.03081971 0.6681398  0.25116341 0.11409151 0.44173219]
[0.19519742 0.17445333 0.10199586 0.58598535 0.213824  ]
[0.0248673  0.0417607  0.01011551 0.73412446 0.00560305]
[0.10695053 0.07202897 0.66875911 0.05099502 0.41761074]
[0.21214056 0.34848677 0.5871899  0.0385938  0.00103454]
[0.16934726 0.02944959 0.21582895 0.70444189 0.15126389]
[0.00202032 0.00299504 0.49864928 0.21317434 0.62052206]
[0.00141911 0.6314332  0.25594939 0.456503   0.26612496]
[0.61626957 0.0646103  0.12232516 0.37001965 0.02399392]
[0.31013748 0.21750829 0.04300488 0.60730948 0.07933159]
[0.14708561 0.32946837 0.49252112 0.40086343 0.15309691]
[0.09069189 0.17726932 0.68911479 0.40637592 0.11107315]
[0.04626907 0.04683655 0.61498842 0.34075732 0.20181864]
[ 1.89719293e-04 -1.51705853e-04  6.09235940e-04  5.22498976e-02
  7.76156698e-01]
[0.16889731 0.38647346 0.0015463  0.04634337 0.64536239]
[0.0433798  0.06508238 0.17110188 0.01515564 0.60273294]
[0.00147715 0.00459863 0.00479648 0.03127952 0.66991004]
[0.12334364 0.13593475 0.80745637 0.06699892 0.00759965]
[0.23748905 0.40911355 0.57772862 0.47168004 0.00272348]
[0.38785659 0.06753932 0.56191329 0.33621007 0.10494493]
[0.78914553 0.07239463 0.20241644 0.10442496 0.12141905]
[0.35524484 0.69717036 0.1826079  0.28177611 0.0022068 ]
[0.00097924 0.00729639 0.6598035  0.39746188 0.16133542]
[0.42059533 0.64504596 0.46813077 0.04318029 0.00681429]
[0.00951458 0.02226704 0.00642228 0.62561856 0.363177  ]
[0.12311451 0.10755762 0.17201056 0.29802107 0.52347231]
[8.66732747e-03 4.52804682e-03 3.76162263e-04 3.18328053e-01
 6.84392960e-01]
[0.1584978  0.3626635  0.0035838  0.08582603 0.62307509]
[0.3122712  0.46781586 0.00302598 0.09879164 0.63072602]
[0.00171978 0.01850661 0.02643473 0.00165972 0.63450817]
[0.20809731 0.21743609 0.56523624 0.07951369 0.33330093]
[2.01906803e-02 3.35262186e-02 1.51713819e-01 5.87257003e-04
 6.69682897e-01]
[0.0656304  0.10217499 0.44061625 0.65574065 0.15737457]
[0.02360663 0.28746119 0.08148966 0.58195004 0.22188476]
[ 0.50028484  0.53564527  0.12836857 -0.00091277  0.54683482]
[5.99947315e-04 1.04296579e-01 2.12883190e-01 6.45722555e-01
 3.20589580e-01]
[0.06021098 0.79275797 0.15937882 0.39602471 0.01889784]
[0.13959759 0.2022776  0.62195751 0.08731679 0.15186104]
[0.27011706 0.23457556 0.14505864 0.06392182 0.56481405]
[-1.58568630e-04 -1.94568162e-04  3.25033671e-05  1.79006178e-02
  9.32611411e-01]
[0.21763477 0.50224288 0.04280426 0.15805792 0.43429256]
[1.59224140e-02 2.00322017e-02 4.19627393e-04 8.69284170e-04
 7.61398716e-01]
[0.09557123 0.46627065 0.24070779 0.26942512 0.4917545 ]
[0.32811452 0.93679102 0.12233741 0.07625851 0.07632547]
[0.04792787 0.04564711 0.07136653 0.54121891 0.4193671 ]
[0.00141271 0.00209928 0.7456796  0.00707022 0.03763193]
[0.10222004 0.43238757 0.57807471 0.30226767 0.17297189]
[0.01052501 0.16389676 0.00216016 0.46322628 0.59175017]
[0.00137986 0.00425426 0.00441581 0.03376511 0.71614509]
[0.29288123 0.43573919 0.09384904 0.54831281 0.11104291]
[0.09028794 0.72409944 0.39329931 0.47619686 0.01789857]
[0.04848965 0.63989788 0.51484735 0.01447669 0.41123109]
[0.07656413 0.86570211 0.18677284 0.23039159 0.27347982]
[ 2.87579465e-04 -2.48915745e-05  7.91143218e-04  5.33141196e-02
  7.37482085e-01]
[0.00422763 0.00667387 0.51732648 0.44396357 0.12259243]
[0.56029531 0.04905262 0.24259702 0.32745973 0.26836405]
[ 4.35194865e-01  7.18036644e-01  6.54472894e-01 -6.79036775e-04
  2.87047379e-02]
[0.00762945 0.00185441 0.35006503 0.7901314  0.06441794]
[0.76267802 0.0489266  0.00124016 0.13746713 0.34156218]
[0.09448182 0.89798449 0.2201128  0.11611516 0.08203484]
[8.55551161e-02 1.04234449e+00 9.99593600e-02 9.51542577e-04
 1.53987088e-01]
[0.00264629 0.00553499 0.37005074 0.33682591 0.57013502]
[0.54406928 0.6349173  0.31436623 0.02059016 0.16552351]
[0.19871436 0.36000511 0.00648095 0.85141987 0.02900993]
[0.52761454 0.80433498 0.03078503 0.17861182 0.27547958]
[0.37857766 0.82747998 0.0535063  0.15653067 0.42092774]
[0.00123942 0.01805912 0.78483203 0.25460759 0.1793221 ]
[0.61755841 0.13343871 0.08893753 0.2581507  0.45566862]
[0.51961072 0.79140768 0.15170006 0.17182822 0.27990953]
[0.24921964 0.00170072 0.03104951 0.60897155 0.47798713]
[0.41048542 0.03980643 0.59562244 0.08832365 0.40673786]
[0.00559039 0.31229585 0.84786702 0.19915837 0.06737783]
[0.09402358 0.00714473 0.70885837 0.0262422  0.48730565]
[0.09789211 0.69344159 0.3499841  0.38345533 0.1950776 ]
[0.03044211 0.36944096 0.03259487 0.15713883 0.62077639]
[0.13632493 0.27076502 0.87254806 0.31431556 0.00161881]
[0.05926333 0.12048343 0.86022859 0.47794241 0.02382311]
[0.04086642 0.3281911  0.07307091 0.18361865 0.62382232]
[0.00119476 0.01397535 0.05315831 0.09032013 0.67608345]
[-1.05873949e-04 -5.34611528e-04  1.79427009e-01  5.61291145e-01
  5.19528580e-01]
[0.10671087 0.11775326 0.69931208 0.35509816 0.1705687 ]
[0.36569467 0.51707134 0.08295156 0.13369062 0.43060278]
[0.04093389 0.0131181  0.11409971 0.68952307 0.40193061]
[0.01933668 0.00341632 0.05804272 0.72511957 0.08890628]
[0.23086516 0.48424665 0.52421117 0.21177837 0.32748604]
[0.24610113 0.38528736 0.15578912 0.53810947 0.34133633]
[0.02675744 0.02240787 0.52682971 0.47805085 0.41075705]
[0.07018557 0.85049088 0.07781527 0.37486979 0.44374439]
[0.02700814 0.03348215 0.39746941 0.66490598 0.35428312]
[0.20579411 0.31939044 0.38215788 0.62270731 0.30700482]
[0.00371412 0.00371445 0.83738913 0.06805613 0.09568844]
[0.13512218 0.31313818 0.67196404 0.46318561 0.29077677]
[0.32130399 0.08897032 0.08488549 0.03328298 0.62422054]
[0.31268273 0.56875115 0.74780866 0.06734867 0.02974044]
[0.01049799 0.00458683 0.57531539 0.34071611 0.48761417]
[0.23329609 0.33928635 0.22045461 0.6999661  0.18439363]
[0.33419361 0.63623539 0.39427657 0.02995445 0.4084331 ]
[0.06834127 0.08758001 0.42706153 0.10684551 0.59007676]
[0.43231496 1.02809799 0.02051335 0.56859673 0.04643924]
[0.07990029 0.23381649 0.43552134 0.68372276 0.01820938]
[0.2014709  0.97502644 0.21260678 0.22378165 0.02876223]
[0.0668077  0.12704756 0.16583094 0.17059678 0.57017321]
[0.37064604 0.33027995 0.4413986  0.30724403 0.41095164]
[0.00468501 0.03349893 0.28728004 0.14838537 0.58768736]
[0.04762357 0.73451746 0.26216492 0.03623803 0.30439298]
[0.19403028 0.31113004 0.00492508 0.15508042 0.63312152]
[0.0687748  0.77430616 0.08378035 0.66813463 0.10217136]
[0.00110381 0.00127286 0.16608834 0.90630522 0.28342772]
[0.46558831 0.74366567 0.0938919  0.00365684 0.31157352]
[0.60103284 0.71431897 0.24178082 0.01495879 0.20066576]
[0.59005076 0.09492812 0.38264252 0.27202867 0.47073807]
[0.05661754 0.10342834 0.08679605 1.07384216 0.0018374 ]
[0.40484409 0.58895775 0.21829446 0.32847077 0.0175933 ]
[0.22941792 0.40958044 0.74767994 0.05828175 0.22922087]
[0.25454224 0.02920525 0.39193177 0.68869372 0.09169124]
[0.07124756 0.87044878 0.03976256 0.64009283 0.20725942]
[0.15557856 0.05435229 0.70054685 0.0389413  0.40555684]
[0.17405845 0.32704854 0.00615253 0.25974991 0.6275224 ]
[0.01201792 0.30557662 0.47230414 0.62048583 0.23157173]
[0.10553869 0.09127298 0.06028318 0.22862506 0.62238489]
[0.07555721 0.18063011 0.82917865 0.11204954 0.11925042]
[0.74542147 0.16118568 0.10735797 0.23318693 0.09743501]
[0.27337347 0.66656395 0.82057063 0.00961422 0.1147252 ]
[0.0048105  0.00569797 0.07585954 0.12815583 0.67693681]
[0.05283644 0.97774734 0.04293584 0.18219409 0.04798927]
[0.40683554 0.79880686 0.48432236 0.17061248 0.02781187]
[0.00065219 0.06727223 0.13883494 0.23148258 0.58611083]
[0.01663807 0.68462851 0.06692748 0.47373087 0.38173295]
[0.00074507 0.12380991 0.63354078 0.06492843 0.48369797]
[0.17545559 0.83235933 0.43119954 0.42363202 0.02764514]
[0.01653281 0.04800838 0.56891117 0.48688825 0.39009266]
[0.0630137  0.59640706 0.60977934 0.07384513 0.32338483]
[0.00277299 0.0007307  0.00995877 0.15815609 0.6632513 ]
[0.05970012 0.72483405 0.77616364 0.08204498 0.01780078]
[0.00074347 0.11209487 0.45045438 0.10983023 0.60688965]
[0.26096277 0.12632765 0.00680711 0.00721236 0.68051868]
[0.0041019  0.2398502  0.41864021 0.70490373 0.07413962]
[0.00337803 0.00310558 0.09299613 0.74807204 0.37208743]
[0.1607632  0.2070908  0.33573285 0.67350318 0.16026405]
[0.29634767 0.43108159 0.01466856 0.75365107 0.19744332]
[0.39251642 0.55531082 0.40130989 0.35837521 0.04752887]
