[2.29042929e-04 4.64628917e-03 6.96509372e-01 1.53796019e-02
 3.89392442e-01]
[4.49017720e-05 4.57922529e-01 4.37265752e-01 1.44521599e-01
 3.17684842e-01]
[0.06239683 0.01265977 0.00109923 0.69276056 0.31672745]
[ 1.00802778e-07 -4.07322985e-04  4.60375528e-01  2.73231482e-01
  4.21991083e-01]
[0.42327493 0.70139175 0.24774887 0.00098652 0.03483427]
[0.21628878 0.10461118 0.00435956 0.00560953 0.56395076]
[0.285167   0.41358838 0.49806648 0.0877456  0.14899293]
[0.00168993 0.25273073 0.51416781 0.33754281 0.30928237]
[0.13836123 0.31707378 0.63112742 0.09166279 0.0978893 ]
[0.00133565 0.59824709 0.25475771 0.49981337 0.27510521]
[0.15374821 0.2488923  0.62191036 0.3268372  0.08328254]
[ 0.11045498  0.18199526  0.32355795 -0.00090573  0.46252946]
[0.16454845 0.29749526 0.89753339 0.00947848 0.02213849]
[0.63987246 0.00523349 0.26182838 0.02228217 0.17173232]
[0.00525828 0.01466907 0.28720233 0.6697605  0.10447047]
[0.25452306 0.53877899 0.02434878 0.00594443 0.42335473]
[0.04378611 0.00833553 0.85821187 0.02421984 0.01610883]
[0.10867508 0.88665095 0.15068567 0.18270408 0.00256067]
[0.09557123 0.46627065 0.24070779 0.26942512 0.4917545 ]
[0.05897532 0.06747832 0.1264478  0.55718801 0.33875147]
[ 0.07609894  0.16767981  0.31387112 -0.00192505  0.6186134 ]
[0.22801969 0.31254037 0.22170748 0.53951539 0.15226495]
[0.0580914  0.80648475 0.19696209 0.00135318 0.28271716]
[0.06984153 0.91929666 0.18480773 0.00731024 0.1825651 ]
[0.04524881 0.88105525 0.00959584 0.41725391 0.00394854]
[-1.61442962e-04 -4.01667983e-04  8.75608013e-03  8.71209574e-01
  1.86933271e-01]
[0.71869941 0.13960445 0.00929671 0.01191968 0.02733331]
[0.20002442 0.00201419 0.06231632 0.51129933 0.44905795]
[0.16773121 0.23778861 0.03811928 0.51249187 0.42987266]
[ 0.3119718   0.5646136   0.33954447 -0.00176359  0.34516093]
[0.0070342  0.01007293 0.49085962 0.43649673 0.35615345]
[0.65509983 0.57330688 0.01425287 0.13112786 0.00251247]
[ 1.84045108e-05 -3.98011521e-04  4.25911596e-05 -1.73737798e-03
  8.06875811e-01]
[0.55175932 0.04829622 0.25357401 0.32610895 0.26726259]
[0.04215135 0.01352476 0.11748081 0.50303407 0.4153208 ]
[0.00096392 0.00719103 0.65101211 0.39213778 0.15927091]
[2.77922531e-04 2.85707523e-03 7.50874178e-01 1.41721231e-01
 1.78956088e-01]
[-6.56653733e-05  9.11370908e-04  2.05967532e-01  5.68506303e-01
  3.81579798e-01]
[0.19519742 0.17445333 0.10199586 0.58598535 0.213824  ]
[0.10286701 0.2335879  0.00269001 0.26492779 0.53286878]
[0.00423855 0.00991984 0.68353939 0.08537278 0.12462616]
[2.91606245e-04 9.82687691e-03 3.50420111e-01 5.31248632e-01
 1.25466371e-01]
[0.00124634 0.00666914 0.63905018 0.53182982 0.00078022]
[0.00498263 0.00637155 0.18318319 0.70732801 0.04145244]
[0.028981   0.23166549 0.44571702 0.42214268 0.33707473]
[0.08851692 0.32461817 0.00241163 0.59769405 0.26948405]
[3.75507341e-04 1.52562331e-04 5.25907483e-01 1.82603827e-01
 4.23587570e-01]
[0.00084137 0.13717371 0.27961564 0.25344515 0.4779749 ]
[-1.60733918e-04  1.53883176e-04  8.17180495e-02  6.39797888e-01
  3.38972639e-01]
[0.00867401 0.51261489 0.05941937 0.65759069 0.00993124]
[0.22178381 0.03077655 0.47965962 0.45444982 0.28175467]
[ 0.17102384  0.41352204  0.004665   -0.00089622  0.46606763]
[0.01776352 0.04073117 0.45742603 0.157968   0.43389712]
[0.10131543 0.66624328 0.01930438 0.31879489 0.36253402]
[0.15859098 0.17620856 0.37761904 0.52710065 0.13433667]
[0.01631202 0.5160778  0.00324654 0.61581542 0.18438292]
[0.04364676 0.08541392 0.00486667 0.74441778 0.00220627]
[0.16805131 0.02138961 0.70694754 0.36180608 0.11403117]
[0.11417088 0.2173211  0.27785147 0.61896602 0.07407455]
[0.06826096 0.01331039 0.20693909 0.26864895 0.53068428]
[0.4433186  0.17260793 0.42153229 0.02967418 0.34300835]
[0.31259709 0.04237204 0.47582108 0.4893289  0.00314492]
[0.00152182 1.06894646 0.0660804  0.00298953 0.17020384]
[2.45471761e-04 2.28939308e-01 4.45201662e-01 6.46716928e-02
 3.64815334e-01]
[0.04880077 0.66645597 0.04611396 0.48608244 0.15503934]
[0.01847316 0.44680981 0.59505444 0.29568331 0.01273898]
[0.00065354 0.05653424 0.05409802 0.24458648 0.54220424]
[0.03192121 0.10501094 0.14808233 0.09751007 0.56684999]
[0.35128497 0.00849109 0.01578669 0.40884873 0.43827875]
[0.00268343 0.19977587 0.18983638 0.07229914 0.54645148]
[0.39507595 0.65519885 0.00341991 0.54682579 0.07935177]
[0.01552437 0.02961073 0.00840015 0.71918602 0.005476  ]
[0.00422783 0.04280787 0.38809204 0.66084837 0.00068248]
[0.09044207 0.0760594  0.16144138 0.62112242 0.23031304]
[6.56673175e-02 4.73302605e-02 6.08858591e-02 9.29586602e-01
 6.79136827e-04]
[0.004641   0.00484337 0.5735383  0.16059782 0.34560323]
[0.00721373 0.94634241 0.10966447 0.01369179 0.01003836]
[0.00195716 0.00083449 0.00108317 0.70569917 0.2414339 ]
[0.0712297  0.00689011 0.71874322 0.0975302  0.06094848]
[0.10741064 0.13754176 0.24254214 0.63687099 0.07111101]
[1.54523843e-03 6.81586311e-01 2.76263470e-01 4.92897410e-01
 1.60117665e-04]
[0.01455087 0.00770227 0.54058268 0.35575053 0.22891716]
[0.0142152  0.34462443 0.47018076 0.2717362  0.34003414]
[0.16214838 0.6388876  0.24110594 0.12575387 0.27751785]
[1.11291247e-01 2.14162134e-01 8.49189461e-01 6.56484220e-02
 8.31144597e-06]
[0.1690055  0.04045505 0.30076417 0.23200899 0.50918341]
[0.08499133 0.30128794 0.08924335 0.00993206 0.51424505]
[0.01770704 0.24057908 0.32070311 0.2914978  0.40207387]
[2.91109645e-04 1.33234328e-02 5.04584437e-01 4.83899950e-01
 6.25858996e-02]
[0.00140527 0.00096959 0.08902138 0.87598221 0.00142001]
[0.01196596 0.09136065 0.38169554 0.09476925 0.52068985]
[0.00138656 0.00074631 0.00977511 0.31974556 0.61525112]
[0.35425508 0.20228071 0.24316008 0.10568244 0.46872731]
[0.15820614 0.13810238 0.04680554 0.02423222 0.58531982]
[0.02212491 0.02481962 0.52009389 0.28668552 0.31759673]
[4.40961360e-02 8.75942981e-01 7.85910960e-04 3.97752477e-02
 3.41887889e-01]
[0.00137142 0.00202857 0.72622846 0.00682971 0.03663973]
[-1.66249582e-04 -6.11664068e-04  1.72374657e-01  7.16836881e-02
  5.78411857e-01]
[1.88150781e-03 4.25574860e-03 4.28044819e-04 1.86200220e-01
 5.48792676e-01]
[0.05953091 0.1392251  0.23282397 0.39581384 0.44352349]
[1.10461389e-01 8.54637243e-01 3.37105306e-01 6.03482037e-02
 3.27016393e-04]
[0.04122314 0.95203638 0.01543848 0.16208622 0.01259857]
[ 0.01742096  0.16452846  0.16404421 -0.00077085  0.62437646]
[0.01904765 0.00486387 0.41428182 0.00106375 0.51403612]
[0.06644051 0.87293298 0.19895749 0.18532366 0.14205994]
[0.0207833  0.48162558 0.00778799 0.69962987 0.01256064]
[-1.67466326e-04 -6.11728740e-04  1.22007964e-01  5.00779526e-02
  6.62552448e-01]
[0.21763477 0.50224288 0.04280426 0.15805792 0.43429256]
[ 8.43505620e-01  4.82425302e-02  3.33589409e-01 -7.42322893e-04
  1.00836132e-01]
[ 0.00813913  0.20785864  0.33946032 -0.00087465  0.47408864]
[0.2502626  0.25514254 0.04604464 0.26821642 0.49944663]
[0.09758155 0.58344168 0.24121435 0.31011244 0.32746475]
[0.48730261 0.67683611 0.0263055  0.36112288 0.00242118]
[0.41422815 0.7809361  0.00264703 0.07527117 0.08181667]
[8.03616725e-02 3.83306433e-02 2.76616099e-01 7.71238198e-01
 7.59253468e-04]
[0.20489607 0.47378868 0.56762035 0.13937061 0.17671948]
[0.00601706 0.04272791 0.39120665 0.46293412 0.38773316]
[0.00503811 0.07727666 0.66025068 0.46457003 0.01504741]
[0.00415814 0.00660584 0.51143768 0.44179093 0.14391868]
[0.02119459 0.64447747 0.14728066 0.52415418 0.06788282]
[0.01861064 0.03688738 0.52087411 0.00528245 0.39207358]
[0.0055173  0.05577787 0.00970085 0.00486542 0.64417561]
[ 0.20292815  0.0836295   0.49911649 -0.00068497  0.40003317]
[0.01371072 0.12976285 0.48579978 0.50301439 0.32299067]
[0.05334717 0.08673411 0.16384653 0.12532679 0.52379826]
[0.25364078 0.270289   0.11498946 0.52517897 0.32504999]
[7.85320642e-03 8.03924670e-01 3.13806092e-01 2.33046741e-01
 3.07552400e-04]
[0.05650266 0.46136334 0.25284478 0.11175924 0.48783563]
[3.72443895e-04 2.99756985e-03 9.72189280e-04 5.14146525e-01
 4.09279528e-01]
[0.11009656 0.11483327 0.30138681 0.50167846 0.31389109]
[0.05833999 0.54893066 0.02404281 0.4694446  0.2977758 ]
[0.07768197 0.45298625 0.54506599 0.44489396 0.00159738]
[0.00642292 0.49219527 0.27573086 0.00205364 0.36572453]
[0.11027751 0.15854785 0.61340107 0.19421248 0.20748447]
[5.99947315e-04 1.04296579e-01 2.12883190e-01 6.45722555e-01
 3.20589580e-01]
[2.14620831e-06 6.06764251e-03 1.00237135e-01 4.76991877e-01
 5.50856846e-01]
[0.07218431 0.73572148 0.08096409 0.01360591 0.39073383]
[0.31013748 0.21750829 0.04300488 0.60730948 0.07933159]
[4.08437677e-04 3.19682990e-02 5.66739552e-02 1.83047965e-01
 5.79325513e-01]
[0.00699685 0.21130421 0.71772507 0.42599035 0.00653192]
[0.54771597 0.02027112 0.00306092 0.28850819 0.41884403]
[0.63311375 0.55405036 0.19188518 0.10350025 0.00245822]
[0.00787002 0.07993069 0.29788611 0.44813254 0.49059629]
[-1.10290701e-04 -4.41995297e-04  1.58416037e-02  4.93189176e-01
  4.87455187e-01]
[0.16048554 0.01354795 0.43035    0.55655189 0.04622947]
[0.26754077 0.07429806 0.47602598 0.3618661  0.22877118]
[0.0876012  0.53567695 0.15301712 0.2080759  0.41892904]
[0.00367692 0.00373746 0.30752559 0.01923292 0.52139997]
[0.41417297 0.03954957 0.38442418 0.26888179 0.35971011]
[0.36287289 0.78019093 0.00256094 0.00237739 0.08797645]
[0.61626957 0.0646103  0.12232516 0.37001965 0.02399392]
[0.00420395 0.3065416  0.01793581 0.07257708 0.548493  ]
[0.10796511 0.15521558 0.60055738 0.18335252 0.25777457]
[0.16215972 0.30695328 0.45362192 0.42703054 0.24824983]
[0.00182415 0.87464101 0.04881405 0.11847599 0.17499235]
[0.45712982 0.05897822 0.40869849 0.46628036 0.08563519]
[0.04270816 0.40228989 0.01864819 0.54026984 0.28717187]
[0.00709049 0.02470918 0.66147445 0.39038072 0.09395037]
[ 0.03905889  0.26790366  0.39806725 -0.00061913  0.42960397]
[0.17960941 0.03282754 0.72341194 0.03986134 0.10503037]
[2.14058871e-01 3.44035012e-01 6.15834336e-01 2.18513063e-04
 3.16299203e-03]
[0.10567165 0.2408946  0.48024489 0.42859228 0.09455696]
[0.03930471 0.32117287 0.30941135 0.09876814 0.50299977]
[0.27368493 0.39692084 0.47802192 0.17943849 0.14726949]
[0.00380528 0.00141532 0.79094929 0.06699657 0.00523416]
[ 0.12732647  0.43607386  0.23438444 -0.0018834   0.59593657]
[0.0040286  0.00152104 0.15571398 0.6770324  0.13221662]
[0.00088644 0.00065178 0.42630211 0.61706156 0.34523228]
[0.00064266 0.24281328 0.02656627 0.55382256 0.37175076]
[0.08309495 0.00423205 0.11601396 0.40123852 0.44072258]
[0.00669076 0.00318538 0.25845101 0.58979452 0.2233961 ]
[3.53679472e-01 6.94097097e-01 1.81803390e-01 2.70334328e-01
 6.25804936e-04]
[0.09477214 0.57949173 0.16552309 0.09899275 0.42291397]
[0.19227627 0.73874651 0.00553067 0.00466527 0.26077943]
[0.21795953 0.30482344 0.06638921 0.24413591 0.52741092]
[0.00804887 0.87505317 0.00857467 0.0968413  0.42093278]
[0.00996131 0.07054188 0.67634645 0.02215115 0.19461119]
[-1.65663941e-04  1.54413016e-04  2.56509800e-01  1.33590030e-01
  5.53756609e-01]
[0.01617458 0.05306403 0.01561852 0.28278546 0.53254515]
[0.22802575 0.43432684 0.55457549 0.14606539 0.07465778]
[0.02869822 0.09180805 0.12995285 0.12844615 0.56617732]
[0.00501769 0.06698973 0.09038698 0.07986995 0.56704911]
[0.12500075 0.23654862 0.34977085 0.55689433 0.24969734]
[0.0988478  0.17961846 0.73895325 0.00452128 0.02421603]
[ 0.212548    0.23573094  0.5480493  -0.00214045  0.28826588]
[0.08333219 0.12073279 0.63627482 0.17955444 0.03250181]
[0.53165782 0.06512639 0.41155881 0.43098027 0.02688516]
[0.00955123 0.21903296 0.32988463 0.56167989 0.13323742]
[0.02511281 0.02506525 0.16131555 0.39502422 0.5156327 ]
[0.36653249 0.53326193 0.36941399 0.12596823 0.15492007]
[0.11889032 0.27094534 0.59223371 0.19591613 0.12400886]
[-1.63748329e-04 -5.44328150e-04  1.10024587e-03  6.88542924e-02
  6.77305629e-01]
[0.22558883 0.17120434 0.11358269 0.64196581 0.00171825]
[0.10627147 0.66520696 0.19226332 0.43614067 0.01534807]
[0.00817057 0.58506443 0.55778361 0.21608391 0.07297781]
[0.01808107 0.41943521 0.57849969 0.13893379 0.02435589]
[0.68757362 0.1464755  0.01773841 0.13754813 0.30548817]
[ 1.07862748e-04 -2.83710223e-04  7.44697392e-01  8.47789465e-03
  1.84969316e-01]
[6.15893492e-04 2.91210153e-03 6.57723692e-04 9.11766346e-01
 1.04771619e-01]
[0.13959759 0.2022776  0.62195751 0.08731679 0.15186104]
[0.38785659 0.06753932 0.56191329 0.33621007 0.10494493]
[0.00939975 0.09846903 0.58799335 0.06212859 0.27259269]
[ 7.84709117e-03  3.29507529e-03  6.95936941e-01 -1.81357453e-04
  2.86798090e-01]
[0.7977445  0.02316056 0.19439414 0.31510824 0.00225082]
[0.5144313  0.06303713 0.20491057 0.40824963 0.37297749]
[0.16350515 0.09308504 0.40607733 0.10570204 0.46558996]
[0.53775749 0.82482926 0.59849698 0.00266434 0.00779803]
[ 0.00567221  0.00903253  0.22057636 -0.00140894  0.52942648]
[0.07792818 0.58115655 0.21322621 0.45161287 0.04415693]
[0.14932721 0.12933495 0.07844975 0.10854534 0.58751647]
[2.25814159e-05 9.96792020e-04 1.43128887e-02 1.46496022e-01
 6.16626575e-01]
[1.44809777e-02 2.72683187e-02 4.31616520e-02 2.91046278e-04
 6.15911997e-01]
[0.15747647 0.26054897 0.60041434 0.03431119 0.23262409]
[0.0043881  0.76605504 0.13173408 0.09894825 0.30544275]
[0.04714135 0.35182079 0.13156567 0.27358863 0.48492406]
[ 3.41584814e-05 -3.70611558e-04  5.47432408e-01  5.66271275e-03
  4.86540128e-01]
[0.10583351 0.02088534 0.32055775 0.41729036 0.40563442]
[0.31770888 0.05503304 0.40887685 0.40277873 0.37235868]
[0.02555306 0.40636845 0.03927806 0.63888036 0.08614599]
[0.00279876 0.22131375 0.45362013 0.00205725 0.36354717]
[0.14651759 0.02035558 0.16286792 0.28207154 0.49173021]
[0.18305705 0.29695821 0.64343942 0.00292139 0.03512133]
[0.25574266 0.17898889 0.03544113 0.45543553 0.40316675]
[0.07989998 0.02477683 0.40063801 0.52043744 0.29120422]
[0.00193992 0.00238033 0.0026089  0.8300415  0.00131523]
[0.02437016 0.02457503 0.56026934 0.13645898 0.39282963]
[0.21754696 0.30852107 0.08381875 0.63417792 0.08559212]
[0.03811131 0.51585994 0.16913442 0.34519813 0.40177458]
[0.01309834 0.11940673 0.44735028 0.61301626 0.08683798]
[0.0401271  0.07607025 0.11877752 0.0009974  0.609679  ]
[-2.73070936e-05  1.08190718e-02  2.39654973e-02  7.00454687e-01
  3.63795444e-01]
[0.00385969 0.00525555 0.04831226 0.00512685 0.62289137]
[0.32173691 0.22288691 0.00692668 0.20742837 0.51714763]
[0.61219635 0.00495444 0.09986288 0.24763898 0.19307769]
[0.10189837 0.40151616 0.1515911  0.53239971 0.19942907]
[ 0.04320905  0.69660905  0.63884264 -0.00210891  0.05002703]
[0.05472453 0.71790853 0.4818864  0.15248453 0.01951429]
[0.08950544 0.26467973 0.06087581 0.55844482 0.32740656]
[0.1370417  0.22191172 0.28667695 0.18160669 0.52015427]
[0.04117906 0.03416371 0.10006295 0.34861994 0.51365096]
[0.0730606  0.01451    0.00129472 0.81794629 0.10030607]
[0.21314786 0.00107245 0.53888347 0.0301662  0.30287163]
[2.09430370e-03 1.04287789e-04 3.25750177e-01 7.27462023e-01
 5.93941023e-02]
[0.56029531 0.04905262 0.24259702 0.32745973 0.26836405]
[ 0.37183096  0.01696272  0.62532847 -0.00169075  0.33164628]
[-1.68852275e-05 -4.28218303e-04  4.26887799e-01  6.17908813e-01
  3.45705213e-01]
[ 0.00361384  0.0056571   0.44512139 -0.00065546  0.44620374]
[0.00092957 0.0078243  0.03336095 0.48282681 0.51976056]
[5.29537414e-02 4.77916483e-01 1.09191014e-01 6.97373476e-01
 1.47658110e-04]
[0.03580475 0.13073522 0.30769198 0.48196922 0.30421304]
[0.01831755 0.0247778  0.00599957 0.74398066 0.00113812]
[0.04545351 0.37129531 0.31330033 0.10644161 0.46727367]
[ 2.82774580e-04 -5.50363846e-04  2.13121937e-02  5.51825597e-01
  4.41072401e-01]
[ 0.50028484  0.53564527  0.12836857 -0.00091277  0.54683482]
[0.19745343 0.37486993 0.55669231 0.12465395 0.23028397]
[8.46297721e-04 5.51852671e-04 1.55207278e-01 5.83630182e-01
 3.54255840e-01]
[0.18550679 0.18908098 0.00262388 0.0060946  0.59922839]
[0.24315327 0.13149023 0.34094139 0.59076931 0.11904166]
[-1.22617834e-04 -5.55426892e-04  1.27868592e-01  4.96254026e-01
  4.74687313e-01]
[0.11407363 0.27142846 0.00387925 0.66658932 0.26273504]
[0.09061996 0.22166751 0.59522825 0.11434239 0.14633432]
[0.01328893 0.77105553 0.03842496 0.12870193 0.34956171]
[0.33180052 0.04264678 0.29667412 0.57228879 0.06606727]
[0.14943412 0.12979744 0.14182026 0.29854899 0.52380709]
[0.01805831 0.43669667 0.51855338 0.43504598 0.03820235]
[ 9.42857721e-05 -7.81818408e-05  3.82840141e-02  9.37877171e-01
  2.26367808e-02]
[0.00418954 0.00661078 0.51284619 0.44010042 0.14391868]
[0.42059533 0.64504596 0.46813077 0.04318029 0.00681429]
[ 0.23543529  0.01051896  0.3960294  -0.00185932  0.5639199 ]
[-1.69352214e-04 -5.80531470e-04 -4.82913646e-05  7.49566806e-03
  8.79291585e-01]
[0.00127432 0.00906257 0.14471862 0.40264333 0.53359035]
[0.00362866 0.00491437 0.41043477 0.20888205 0.43715541]
[0.00120489 0.00253702 0.67110425 0.03575986 0.15552678]
[0.00669971 0.17174645 0.28064798 0.25258148 0.52015351]
[1.48671755e-01 2.51434661e-01 8.52414799e-01 4.97205654e-02
 1.46514492e-05]
[0.46351999 0.03891173 0.76239878 0.00231712 0.05854076]
[0.01447035 0.0272481  0.04313031 0.00151346 0.61632636]
[0.33862888 0.0081633  0.01380534 0.45952155 0.46611201]
[3.25042933e-01 7.73792845e-01 1.60794787e-02 4.33586769e-04
 2.62595408e-01]
[0.01306408 0.33141636 0.54068658 0.48856112 0.02797381]
[0.13571842 0.24603459 0.95164044 0.03329787 0.00991834]
[0.06247746 0.1467989  0.51356074 0.06095526 0.44112375]
[ 7.30723649e-04 -1.08721101e-04  2.91681024e-02  8.40764930e-01
  3.17259788e-01]
[0.0678706  0.55402999 0.52595733 0.17041184 0.05616364]
[0.21363016 0.34103924 0.49367661 0.4767936  0.08376783]
[-1.28798488e-04 -1.47671237e-04  7.64883888e-01  8.76597750e-03
  1.89993958e-01]
[0.00104517 0.09395516 0.16459038 0.53535512 0.3700608 ]
[1.67754452e-02 3.90656063e-02 3.57373805e-01 6.22581785e-01
 6.13653881e-04]
[-7.84705834e-05 -5.82706047e-04  1.24564924e-02  4.49589124e-02
  6.70903992e-01]
[ 0.01430999  0.03411532  0.0011819  -0.00179734  0.67166948]
[ 5.47410751e-04 -3.39518179e-04  3.57440974e-02  8.85959355e-01
  1.21603037e-01]
[0.25536118 0.00175767 0.00077846 0.61837875 0.48535122]
[ 0.12299596  0.0730606   0.15515857 -0.00084556  0.5905456 ]
[0.05059506 0.35602937 0.14085088 0.19071359 0.50933341]
[0.02330888 0.73286207 0.4109586  0.1290487  0.08828317]
[0.36509055 0.04698474 0.11884084 0.48294413 0.31510581]
[0.1975773  0.17658589 0.06959649 0.56584511 0.22357712]
[0.63470973 0.00638163 0.25971984 0.02329478 0.19845224]
[0.00365011 0.05090815 0.46929151 0.3659207  0.38225698]
[3.84302821e-04 6.67299804e-01 7.18422458e-02 5.72686249e-01
 1.23282186e-01]
[0.02011731 0.45775611 0.00902089 0.56089713 0.13302521]
[0.03836461 0.01800493 0.60136397 0.33238036 0.19687841]
[0.00378922 0.00135273 0.78419662 0.06534442 0.01418903]
[0.14946806 0.12982703 0.14185244 0.29861721 0.52296031]
[0.22360459 0.0479486  0.02839279 0.51950182 0.39439273]
[-1.52534378e-04  9.86531456e-03  6.21763233e-01  5.45087575e-01
  9.35641815e-02]
[0.2039108  0.20494006 0.47545014 0.3679857  0.24444899]
[3.60435584e-02 1.31235614e-02 5.15396278e-04 7.52790536e-01
 3.13967564e-01]
[0.37173576 0.0643952  0.53785008 0.38916411 0.10494987]
[0.33672969 0.03468565 0.65021437 0.11953266 0.08863396]
[0.24392793 0.31767896 0.05259509 0.52826255 0.37341745]
[0.04369686 0.05883649 0.0024767  0.85807559 0.04881087]
[0.51776895 0.11587126 0.06299189 0.34319317 0.40674627]
[1.66581531e-03 8.33313893e-05 3.26381848e-02 8.44359154e-01
 1.72830255e-01]
[0.02583558 0.4793865  0.56759953 0.26470898 0.04241461]
[0.01998388 0.03694014 0.53089387 0.00467434 0.39961536]
[0.00156382 0.0203995  0.0058928  0.29280049 0.54408946]
[0.08010963 0.53315042 0.1519047  0.20654812 0.42548887]
[ 1.33321688e-02 -4.88501625e-04  6.66802364e-01  3.81829579e-01
  3.36312001e-01]
[0.00540236 0.44004144 0.42236389 0.17901269 0.31035768]
[0.02730182 0.21319984 0.65829799 0.43754554 0.01478521]
[ 0.13415975  0.15043528  0.34812783 -0.00214079  0.48619945]
[2.39158115e-04 1.73475545e-04 1.63752594e-01 3.89524304e-02
 6.01644124e-01]
[2.23438310e-02 3.50768267e-03 3.58628082e-04 2.12374078e-01
 6.03283813e-01]
[0.21915152 0.31079935 0.08251183 0.63823739 0.08613224]
[0.06921541 0.85544407 0.32731163 0.15527234 0.02000922]
[0.01193223 0.17691911 0.75730875 0.5074567  0.00300739]
[0.04939274 0.73743959 0.17009954 0.44018663 0.01423499]
[0.07090247 0.49869441 0.19721656 0.26837851 0.48985777]
[0.12315259 0.29291059 0.63497791 0.21058807 0.06017036]
[6.26283869e-02 1.00872826e+00 4.43235174e-02 9.82488563e-04
 4.83277509e-02]
[0.7441446  0.00758708 0.01567161 0.27799431 0.0055924 ]
[0.03779691 0.20253095 0.69912373 0.0623362  0.00546934]
[0.07967618 0.08096162 0.16849688 0.09629981 0.56559989]
[0.03186201 0.37941908 0.50876613 0.26599234 0.14058084]
[0.52542145 0.95336894 0.02851469 0.04314475 0.00926786]
[-1.50308200e-04 -4.12414045e-04  4.29268387e-02  4.21247950e-03
  6.59214367e-01]
[4.18420948e-01 7.01210448e-01 1.38391534e-01 2.97334039e-04
 1.52257111e-01]
[0.63032594 0.11273004 0.14477783 0.36146636 0.01123428]
[0.08524876 0.19085865 0.28567494 0.24774485 0.51788813]
[ 3.22665814e-04  2.15887959e-03  3.14078511e-01 -1.94397573e-03
  5.78209242e-01]
[0.00274335 0.03986069 0.59362458 0.4776788  0.00332557]
[0.27169987 0.44912179 0.02364829 0.46172368 0.29289397]
[0.32709758 0.18673428 0.22756475 0.09779389 0.50322431]
[0.99233132 0.20686052 0.00880444 0.06695765 0.03322224]
[0.16806696 0.30854613 0.40561    0.42029381 0.3512887 ]
[0.21214056 0.34848677 0.5871899  0.0385938  0.00103454]
[0.00765677 0.00379354 0.25996644 0.58802954 0.22538792]
[0.0986429  0.69991518 0.25229051 0.03479243 0.29501097]
[0.00141911 0.6314332  0.25594939 0.456503   0.26612496]
[0.00156596 0.00130781 0.05321922 0.83757015 0.00759959]
[0.08940601 0.62388283 0.25583365 0.51023151 0.00786768]
[0.21215172 0.00553105 0.44710029 0.36985665 0.32140574]
[0.18750662 0.16298497 0.05297759 0.29892739 0.52446676]
[0.05320857 0.82042138 0.29280675 0.04072394 0.1595891 ]
[0.05346418 0.45196735 0.15232411 0.09740732 0.50441912]
[0.00675429 0.00318611 0.26039179 0.58893024 0.22340246]
[0.03325443 0.06005631 0.634446   0.53019862 0.00077659]
[0.16837958 0.37809459 0.58771231 0.03863005 0.00103582]
[0.04157523 0.41996579 0.50127742 0.42263492 0.02625447]
[0.0584006  0.38628411 0.62900128 0.13035515 0.0100523 ]
[ 6.01363251e-04 -3.19054922e-04  3.84347735e-02  8.22457296e-01
  1.76666241e-01]
[ 8.57543426e-04 -6.04536751e-04  4.22733467e-02  6.53685495e-01
  1.99668787e-01]
[0.10054126 0.23034372 0.47019999 0.51486408 0.04110931]
[0.00579486 0.42991959 0.00549146 0.61586271 0.17368926]
[0.00163832 0.00269002 0.65992428 0.39475126 0.33644077]
[0.1487709  0.26086489 0.45208182 0.30202246 0.34847812]
[1.47959456e-02 1.83291771e-02 7.15580333e-04 6.37994990e-04
 7.03051255e-01]
[ 0.11049675  0.18206421  0.32368015 -0.0011621   0.46270333]
[ 0.01328735  0.00084676  0.05843495 -0.00106693  0.6974663 ]
[0.00609377 0.01011548 0.04417649 0.77898337 0.00596927]
[0.00294407 0.1687637  0.34652735 0.53929608 0.30181867]
[0.0652926  0.8578867  0.32660846 0.15966514 0.02006208]
[7.52282441e-04 1.48827616e-03 3.25610731e-02 7.98867071e-01
 4.13635729e-01]
[ 0.00107893  0.00145785  0.45073935 -0.00194792  0.45179821]
[0.02993583 0.59471382 0.14550125 0.41694337 0.37107717]
[-1.69817067e-04 -6.11009212e-04  7.55457240e-04  4.02363444e-02
  7.60811000e-01]
[-2.79409138e-05  9.80718098e-04  7.94041246e-01  7.93542930e-03
  1.97247761e-01]
[-1.67875393e-04  4.35920994e-03  6.36019406e-01  5.57592231e-01
  9.57114858e-02]
[ 4.35194865e-01  7.18036644e-01  6.54472894e-01 -6.79036775e-04
  2.87047379e-02]
[0.10586638 0.17135321 0.30644066 0.17588468 0.50394451]
[0.00486439 0.01122458 0.00095053 0.5894208  0.49099869]
[0.29288123 0.43573919 0.09384904 0.54831281 0.11104291]
[0.01671426 0.77445493 0.00110939 0.12336881 0.30703072]
[-1.63959671e-04  4.29144026e-04  3.48505488e-01 -1.92590041e-03
  6.67749777e-01]
[0.02314332 0.02798466 0.56809636 0.45704613 0.01520039]
[4.71723423e-01 3.80283757e-02 7.75718050e-01 4.30322562e-04
 5.95700147e-02]
[4.20781123e-01 7.05167585e-01 1.18438727e-01 2.98022838e-04
 1.52300069e-01]
[0.11020061 0.30169218 0.05600921 0.63246521 0.24141137]
[0.0015999  0.0100416  0.00447757 0.68534914 0.09426106]
[0.00951458 0.02226704 0.00642228 0.62561856 0.363177  ]
[0.21555786 0.30146053 0.06565765 0.24837347 0.51586148]
[ 0.2375235   0.01228538  0.39965144 -0.00186469  0.56334725]
[0.17932087 0.26674045 0.05551275 0.68085947 0.01277663]
[0.08115137 0.06778098 0.19152648 0.30349182 0.51063506]
[ 0.02775855  0.04621473  0.04874151 -0.00181933  0.78309616]
[0.06995575 0.20460992 0.10850638 0.3057582  0.47244692]
[0.02322251 0.00464922 0.4599864  0.32772215 0.3886545 ]
[0.05330933 0.87238252 0.08545142 0.03169534 0.37577182]
[0.02194828 0.22628748 0.11260988 0.31739683 0.49032035]
[0.00422763 0.00667387 0.51732648 0.44396357 0.12259243]
[0.01090571 0.00132415 0.87023013 0.0383657  0.0247658 ]
[0.08134202 0.54134432 0.15423746 0.2097519  0.4188328 ]
[0.00571409 0.01871254 0.00570438 0.28345621 0.52683935]
[ 1.27429874e-01  1.30827898e+00  3.50882227e-02 -8.33288643e-04
  1.19128936e-01]
[0.14708561 0.32946837 0.49252112 0.40086343 0.15309691]
[0.00159965 0.00140982 0.03949115 0.96906361 0.01432607]
[0.00412375 0.23291865 0.53556216 0.27328647 0.28674067]
[0.05057002 0.30872588 0.45752987 0.30568761 0.34480993]
[0.23358312 0.80036764 0.44917119 0.04416772 0.0069716 ]
[-1.10303838e-04 -1.62572142e-04  7.44915272e-01  8.48100403e-03
  1.85023549e-01]
[ 8.25746346e-02  8.19791359e-01  1.35067280e-01 -3.63609780e-04
  2.14315915e-01]
[6.37014648e-03 1.01048164e-02 3.31839712e-04 7.95240633e-01
 1.00448283e-01]
[0.18475801 0.30284415 0.49084601 0.39949289 0.15257489]
[0.01643903 0.39318421 0.46696383 0.50398182 0.03778789]
[0.00285652 0.00327536 0.00109717 0.01435165 0.58858386]
[0.02360663 0.28746119 0.08148966 0.58195004 0.22188476]
[0.1863715  0.05095203 0.33381189 0.25773355 0.4727109 ]
[0.28402824 0.42255717 0.11720963 0.54116554 0.10941655]
[1.90300895e-03 1.67751866e-03 1.95483912e-04 9.26118025e-01
 3.60091787e-01]
[0.00172183 0.0118876  0.00524756 0.72249485 0.00995496]
[0.83224581 0.14558959 0.00158928 0.02740691 0.10933167]
[0.00177352 0.15465976 0.32622658 0.51518561 0.3250969 ]
[0.05125715 0.45187831 0.52603458 0.44756128 0.0254412 ]
[0.00575708 0.022161   0.56088403 0.32915937 0.26857412]
[ 0.00772507  0.01262602  0.05882961 -0.00108832  0.7033767 ]
[0.01846795 0.03026389 0.51200358 0.44011529 0.14392354]
[0.00122994 0.0065849  0.6317028  0.53684126 0.02814899]
[0.00102002 0.00178793 0.03821226 0.93765511 0.02263134]
[6.75735213e-03 9.58722036e-03 3.25396255e-04 8.93568252e-01
 1.12882630e-01]
[0.01808842 0.43741891 0.51940989 0.42955549 0.0423876 ]
[ 2.14673524e-03  2.36393514e-03  1.77362857e-02 -4.00762151e-04
  7.23930008e-01]
[8.55551161e-02 1.04234449e+00 9.99593600e-02 9.51542577e-04
 1.53987088e-01]
[0.00208512 0.12633808 0.35004242 0.51942327 0.36007168]
[0.01435289 0.3479287  0.46353403 0.31354088 0.35659252]
[ 1.49570106e-02 -4.45144560e-04  6.22862674e-01  2.25957116e-02
  1.92988856e-01]
[0.10692434 0.29271853 0.06802483 0.62421977 0.23806804]
[0.02933846 0.0246143  0.55334428 0.50120337 0.01207044]
[0.00160775 0.00345938 0.86770178 0.00206557 0.19973038]
[1.34752515e-04 1.54810813e-03 2.53461909e-03 1.16567186e-03
 6.85461613e-01]
[ 4.43924990e-03  2.30780445e-02  6.39984793e-01  5.32842812e-01
 -3.10964620e-04]
[0.19384252 0.17323923 0.10128812 0.58190655 0.22195827]
[0.39456394 0.07578296 0.54871226 0.39583333 0.01141447]
[0.31188007 0.05401271 0.40137845 0.40341639 0.36688181]
[1.20410855e-02 2.15300569e-02 3.46462793e-04 8.64285049e-01
 2.71865141e-02]
[-1.58917184e-04 -5.99109590e-04 -5.37451290e-05  1.68049239e-02
  7.50074153e-01]
[0.1062081  0.29075679 0.0669735  0.63513112 0.24129192]
[0.00199676 0.01370368 0.00437723 0.7865212  0.01087057]
[0.00174481 0.00150592 0.01217252 0.00512134 0.65899484]
[0.10884428 0.30153373 0.06995157 0.64194678 0.2216663 ]
[-1.68333044e-04 -5.70482997e-04  4.61060750e-04  2.32177283e-02
  6.82444664e-01]
[7.63358457e-05 1.86337621e-03 3.09009132e-02 1.68675281e-03
 6.39013006e-01]
[1.59224140e-02 2.00322017e-02 4.19627393e-04 8.69284170e-04
 7.61398716e-01]
[ 1.76037229e-04 -2.19554170e-04  1.14389889e-04 -2.11425812e-03
  8.06908556e-01]
[0.00147865 0.00150592 0.00368549 0.01438753 0.5898645 ]
