[0.00407384 0.05115401 0.7183994  0.64336302 0.02352083]
[0.00093633 0.00079973 0.00840979 0.01241367 0.79291689]
[0.0994058  0.69893797 0.28754461 0.36848866 0.2131066 ]
[ 6.01363251e-04 -3.19054922e-04  3.84347735e-02  8.22457296e-01
  1.76666241e-01]
[0.00385443 0.00393787 0.56195498 0.02939978 0.56413896]
[0.14137834 0.33607611 0.00721891 0.70378193 0.26872061]
[0.03710878 0.01949687 0.00173633 0.31571652 0.68478326]
[ 0.11045498  0.18199526  0.32355795 -0.00090573  0.46252946]
[-1.34583098e-04 -5.72302776e-04 -4.19889033e-05  5.89923946e-02
  8.29738729e-01]
[0.55146211 0.81747894 0.01522201 0.28232314 0.09516351]
[6.82053864e-05 1.92062761e-03 9.18396100e-03 1.39041150e-02
 7.11363206e-01]
[0.11223077 0.12364931 0.73480252 0.37322729 0.11830676]
[0.04947666 0.04528349 0.60526447 0.42741852 0.44226172]
[0.10514112 0.03828714 0.18756896 0.26484321 0.53291802]
[0.37857766 0.82747998 0.0535063  0.15653067 0.42092774]
[0.05675104 0.46338802 0.25395315 0.11225847 0.48997543]
[0.01381543 0.00102592 0.02103983 0.63974591 0.50924942]
[0.61730686 0.00511386 0.00635124 0.34036062 0.49088424]
[0.04093389 0.0131181  0.11409971 0.68952307 0.40193061]
[0.00235976 0.0022175  0.51991043 0.04144056 0.54796448]
[0.00117586 0.0031898  0.47696728 0.30595776 0.56606695]
[ 2.14673524e-03  2.36393514e-03  1.77362857e-02 -4.00762151e-04
  7.23930008e-01]
[ 5.84882245e-04 -3.25305885e-04  3.76128459e-02  9.32319790e-01
  2.00200223e-01]
[0.13594414 0.2464443  0.95322131 0.07744032 0.00225377]
[0.02355708 0.01274259 0.78817862 0.47771876 0.03921495]
[0.12306408 0.07310134 0.15524442 0.00889379 0.59171406]
[0.56819069 0.10594312 0.36973431 0.58215998 0.05713344]
[0.47374723 0.05486571 0.7248005  0.1065929  0.09793723]
[0.00178602 0.00365766 0.15039444 0.50094857 0.59136156]
[0.60356065 1.09519628 0.25834472 0.13551547 0.0350862 ]
[0.36852937 0.53609533 0.19871666 0.29882635 0.25732428]
[0.24135114 0.23391371 0.47920322 0.07560135 0.43113086]
[0.56512088 0.07305035 0.57641123 0.14852718 0.09093391]
[0.00294407 0.1687637  0.34652735 0.53929608 0.30181867]
[0.03694642 0.96405696 0.23597874 0.1871229  0.04928326]
[ 0.02775855  0.04621473  0.04874151 -0.00181933  0.78309616]
[0.32478384 0.48094984 0.0912521  0.60582816 0.12249057]
[-2.65589943e-05 -4.49544086e-04 -4.76340166e-05  7.22212378e-02
  1.00935174e+00]
[0.35441846 0.36271964 0.06453923 0.11155081 0.55756523]
[0.13571842 0.24603459 0.95164044 0.03329787 0.00991834]
[0.09026353 0.07799546 0.04743408 0.19117995 0.57400227]
[0.0055173  0.05577787 0.00970085 0.00486542 0.64417561]
[0.11141891 0.01392923 0.46891013 0.64266032 0.09104224]
[0.23086516 0.48424665 0.52421117 0.21177837 0.32748604]
[0.04843029 0.04613031 0.07295892 0.55076846 0.42674452]
[-1.08913553e-04  2.82254358e-03  7.50291846e-03  2.69424872e-01
  7.24328244e-01]
[0.02383444 0.15547789 0.56596978 0.33463376 0.38044544]
[0.16308797 0.37317282 0.00368906 0.08075112 0.63780819]
[0.00501769 0.06698973 0.09038698 0.07986995 0.56704911]
[0.01015904 0.01794213 0.00485833 0.29808974 0.62417153]
[0.18113589 0.34431318 0.50818766 0.48221374 0.28014738]
[0.00196547 0.12184543 0.18727469 0.68270364 0.28599861]
[0.16444695 0.41489068 0.49284784 0.48912559 0.18956279]
[0.00495761 0.00552514 0.00978167 0.00529731 0.73736499]
[0.00472551 0.00750085 0.14217886 0.47406947 0.55974507]
[0.0686837  0.10694451 0.46238173 0.68813205 0.16514301]
[0.38068962 0.00083995 0.6421608  0.3115896  0.37102421]
[0.36653249 0.53326193 0.36941399 0.12596823 0.15492007]
[0.62591865 0.18089939 0.09139511 0.26533907 0.4552711 ]
[0.00387458 0.04872372 0.68466947 0.61196423 0.02929002]
[0.33902804 0.64543433 0.83821869 0.08201384 0.03340031]
[0.08114601 0.98870235 0.0783848  0.43642885 0.17910829]
[0.1057133  0.25124325 0.0053862  0.52261619 0.5037515 ]
[0.00163956 0.01295524 0.01665415 0.3231839  0.60017904]
[0.00783183 0.16916345 0.24866481 0.1423242  0.55498859]
[0.02109089 0.03385678 0.54937923 0.48881773 0.39025813]
[0.00967239 0.0685366  0.62415522 0.34579609 0.20479021]
[0.16773121 0.23778861 0.03811928 0.51249187 0.42987266]
[0.72300804 0.08925493 0.18667325 0.09418889 0.40769661]
[0.09237526 0.91691274 0.22462033 0.14787451 0.09527626]
[ 0.23543529  0.01051896  0.3960294  -0.00185932  0.5639199 ]
[0.1182884  0.21500372 0.8840454  0.00583117 0.02905051]
[0.00665719 0.09954079 0.75699482 0.50102743 0.01199958]
[0.77839685 0.07963007 0.30519261 0.23667358 0.18738489]
[0.03179875 0.02671751 0.62547061 0.56671934 0.01369459]
[0.2738909  0.45177554 0.80165754 0.00093329 0.12189   ]
[0.15820614 0.13810238 0.04680554 0.02423222 0.58531982]
[0.00264112 0.00067056 0.00951015 0.15097411 0.62655003]
[0.00490529 0.12689722 0.19516163 0.70715457 0.20884425]
[0.32349069 0.61584149 0.79982067 0.00168577 0.06862494]
[0.00385113 0.00556468 0.15724098 0.35911471 0.56956026]
[0.00328886 0.000615   0.1668635  0.38098821 0.60611563]
[0.41066293 0.0529232  0.40851699 0.67714528 0.09974009]
[0.00765677 0.00379354 0.25996644 0.58802954 0.22538792]
[0.0031709  0.00492482 0.10048628 0.47818218 0.55222632]
[0.03305946 0.43237692 0.57922639 0.20808265 0.26818747]
[6.81327427e-03 9.74658958e-03 3.30277049e-04 9.05066074e-01
 1.14336873e-01]
[8.93911875e-05 8.53674048e-03 1.07785567e-02 1.00349909e-02
 8.42718450e-01]
[0.00195716 0.00083449 0.00108317 0.70569917 0.2414339 ]
[0.00079885 0.05495912 0.20545514 0.6764888  0.28339955]
[0.0008069  0.00585188 0.57314261 0.01646235 0.57384238]
[0.05680668 0.01842001 0.15818146 0.67797114 0.40276022]
[0.09499301 1.15716803 0.09174192 0.20191448 0.18217667]
[0.20386945 0.78328619 0.00586715 0.40223644 0.32169304]
[0.018525   0.03608144 0.00454743 0.82290457 0.17599415]
[0.27607958 0.11041142 0.04143086 0.5571367  0.46719915]
[0.13005926 0.19252348 0.8175667  0.07705772 0.09042622]
[0.00232221 0.02978999 0.57351477 0.54792689 0.37776784]
[0.02614506 0.04448453 0.01072799 0.77846442 0.00596504]
[0.03283501 0.25492321 0.86941548 0.0673138  0.00689384]
[0.2502626  0.25514254 0.04604464 0.26821642 0.49944663]
[0.00301149 0.17847789 0.31177807 0.52444464 0.32740619]
[0.16806696 0.30854613 0.40561    0.42029381 0.3512887 ]
[0.0675082  0.76146459 0.13739114 0.09270998 0.45890163]
[0.01805831 0.43669667 0.51855338 0.43504598 0.03820235]
[0.00251876 0.03218715 0.75245123 0.65141861 0.02427781]
[0.04762357 0.73451746 0.26216492 0.03623803 0.30439298]
[0.06968863 0.07750543 0.13615087 0.45947418 0.50726662]
[0.03284784 0.22535396 0.45520859 0.45105181 0.44413316]
[0.00385232 0.00393548 0.56165963 0.03968988 0.56449126]
[0.0638495  0.5196828  0.28046979 0.1476736  0.47175142]
[0.03926814 0.0325566  0.09285619 0.33290627 0.54334808]
[0.33385452 0.46710475 0.10169171 0.10195458 0.55275178]
[7.56714842e-04 4.24951745e-04 1.90475700e-01 1.68060769e-01
 6.57281017e-01]
[0.32489975 0.48490828 0.10068511 0.58877125 0.12094079]
[0.24326336 0.6470758  0.73930334 0.07845794 0.23052789]
[-1.50317952e-04 -5.89596515e-04 -4.76228426e-05  3.21744400e-02
  8.49203899e-01]
[0.43231496 1.02809799 0.02051335 0.56859673 0.04643924]
[0.09065918 0.14515845 0.73740747 0.37455794 0.11715448]
[ 2.02368135e-04 -1.33927189e-04  2.12202999e-01  8.95664157e-02
  7.05604326e-01]
[0.39540762 0.00963389 0.01777547 0.46044667 0.49335262]
[0.00499835 0.01159837 0.00340192 0.33288219 0.61714474]
[0.61755841 0.13343871 0.08893753 0.2581507  0.45566862]
[0.3735803  0.44507275 0.2214654  0.51428512 0.35381289]
[0.1863715  0.05095203 0.33381189 0.25773355 0.4727109 ]
[0.00168993 0.25273073 0.51416781 0.33754281 0.30928237]
[0.00172183 0.0118876  0.00524756 0.72249485 0.00995496]
[0.00559039 0.31229585 0.84786702 0.19915837 0.06737783]
[0.00937471 0.58120214 0.00366088 0.69102615 0.20739113]
[0.10103333 1.00275134 0.24563971 0.14481441 0.09183746]
[2.92602852e-04 2.75941902e-04 1.85127540e-01 4.43158823e-02
 6.80204827e-01]
[0.47857515 0.00438578 0.42921095 0.3796366  0.33676652]
[0.06996459 0.05045947 0.06569324 1.02091392 0.00172113]
[0.00185335 0.00145701 0.42623797 0.37178406 0.56161559]
[0.00065509 0.05735239 0.05487313 0.24811814 0.54997089]
[0.10671087 0.11775326 0.69931208 0.35509816 0.1705687 ]
[5.08191784e-04 3.82950386e-02 5.94630644e-02 1.45503721e-01
 6.55543382e-01]
[0.25574266 0.17898889 0.03544113 0.45543553 0.40316675]
[0.45443302 0.17067693 0.54796741 0.32503169 0.16721161]
[0.17795741 0.18190787 0.03239401 0.3910366  0.54077097]
[0.01321655 0.13798465 0.65637576 0.06254188 0.30563562]
[0.01044845 0.01112816 0.36162321 0.18554909 0.59828091]
[0.19384252 0.17323923 0.10128812 0.58190655 0.22195827]
[0.00108953 0.00767758 0.00447587 0.27516203 0.73963863]
[0.00468501 0.03349893 0.28728004 0.14838537 0.58768736]
[0.31438073 0.47097857 0.00304678 0.09947318 0.61594585]
[0.60381342 0.60914841 0.06968929 0.20309666 0.29620599]
[0.09525006 0.18619286 0.7236875  0.44088857 0.11744189]
[0.0730606  0.01451    0.00129472 0.81794629 0.10030607]
[0.00161797 0.01280209 0.01705878 0.32751745 0.60817904]
[0.52761454 0.80433498 0.03078503 0.17861182 0.27547958]
[0.00583354 0.08745885 0.66566793 0.53821719 0.01260084]
[0.40461795 0.1324554  0.15587382 0.53834129 0.34149799]
[0.01906888 0.28809503 0.62993249 0.18006619 0.40589028]
[0.23463113 0.44096343 0.00831059 0.08652708 0.56480745]
[0.17545559 0.83235933 0.43119954 0.42363202 0.02764514]
[0.00371412 0.00371445 0.83738913 0.06805613 0.09568844]
[0.05566372 0.09174442 0.01330632 0.45956566 0.52873545]
[0.028981   0.23166549 0.44571702 0.42214268 0.33707473]
[0.01653281 0.04800838 0.56891117 0.48688825 0.39009266]
[0.07124756 0.87044878 0.03976256 0.64009283 0.20725942]
[0.07555721 0.18063011 0.82917865 0.11204954 0.11925042]
[0.40213994 0.5833881  0.24563333 0.08678305 0.15200177]
[0.00201147 0.00650147 0.18705029 0.10521672 0.60872444]
[0.0010641  0.00502547 0.02409051 0.60606064 0.50032535]
[0.54074921 0.9063095  0.16429738 0.00100316 0.12919223]
[0.67284779 0.14218989 0.09642073 0.22961101 0.36281808]
[0.00264629 0.00553499 0.37005074 0.33682591 0.57013502]
[0.16380749 0.37482019 0.00370556 0.06561857 0.63194967]
[0.10692434 0.29271853 0.06802483 0.62421977 0.23806804]
[0.02738611 0.50800508 0.60144437 0.16595993 0.04372723]
[0.52437717 0.75513935 0.11651521 0.07252859 0.08523232]
[0.72713529 0.0773195  0.14312767 0.41706375 0.02801647]
[0.00111084 0.0271362  0.03122699 0.01737399 0.65692078]
[0.77746258 0.07953378 0.31657377 0.23780622 0.18715864]
[0.09654716 0.22422529 0.85151963 0.11909614 0.01500083]
[0.06496008 0.85515778 0.17191853 0.44074084 0.02123485]
[0.20391929 0.26454697 0.45703591 0.62471309 0.12846976]
[0.04270816 0.40228989 0.01864819 0.54026984 0.28717187]
[0.0401271  0.07607025 0.11877752 0.0009974  0.609679  ]
[ 0.37183096  0.01696272  0.62532847 -0.00169075  0.33164628]
[0.11009656 0.11483327 0.30138681 0.50167846 0.31389109]
[ 2.51616630e-04 -1.98149678e-04  8.72103553e-02  5.72397838e-01
  5.69711253e-01]
[0.05970012 0.72483405 0.77616364 0.08204498 0.01780078]
[0.04881656 0.14198072 0.26508716 0.43608668 0.48487167]
[0.13986391 0.0376563  0.5809324  0.34266597 0.36822592]
[0.00177352 0.15465976 0.32622658 0.51518561 0.3250969 ]
[0.35514138 0.56717266 0.07235625 0.33989124 0.48837557]
[0.16846663 0.04636794 0.30190062 0.23289361 0.51110857]
[0.85317531 0.08506411 0.23221854 0.11365029 0.12662226]
[1.09931092e-01 4.09151764e-04 1.30979850e-03 1.99496530e-01
 6.95692651e-01]
[0.54043603 0.80112687 0.02717054 0.27674331 0.09328892]
[3.60435584e-02 1.31235614e-02 5.15396278e-04 7.52790536e-01
 3.13967564e-01]
[0.04938113 0.43537194 0.52064269 0.43904337 0.02728437]
[1.47959456e-02 1.83291771e-02 7.15580333e-04 6.37994990e-04
 7.03051255e-01]
[0.00346017 0.04600149 0.68354403 0.57031052 0.11647122]
[0.60160419 0.02284906 0.56099961 0.23859118 0.38535777]
[0.07532174 0.87525587 0.206321   0.15589296 0.14169266]
[ 3.60955034e-04 -4.61557638e-04  3.76244829e-02  9.32514618e-01
  2.00242048e-01]
[0.00102002 0.00178793 0.03821226 0.93765511 0.02263134]
[-1.02915264e-05 -4.19955357e-04  2.12423911e-01  8.91015250e-02
  7.05681786e-01]
[0.17464394 0.55474987 0.60947298 0.14799573 0.09061175]
[0.22260533 0.10768172 0.0054069  0.00583671 0.58047274]
[0.0078067  0.00841918 0.00406107 0.01659272 0.76503089]
[0.25948183 0.56655168 0.39139436 0.45215215 0.17142277]
[0.00452103 0.22721039 0.76764851 0.06172533 0.1736984 ]
[0.0164226  0.50633424 0.59916378 0.28218813 0.13660785]
[0.23329609 0.33928635 0.22045461 0.6999661  0.18439363]
[ 0.00361384  0.0056571   0.44512139 -0.00065546  0.44620374]
[0.14272058 0.20227649 0.04816579 0.41257987 0.54387592]
[0.16888469 0.30534295 0.92116245 0.00978461 0.0283183 ]
[0.005222   0.52836935 0.7685005  0.11097263 0.10149629]
[ 7.12574638e-01  5.82742118e-02  1.32048924e-01 -1.46318082e-04
  5.65468599e-01]
[0.48593711 0.16650737 0.45644548 0.0243409  0.36997194]
[0.16312131 0.10792272 0.00228231 0.10292341 0.62599605]
[0.05001897 0.09498022 1.07822926 0.08666632 0.03567325]
[0.07192866 0.58380517 0.23385907 0.50270775 0.34000862]
[0.00251553 0.00082517 0.11643311 0.25968292 0.61731456]
[4.08437677e-04 3.19682990e-02 5.66739552e-02 1.83047965e-01
 5.79325513e-01]
[ 0.00813913  0.20785864  0.33946032 -0.00087465  0.47408864]
[0.23016467 1.11386081 0.24286875 0.25592634 0.02768503]
[0.21795953 0.30482344 0.06638921 0.24413591 0.52741092]
[0.00156382 0.0203995  0.0058928  0.29280049 0.54408946]
[0.27056864 0.23492073 0.1452901  0.06419044 0.56576287]
[0.05897532 0.06747832 0.1264478  0.55718801 0.33875147]
[0.16990618 0.21889082 0.35480966 0.7118885  0.16939216]
[0.23639532 0.80028588 0.44966166 0.04421829 0.00697966]
[0.01193223 0.17691911 0.75730875 0.5074567  0.00300739]
[0.01435289 0.3479287  0.46353403 0.31354088 0.35659252]
[0.15669132 0.34187923 0.55969894 0.27939812 0.38138351]
[0.33180869 0.00984897 0.55998329 0.50516691 0.27660192]
[0.64202586 0.55818674 0.35020479 0.18540963 0.06214196]
[0.27060159 0.40380934 0.27289409 0.57556177 0.11822816]
[0.00151356 0.0046739  0.00480082 0.03102491 0.66520871]
[0.2321245  0.00266978 0.28721097 0.21325829 0.52819803]
[0.11181602 0.74158894 0.3055534  0.3916972  0.19925587]
[0.07612825 0.22248551 0.72987456 0.2314026  0.17697955]
[0.26046053 0.03637806 0.7106317  0.44069295 0.15193719]
[-8.62936829e-05  3.71676541e-06  2.04196832e-02  9.38111801e-01
  5.98299149e-01]
[0.23871635 0.00201963 0.00499254 0.70788273 0.22628961]
[ 4.40967954e-01  7.27566162e-01  6.63152150e-01 -6.59524486e-04
  2.90907793e-02]
[0.27565842 0.05900933 0.74844498 0.46302176 0.08233601]
[0.07090247 0.49869441 0.19721656 0.26837851 0.48985777]
[6.97240361e-04 3.27666055e-03 7.31440538e-04 1.00631460e+00
 1.24728187e-01]
[0.08115137 0.06778098 0.19152648 0.30349182 0.51063506]
[0.08134202 0.54134432 0.15423746 0.2097519  0.4188328 ]
[0.32583801 0.61423397 0.40120102 0.07168279 0.07800568]
[0.40484409 0.58895775 0.21829446 0.32847077 0.0175933 ]
[0.0052711  0.00540501 0.035524   0.51310787 0.55223888]
[0.37064604 0.33027995 0.4413986  0.30724403 0.41095164]
[1.05880045e-04 9.11735593e-03 9.69904945e-03 9.89238227e-03
 8.18074980e-01]
[0.55175932 0.04829622 0.25357401 0.32610895 0.26726259]
[0.27957895 0.39732585 0.59956529 0.47867542 0.0219678 ]
[0.0108829  0.06798587 0.6213721  0.34424473 0.20387531]
[0.47391297 0.0611652  0.48340031 0.50893777 0.09445191]
[0.003828   0.16423259 0.6015603  0.58115539 0.14225869]
[0.48166103 0.66899593 0.19571355 0.30214723 0.00239439]
[0.0052612  0.04010189 0.01009656 0.56610382 0.46074512]
[0.01231832 0.02108044 0.02283174 0.01139269 0.71138551]
[ 8.19608944e-03  3.46513873e-03  7.26233128e-01 -9.56409891e-05
  2.99300022e-01]
[0.40655748 0.04453864 0.57341738 0.38659997 0.22679172]
[0.08798374 0.71798382 0.39332685 0.08374167 0.17278769]
[0.86977432 0.16562811 0.16342093 0.12128314 0.09615752]
[0.0886048  0.06322233 0.55929906 0.0529748  0.42694618]
[0.03325443 0.06005631 0.634446   0.53019862 0.00077659]
[0.03055569 0.47199287 0.1685227  0.02252896 0.52565479]
[-1.48712965e-04  2.87462315e-03  1.84347876e-01  1.63645952e-01
  6.37946743e-01]
[0.36569467 0.51707134 0.08295156 0.13369062 0.43060278]
[0.62419759 0.11644315 0.39087212 0.54670678 0.05849363]
[0.74542147 0.16118568 0.10735797 0.23318693 0.09743501]
[0.01134756 0.017078   0.45045064 0.57834212 0.34466003]
[0.00500184 0.05066751 0.01250198 0.00436472 0.67499637]
[0.00485874 0.01870965 0.72741298 0.43849743 0.17794456]
[0.01939117 0.4442242  0.16702626 0.50654407 0.42457435]
[0.28789185 0.40274579 0.08769113 0.08508103 0.55615565]
[0.00208512 0.12633808 0.35004242 0.51942327 0.36007168]
[0.00614239 0.01422904 0.00120573 0.57216266 0.50430871]
[0.06980859 0.02539479 0.08240777 0.5608635  0.4251659 ]
[0.05377001 0.87735801 0.08593993 0.03188871 0.37792102]
[0.33856599 0.03487805 0.65375872 0.1201959  0.08911929]
[0.52018432 0.06618127 0.52024094 0.29791656 0.36087901]
[0.09316308 0.92472345 0.21250411 0.14841087 0.07251291]
[0.06179281 0.69583127 0.07529047 0.60025576 0.17939188]
[0.05036789 0.04648899 0.60281513 0.42779393 0.44125122]
[0.00123946 0.00933063 0.14852788 0.41329421 0.53606516]
[0.34880478 0.63279911 0.00574567 0.04309722 0.56374611]
[0.14614996 0.10116328 0.10186518 0.71900805 0.1570141 ]
[0.00895248 0.0139794  0.00286783 0.01162681 0.95285819]
[0.00268343 0.19977587 0.18983638 0.07229914 0.54645148]
[0.00342617 0.25060742 0.51258136 0.11474513 0.41217717]
[0.00609377 0.01011548 0.04417649 0.77898337 0.00596927]
[0.31770888 0.05503304 0.40887685 0.40277873 0.37235868]
[-1.05873949e-04 -5.34611528e-04  1.79427009e-01  5.61291145e-01
  5.19528580e-01]
[0.10477702 0.20484378 0.79594728 0.21398475 0.11522266]
[ 1.07862748e-04 -2.83710223e-04  7.44697392e-01  8.47789465e-03
  1.84969316e-01]
[0.07883892 0.89138397 0.19231135 0.2372853  0.28159922]
[0.00214526 0.06509616 0.10240816 0.02187751 0.60028044]
[0.20748222 0.41980323 0.45831097 0.35887512 0.35636211]
[2.57992546e-03 9.13517702e-04 5.90346902e-02 9.54268911e-01
 1.77821743e-02]
[0.27337347 0.66656395 0.82057063 0.00961422 0.1147252 ]
[0.2733236  0.06289017 0.44725087 0.35570269 0.4270835 ]
[0.5144313  0.06303713 0.20491057 0.40824963 0.37297749]
[0.15377925 0.56263572 0.25136208 0.43015314 0.25082854]
[0.01115704 0.01975243 0.00533638 0.27806504 0.58295545]
[0.56873945 0.31958342 0.5791797  0.41428878 0.0362212 ]
[1.28414349e-02 1.89064548e-02 6.25682237e-05 3.20607568e-01
 6.69596454e-01]
[0.10586638 0.17135321 0.30644066 0.17588468 0.50394451]
[0.6079147  0.44355247 0.66825277 0.32680927 0.00169881]
[ 2.72750603e-04 -4.38935936e-05  7.63752441e-04  5.15183033e-02
  7.65765432e-01]
[0.02712947 0.1796843  0.36726349 0.47225157 0.40956638]
[0.26368361 0.14187743 0.02333445 0.71269668 0.15303579]
[0.02675744 0.02240787 0.52682971 0.47805085 0.41075705]
[0.00296708 0.0045871  0.09624305 0.45788379 0.56373906]
[0.16014725 0.17794186 0.38132122 0.53228868 0.13565752]
[ 0.00772507  0.01262602  0.05882961 -0.00108832  0.7033767 ]
[ 1.85380306e-01  4.24211742e-01  4.20027918e-03 -1.87671180e-04
  7.05112196e-01]
[0.0637948  0.60378761 0.61731833 0.07478462 0.36746306]
[0.02521371 0.00215806 0.85550099 0.04829687 0.12854144]
[0.06836194 0.55803518 0.09485586 0.11503788 0.50188864]
[0.27855292 0.29973489 0.0173106  0.44838589 0.51193286]
[0.155417   0.3718692  0.00532649 0.04432622 0.61580147]
[0.05955941 0.02076583 0.63181056 0.14815205 0.38016952]
[0.03483784 0.64554325 0.76409941 0.21615095 0.04126398]
[2.89591277e-02 6.28402943e-04 7.87366427e-01 4.69678725e-01
 2.85591268e-01]
[0.20722073 0.52634311 0.62005409 0.15244232 0.19199346]
[1.75446078e-01 4.03081530e-01 6.52885686e-01 3.65595488e-04
 4.09596201e-01]
[0.01933668 0.00341632 0.05804272 0.72511957 0.08890628]
[0.21014665 0.03848884 0.09019066 0.27394655 0.57156055]
[0.00546773 0.00867085 0.4984306  0.21311103 0.62033949]
[0.19403028 0.31113004 0.00492508 0.15508042 0.63312152]
[0.19871436 0.36000511 0.00648095 0.85141987 0.02900993]
[0.09402358 0.00714473 0.70885837 0.0262422  0.48730565]
[0.14176509 0.24839587 0.86982335 0.0725358  0.3091604 ]
[0.00582709 0.81449096 0.34852596 0.07644613 0.34870062]
[0.11950387 0.22850454 0.29134515 0.21635834 0.53580545]
[0.19161246 0.21235255 0.69662673 0.34838079 0.11559256]
[0.43914144 0.06991137 0.18768604 0.56445385 0.33010253]
[0.2340421  0.38996213 0.55909058 0.45583976 0.16136587]
[0.04086642 0.3281911  0.07307091 0.18361865 0.62382232]
[0.05237867 0.42774627 0.23649744 0.10375411 0.57855084]
[0.20579411 0.31939044 0.38215788 0.62270731 0.30700482]
[0.58367265 0.02205234 0.02389096 0.69135931 0.40201707]
[0.40683554 0.79880686 0.48432236 0.17061248 0.02781187]
[0.00240144 0.01820544 0.01020188 0.85347589 0.5067173 ]
[0.47522207 0.45544903 0.20604816 0.10199432 0.48290698]
[0.48994594 0.56678109 0.28183825 0.03831342 0.32724027]
[3.10007563e-02 7.15324616e-04 8.42555131e-01 2.23014107e-01
 2.72349127e-01]
[0.20071811 0.07508042 0.24211531 0.03229734 0.61412472]
[0.38402754 0.54490374 0.08729641 0.14591755 0.45262133]
[0.03894745 0.5142945  0.41387548 0.47710119 0.42231554]
[0.02771499 0.22849403 0.91603276 0.0838575  0.21557946]
[0.00940255 0.01403409 0.39230325 0.89892111 0.14613923]
[0.02762841 0.00504664 0.81674073 0.07970436 0.31446938]
[0.22941792 0.40958044 0.74767994 0.05828175 0.22922087]
[0.06901945 0.02963474 0.7900696  0.10959359 0.44032017]
[0.57242135 0.04559778 0.38403436 0.25880581 0.47784785]
[0.1439428  0.04676295 0.06327666 0.19425215 0.65357819]
[0.00136567 0.01812331 0.09624872 0.96112235 0.02331146]
[0.06654076 0.02855117 0.76176386 0.15150911 0.42193798]
[0.06834127 0.08758001 0.42706153 0.10684551 0.59007676]
[0.01201792 0.30557662 0.47230414 0.62048583 0.23157173]
[0.25333227 0.09180017 0.75086672 0.10533412 0.4647049 ]
[0.03044211 0.36944096 0.03259487 0.15713883 0.62077639]
[0.05733625 0.37925342 0.16008973 0.25753217 0.58610894]
[6.41124023e-04 5.88533531e-04 8.35600181e-01 2.30129293e-01
 2.70662975e-01]
[0.02122736 0.06715022 0.54509375 0.35492637 0.52075638]
[0.38429962 0.00085371 0.69109921 0.31051522 0.14541632]
[0.50679076 0.87995089 0.17097844 0.29494818 0.16258293]
[0.50860936 0.53798699 0.33661608 0.07315207 0.33674467]
[0.59005076 0.09492812 0.38264252 0.27202867 0.47073807]
[0.10602571 0.1256731  0.03193686 0.56542163 0.52914569]
[0.21140935 1.00416998 0.20377659 0.22975418 0.29267566]
[0.00119476 0.01397535 0.05315831 0.09032013 0.67608345]
[0.01270493 0.03370239 0.71522165 0.61924921 0.23722712]
[0.02014817 0.02024186 0.46515177 0.11177774 0.5816687 ]
[0.00277299 0.0007307  0.00995877 0.15815609 0.6632513 ]
[ 0.11429685  0.18901068  0.33561067 -0.00085937  0.47977121]
[0.50632292 0.17813056 0.47667295 0.0370316  0.38669002]
[0.00483233 0.00572562 0.07592434 0.12827085 0.67753467]
[0.13909035 0.16499246 0.04497716 0.712277   0.29405014]
[0.00337803 0.00310558 0.09299613 0.74807204 0.37208743]
[0.34528174 0.00940561 0.58264407 0.40966551 0.36323649]
[0.24921964 0.00170072 0.03104951 0.60897155 0.47798713]
[0.03003263 0.55685246 0.65921214 0.1821052  0.04796594]
[0.0451016  0.00497137 0.73048097 0.65632227 0.14309116]
[0.02709798 0.06199324 0.09292716 0.09313298 0.61178166]
[0.01823679 0.22389464 0.65735111 0.61020794 0.19759625]
[0.04276523 0.05757396 0.00218555 0.59372513 0.72502484]
[0.41508252 0.46949963 0.2010615  0.4931475  0.40312692]
[0.00983877 0.13312139 0.04941832 0.19616601 0.64903575]
[0.00133201 0.00934151 0.88256165 0.02901575 0.21840819]
[0.02460625 0.11579723 0.51850881 0.22989479 0.4642669 ]
[0.01269734 0.06710927 0.66208857 0.26295952 0.48474245]
[0.44812101 0.04351066 0.65021478 0.09661539 0.44405175]
[0.07554908 0.08914421 0.11447173 0.54877664 0.55750939]
[0.59807052 0.11154491 0.38917484 0.6128783  0.06015849]
[0.25904801 0.08413737 0.7186267  0.18135681 0.45565603]
[0.19128107 0.02369787 0.28533896 0.0836673  0.64385025]
[0.00517055 0.03456513 0.77148642 0.06700387 0.51238778]
[0.37028413 0.84304199 0.20199584 0.25477668 0.29636437]
[0.10335559 0.24608965 0.00275746 0.03347585 0.7233706 ]
[0.01746991 0.4662171  0.55149684 0.46335039 0.04735677]
[0.00778918 0.3426984  0.40804647 0.72209898 0.26906336]
[0.0668077  0.12704756 0.16583094 0.17059678 0.57017321]
[0.02074011 0.06025511 0.49195483 0.32014038 0.54862106]
[0.49885253 0.05086702 0.23031377 0.01837934 0.58677834]
[0.0574714  0.46926009 0.25716771 0.11300127 0.49601154]
[0.03117441 0.05908839 0.67336709 0.43870165 0.29089205]
[0.36907203 0.70341045 0.43575127 0.03333116 0.45143386]
[0.03600182 0.10467927 0.94380892 0.52498848 0.04857566]
[0.11927202 0.10241392 0.46650527 0.15182855 0.56850651]
[0.16743063 0.43727879 0.63277042 0.03922244 0.4434956 ]
[0.45064738 0.07856758 0.65285135 0.3909638  0.12199318]
[0.19477599 0.22507177 0.11206965 0.01394423 0.66136494]
[0.00065219 0.06727223 0.13883494 0.23148258 0.58611083]
[0.43663882 0.08140917 0.00624225 0.03325948 0.71095597]
[0.09911791 0.16582312 0.45462221 0.09966364 0.59587642]
[0.39256244 0.338142   0.12083133 0.14707268 0.55093478]
[ 0.0079219   0.01295603  0.06000757 -0.00106683  0.71761799]
[0.39644898 0.71927619 0.63586411 0.31637513 0.0317399 ]
[0.24936916 0.24354606 0.49672227 0.07844353 0.44690554]
[0.29345325 0.55315691 0.34373788 0.06316988 0.35666099]
[0.09377485 0.44718751 0.60504536 0.31305581 0.17992851]
[0.03212926 0.24945916 0.82802205 0.0669872  0.40720564]
[0.0506792  0.43782808 0.16582446 0.5053406  0.42372611]
[0.17202648 0.31193591 0.94024976 0.0100319  0.03161947]
[0.02313772 0.50462193 0.6744594  0.24262604 0.31232033]
[0.68163117 0.67984357 0.21052757 0.19602164 0.2995505 ]
[0.10759545 0.1865714  0.62965666 0.61813047 0.15669554]
[0.050144   0.06757356 0.00257057 0.94456625 0.10875993]
[0.38191748 0.06627277 0.16365039 0.07359807 0.60283302]
[0.02892477 0.00195765 0.84382892 0.08240111 0.31817324]
[0.20409459 0.0068357  0.00386779 0.16169062 0.7937975 ]
[0.00196434 0.00157046 0.44961655 0.39229123 0.59243785]
[0.13512218 0.31313818 0.67196404 0.46318561 0.29077677]
[0.16252346 0.1925381  0.01687126 0.20160963 0.63945664]
[0.39206445 0.22535608 0.20169297 0.66069464 0.22794914]
[0.10953438 0.03514663 0.13489523 0.69311539 0.42635128]
[0.54786788 0.07080214 0.64387523 0.24310928 0.09522184]
[0.01924198 0.04982124 0.40989241 0.60146129 0.33340118]
[0.4144515  0.05341688 0.13490827 0.54849927 0.35774396]
[0.27450274 0.38110837 0.29087092 0.1957749  0.48356355]
[0.1261403  0.1056173  0.17351622 0.28123488 0.5652484 ]
[0.00498269 0.1288415  0.19813832 0.72241977 0.30266462]
[0.17626041 0.44767683 0.52748134 0.52108994 0.20285807]
[0.12676448 0.01563207 0.29227361 0.46342396 0.51848516]
[0.26630957 0.5111892  0.05794997 0.02527878 0.5959613 ]
[0.4399456  0.76384466 0.14842691 0.32311692 0.1432327 ]
[0.04914777 0.14604613 0.27189987 0.43867575 0.49208861]
[9.39055828e-04 6.99206378e-04 8.99369766e-01 1.06852504e-02
 2.23469258e-01]
[0.01560422 0.16270437 0.78078895 0.07478198 0.36720326]
[0.31720588 0.60451899 0.37453516 0.03718824 0.3882376 ]
[0.23428603 0.3740471  0.54137738 0.52306573 0.09190027]
[0.09856611 0.11116868 0.63753515 0.61215762 0.10497921]
[0.34250495 0.00932509 0.5843245  0.40974396 0.36335576]
