[0.23688499 0.00158635 0.0028833  0.1268706  0.80947586]
[0.19061692 0.16539927 0.06095286 0.02971926 0.61872606]
[0.02865537 0.01024941 0.03469451 0.29723924 0.57763504]
[0.00109843 0.00777146 0.00452663 0.27826902 0.74793005]
[0.56298837 0.07277246 0.66164138 0.16084648 0.09840195]
[0.03003263 0.55685246 0.65921214 0.1821052  0.04796594]
[0.25904801 0.08413737 0.7186267  0.18135681 0.45565603]
[0.19219445 0.27252351 0.04368124 0.50609837 0.43891085]
[0.43445656 0.63206389 0.23425898 0.11757576 0.16152326]
[0.27307954 0.27937528 0.05032038 0.29329301 0.54580822]
[0.09083584 0.05020062 0.40936703 0.61828461 0.42247524]
[0.02074011 0.06025511 0.49195483 0.32014038 0.54862106]
[0.00407384 0.05115401 0.7183994  0.64336302 0.02352083]
[0.00093633 0.00079973 0.00840979 0.01241367 0.79291689]
[0.0994058  0.69893797 0.28754461 0.36848866 0.2131066 ]
[0.00299551 0.02311903 0.00612347 0.33031337 0.61334048]
[ 6.01363251e-04 -3.19054922e-04  3.84347735e-02  8.22457296e-01
  1.76666241e-01]
[0.01658741 0.2032677  0.02550383 0.4476515  0.58311257]
[0.00385443 0.00393787 0.56195498 0.02939978 0.56413896]
[0.34528174 0.00940561 0.58264407 0.40966551 0.36323649]
[0.31720588 0.60451899 0.37453516 0.03718824 0.3882376 ]
[0.16060207 0.38428241 0.00550583 0.04587509 0.63927126]
[0.14137834 0.33607611 0.00721891 0.70378193 0.26872061]
[0.03710878 0.01949687 0.00173633 0.31571652 0.68478326]
[0.08128715 0.31233893 0.03926185 0.71383324 0.31220479]
[ 0.11045498  0.18199526  0.32355795 -0.00090573  0.46252946]
[0.39206445 0.22535608 0.20169297 0.66069464 0.22794914]
[0.01419505 0.17459891 0.68739443 0.62777557 0.02294301]
[-1.34583098e-04 -5.72302776e-04 -4.19889033e-05  5.89923946e-02
  8.29738729e-01]
[0.0502109  0.14603941 0.27263405 0.43986583 0.49341818]
[0.55146211 0.81747894 0.01522201 0.28232314 0.09516351]
[0.17170614 0.04689824 0.31057969 0.23913575 0.55122629]
[6.82053864e-05 1.92062761e-03 9.18396100e-03 1.39041150e-02
 7.11363206e-01]
[0.11223077 0.12364931 0.73480252 0.37322729 0.11830676]
[0.03680292 0.2856436  0.94784204 0.0769912  0.00813989]
[0.04947666 0.04528349 0.60526447 0.42741852 0.44226172]
[0.14938009 0.35510908 0.00705751 0.73469477 0.28106223]
[0.26504277 0.42319605 0.61240419 0.16902304 0.08387991]
[0.10514112 0.03828714 0.18756896 0.26484321 0.53291802]
[0.02662351 0.02415735 0.32662871 0.17114829 0.63014448]
[0.37857766 0.82747998 0.0535063  0.15653067 0.42092774]
[0.05675104 0.46338802 0.25395315 0.11225847 0.48997543]
[0.01381543 0.00102592 0.02103983 0.63974591 0.50924942]
[0.61730686 0.00511386 0.00635124 0.34036062 0.49088424]
[0.46611421 0.08101142 0.1997244  0.60161591 0.3642143 ]
[0.04093389 0.0131181  0.11409971 0.68952307 0.40193061]
[0.00235976 0.0022175  0.51991043 0.04144056 0.54796448]
[0.00117586 0.0031898  0.47696728 0.30595776 0.56606695]
[ 2.14673524e-03  2.36393514e-03  1.77362857e-02 -4.00762151e-04
  7.23930008e-01]
[0.69709472 0.28552115 0.14535211 0.53122456 0.0320505 ]
[0.34361955 0.04191015 0.14515182 0.58452857 0.38377349]
[ 5.84882245e-04 -3.25305885e-04  3.76128459e-02  9.32319790e-01
  2.00200223e-01]
[0.00240144 0.01820544 0.01020188 0.85347589 0.5067173 ]
[0.13594414 0.2464443  0.95322131 0.07744032 0.00225377]
[0.02355708 0.01274259 0.78817862 0.47771876 0.03921495]
[0.01532166 0.00797988 0.00490885 0.26748766 0.68326471]
[0.12306408 0.07310134 0.15524442 0.00889379 0.59171406]
[0.25763167 0.68530457 0.78563073 0.08339845 0.24468199]
[0.28070357 0.28718728 0.05172591 0.28490376 0.56355942]
[0.16291136 0.07885637 0.10520877 0.71148057 0.29999802]
[0.56819069 0.10594312 0.36973431 0.58215998 0.05713344]
[0.16252346 0.1925381  0.01687126 0.20160963 0.63945664]
[0.00136567 0.01812331 0.09624872 0.96112235 0.02331146]
[ 4.30782827e-02 -2.10749063e-04  7.75292523e-04  2.52701984e-01
  8.11367193e-01]
[0.47374723 0.05486571 0.7248005  0.1065929  0.09793723]
[0.00178602 0.00365766 0.15039444 0.50094857 0.59136156]
[0.30198762 0.10279925 0.47271176 0.38990523 0.40246509]
[0.0034275  0.02315458 0.01002715 0.74010131 0.01021022]
[1.89392363e-01 4.13278506e-01 6.76391090e-01 4.56173704e-04
 4.23423262e-01]
[0.60356065 1.09519628 0.25834472 0.13551547 0.0350862 ]
[0.06755806 0.03528633 0.00592839 0.60820796 0.51851288]
[0.07032489 0.18244476 0.34005309 0.549434   0.42613237]
[0.36852937 0.53609533 0.19871666 0.29882635 0.25732428]
[0.24135114 0.23391371 0.47920322 0.07560135 0.43113086]
[0.02725845 0.02976416 0.1794232  0.48144935 0.55405393]
[0.56512088 0.07305035 0.57641123 0.14852718 0.09093391]
[0.08979903 0.63144781 0.259798   0.33412237 0.27381447]
[0.02783643 0.13097373 0.56265016 0.25001527 0.50455851]
[0.00294407 0.1687637  0.34652735 0.53929608 0.30181867]
[0.03694642 0.96405696 0.23597874 0.1871229  0.04928326]
[0.11198547 0.28436226 0.35277767 0.72629523 0.2038044 ]
[0.34250495 0.00932509 0.5843245  0.40974396 0.36335576]
[0.00224285 0.00725578 0.20552158 0.11581703 0.6688637 ]
[ 0.02775855  0.04621473  0.04874151 -0.00181933  0.78309616]
[1.14983044e-04 9.43789617e-03 1.18456772e-02 1.16865572e-02
 9.40014179e-01]
[0.32478384 0.48094984 0.0912521  0.60582816 0.12249057]
[0.48725069 0.27371972 0.5991457  0.48073367 0.03198105]
[-2.65589943e-05 -4.49544086e-04 -4.76340166e-05  7.22212378e-02
  1.00935174e+00]
[0.35441846 0.36271964 0.06453923 0.11155081 0.55756523]
[0.13571842 0.24603459 0.95164044 0.03329787 0.00991834]
[0.09026353 0.07799546 0.04743408 0.19117995 0.57400227]
[0.0055173  0.05577787 0.00970085 0.00486542 0.64417561]
[0.11141891 0.01392923 0.46891013 0.64266032 0.09104224]
[0.01746991 0.4662171  0.55149684 0.46335039 0.04735677]
[0.39381971 0.46919562 0.25638281 0.55132092 0.37976506]
[0.39256244 0.338142   0.12083133 0.14707268 0.55093478]
[0.23086516 0.48424665 0.52421117 0.21177837 0.32748604]
[0.00626815 0.36177431 0.74146199 0.31558013 0.45201607]
[0.10602571 0.1256731  0.03193686 0.56542163 0.52914569]
[0.50632292 0.17813056 0.47667295 0.0370316  0.38669002]
[0.44516514 0.01092264 0.02186578 0.51875352 0.55558736]
[0.04843029 0.04613031 0.07295892 0.55076846 0.42674452]
[0.00620339 0.00229529 0.02162914 0.32354788 0.64069423]
[0.55205835 0.07134819 0.64879891 0.2434561  0.09590597]
[0.04497884 0.03875219 0.06095416 0.27582519 0.6109029 ]
[-1.08913553e-04  2.82254358e-03  7.50291846e-03  2.69424872e-01
  7.24328244e-01]
[0.30428624 0.0681573  0.52065503 0.47077109 0.40524298]
[0.13487861 0.2445103  0.94575889 0.07681727 0.0313129 ]
[0.02383444 0.15547789 0.56596978 0.33463376 0.38044544]
[0.30693271 0.58493148 0.36241004 0.1609091  0.38582149]
[0.16308797 0.37317282 0.00368906 0.08075112 0.63780819]
[0.48994594 0.56678109 0.28183825 0.03831342 0.32724027]
[0.00501769 0.06698973 0.09038698 0.07986995 0.56704911]
[0.01015904 0.01794213 0.00485833 0.29808974 0.62417153]
[0.18113589 0.34431318 0.50818766 0.48221374 0.28014738]
[0.00196547 0.12184543 0.18727469 0.68270364 0.28599861]
[0.81892007 0.0871543  0.16119707 0.4699679  0.03160357]
[0.16444695 0.41489068 0.49284784 0.48912559 0.18956279]
[0.00495761 0.00552514 0.00978167 0.00529731 0.73736499]
[0.39644898 0.71927619 0.63586411 0.31637513 0.0317399 ]
[0.01189321 0.01331005 0.58752055 0.03309615 0.54998319]
[0.00472551 0.00750085 0.14217886 0.47406947 0.55974507]
[4.90863277e-04 2.35877341e-04 2.02975450e-01 8.55798209e-02
 7.86620464e-01]
[0.0686837  0.10694451 0.46238173 0.68813205 0.16514301]
[0.00082081 0.05517816 0.4159674  0.61040618 0.33834787]
[0.1261403  0.1056173  0.17351622 0.28123488 0.5652484 ]
[7.52139281e-02 8.72326265e-05 8.79503167e-04 2.45133213e-01
 7.89619598e-01]
[0.050144   0.06757356 0.00257057 0.94456625 0.10875993]
[0.38068962 0.00083995 0.6421608  0.3115896  0.37102421]
[3.10007563e-02 7.15324616e-04 8.42555131e-01 2.23014107e-01
 2.72349127e-01]
[0.41508252 0.46949963 0.2010615  0.4931475  0.40312692]
[0.17153602 0.41045863 0.005884   0.04914126 0.62942317]
[0.51119881 0.80917708 0.16190384 0.35736722 0.15775256]
[0.49019324 0.08924374 0.31879594 0.50167134 0.48272451]
[0.36653249 0.53326193 0.36941399 0.12596823 0.15492007]
[0.03466881 0.23781606 0.48031655 0.47604609 0.46864977]
[0.62591865 0.18089939 0.09139511 0.26533907 0.4552711 ]
[0.00387458 0.04872372 0.68466947 0.61196423 0.02929002]
[0.00791771 0.00854486 0.00410486 0.01684529 0.77534537]
[0.02122736 0.06715022 0.54509375 0.35492637 0.52075638]
[0.00098666 0.00704538 0.67897059 0.02373533 0.68085623]
[0.33902804 0.64543433 0.83821869 0.08201384 0.03340031]
[0.08114601 0.98870235 0.0783848  0.43642885 0.17910829]
[0.1057133  0.25124325 0.0053862  0.52261619 0.5037515 ]
[0.00163956 0.01295524 0.01665415 0.3231839  0.60017904]
[0.54330149 0.06660796 0.21485453 0.43079098 0.39348578]
[0.01068849 0.00350682 0.02477731 0.87343058 0.18749235]
[0.01560422 0.16270437 0.78078895 0.07478198 0.36720326]
[0.00783183 0.16916345 0.24866481 0.1423242  0.55498859]
[0.03150266 0.12616963 0.47057837 0.55297905 0.41575016]
[0.02109089 0.03385678 0.54937923 0.48881773 0.39025813]
[0.143611   0.32449397 0.07791685 0.71523178 0.27271873]
[0.00967239 0.0685366  0.62415522 0.34579609 0.20479021]
[0.16773121 0.23778861 0.03811928 0.51249187 0.42987266]
[0.00196413 0.00608816 0.00610002 0.0330393  0.71170494]
[0.72300804 0.08925493 0.18667325 0.09418889 0.40769661]
[0.09237526 0.91691274 0.22462033 0.14787451 0.09527626]
[0.03343602 0.63760008 0.71623885 0.20158199 0.05432056]
[0.19289074 0.27351216 0.04383955 0.50793804 0.44050102]
[0.43610951 0.63447004 0.23515011 0.1180311  0.1621391 ]
[0.27771113 0.2864758  0.05136609 0.299426   0.56803478]
[0.10501243 0.73832611 0.30373789 0.38951966 0.22515098]
[0.00321709 0.02477986 0.00655586 0.35358123 0.65629434]
[0.33597217 0.62762247 0.3859369  0.03875126 0.39823995]
[0.32639165 0.62203319 0.42092571 0.04016092 0.40314987]
[0.37306361 0.17312893 0.00642473 0.05514487 0.67944434]
[ 0.1332853   0.2196808   0.39034356 -0.00064884  0.55806816]
[0.25333227 0.09180017 0.75086672 0.10533412 0.4647049 ]
[0.57242135 0.04559778 0.38403436 0.25880581 0.47784785]
[0.33137244 0.04148603 0.48102502 0.1436253  0.48183588]
[0.02181832 0.32806177 0.66003475 0.10151099 0.48233104]
[ 1.21662313e-02  3.02181647e-01  4.43377356e-01 -4.44845514e-04
  5.58884347e-01]
[-2.88934979e-05 -4.58415391e-04 -4.50539536e-06  7.22677695e-02
  1.00998351e+00]
[0.31472171 0.0023081  0.00262099 0.16854922 0.92925614]
[4.79187235e-04 9.21685708e-05 3.77710103e-03 6.44764466e-02
 9.05820860e-01]
[0.50679076 0.87995089 0.17097844 0.29494818 0.16258293]
[0.12569965 0.13878227 0.82356326 0.41856781 0.13264586]
[0.15402668 0.2693003  0.76186147 0.4731331  0.16309709]
[0.1554893  0.17223977 0.82717746 0.40138906 0.13313444]
[0.15182885 0.22480856 0.95424281 0.07725069 0.10590676]
[0.02736962 0.02484707 0.33572553 0.17597396 0.65156651]
[0.07083012 0.57815479 0.31678007 0.14055664 0.53883351]
[0.38336107 0.25895764 0.27490807 0.29583176 0.52570422]
[0.49117795 0.03815296 0.32779738 0.22135612 0.54611527]
[0.0616412  0.5032505  0.27680635 0.31543901 0.53830056]
[0.00170669 0.03518361 0.03094298 0.01939578 0.72498807]
[0.00248989 0.00277814 0.02028187 0.0328407  0.75548152]
[0.34958356 0.04264781 0.14767084 0.59470619 0.39043821]
[0.01274655 0.03074279 0.82754366 0.49833404 0.30089942]
[0.60693222 0.06212459 0.28021162 0.02282611 0.63958199]
[0.20071811 0.07508042 0.24211531 0.03229734 0.61412472]
[0.39500044 0.24016858 0.18024932 0.04469614 0.62514499]
[0.15319833 0.10249274 0.10573155 0.71502472 0.30148994]
[0.00223781 0.00335311 0.15040737 0.50099184 0.59141246]
[0.33385092 0.07694388 0.51055107 0.42128461 0.43471024]
[0.32667945 0.07527875 0.53451559 0.43338169 0.4471411 ]
[0.00680784 0.13321066 0.05584597 0.77948408 0.01091117]
[0.06796614 0.0765262  0.03155456 0.75860646 0.40147561]
[0.01020119 0.36400866 0.4334534  0.75659647 0.28319286]
[0.02842972 0.34734398 0.04356547 0.76551481 0.16222558]
[0.0106876  0.01600011 0.44497216 1.01987811 0.16581124]
[0.01468051 0.01832856 0.0951317  0.81706658 0.43511565]
[0.0067943  0.13295092 0.0571456  0.78207442 0.01094868]
[0.01142398 0.14080106 0.04153064 1.01362581 0.0246618 ]
[0.02602262 0.00932279 0.01488224 0.84225197 0.18109837]
[0.00202693 0.07459576 0.04977701 0.80948731 0.26902223]
[0.08169186 0.05503576 0.04373179 0.78071297 0.2603099 ]
[0.06703169 0.08044453 0.03215992 0.77317606 0.38637004]
[0.03659372 0.0738351  0.05220539 0.77658555 0.16586348]
[0.06854084 0.03645153 0.00603475 0.61905843 0.52773784]
[0.42216292 0.05443666 0.49394941 0.07984464 0.51357258]
[0.71473929 0.19662649 0.63112939 0.31165545 0.10501244]
[0.39407721 0.39996555 0.49614326 0.34549034 0.32163828]
[0.00293832 0.18750111 0.3574538  0.6335068  0.3876724 ]
[0.00335005 0.1975329  0.34784822 0.55953945 0.35410102]
[0.0025761  0.19027717 0.39051639 0.61934828 0.3906354 ]
[0.39353837 0.68323795 0.13277053 0.63720615 0.16202513]
[0.24590313 0.34395133 0.07490105 0.27568652 0.5950273 ]
[0.17261663 0.24472533 0.05825465 0.46063993 0.59825026]
[0.21597552 0.3697932  0.08754526 0.25609101 0.58435043]
[0.10846655 0.12887944 0.06434934 0.55206099 0.57572594]
[0.12625698 0.1730217  0.04909389 0.50459504 0.60001644]
[0.0660924  0.01770455 0.11970274 0.02344673 0.64771686]
[0.00580137 0.0585942  0.01444299 0.00537075 0.69060177]
[0.0232766  0.04189827 0.16350778 0.13959769 0.66938005]
[0.18871977 0.1637485  0.10296757 0.03144726 0.65229609]
[0.40060598 0.47186291 0.26275237 0.55343806 0.38326273]
[0.25359317 0.55421489 0.63271737 0.16908391 0.45365865]
[0.46663949 0.2600267  0.59864409 0.18331264 0.45057684]
[0.43616679 0.39186994 0.63812818 0.16698876 0.44402466]
[0.29069045 0.02315482 0.1950644  0.57074435 0.44424635]
[0.08605591 0.06115546 0.41176412 0.67754569 0.45012234]
[0.00559585 0.00527538 0.18913305 0.43232973 0.68739123]
[0.13523191 0.24515155 0.94823318 0.07702385 0.03139588]
[0.54253555 0.62166603 0.31056158 0.0785539  0.3609303 ]
[0.53889212 0.61748839 0.36938402 0.08073527 0.37069696]
[0.10310662 0.08465502 0.21661256 0.30673684 0.616152  ]
[0.2784133  0.45803491 0.10977514 0.10490098 0.62106994]
[0.0668077  0.12704756 0.16583094 0.17059678 0.57017321]
[0.02733424 0.05171428 0.16824002 0.13488759 0.67706801]
[0.04790321 0.03692612 0.15088732 0.18455534 0.67781835]
[0.09219286 0.23407173 0.10536423 0.18332107 0.66742995]
[0.18247256 0.30123548 0.37283524 0.09849499 0.61001309]
[0.24121685 0.0416431  0.10336733 0.31425924 0.5997581 ]
[0.02457543 0.05691653 0.17649256 0.15992794 0.62440418]
[0.00498269 0.1288415  0.19813832 0.72241977 0.30266462]
[0.06369774 0.09861868 0.20262831 0.72693528 0.29101191]
[0.14158808 0.02824301 0.20608099 0.72531196 0.29008847]
[0.75695762 0.42551681 0.16575898 0.48332442 0.03250919]
[0.17626041 0.44767683 0.52748134 0.52108994 0.20285807]
[0.0396595  0.00457839 0.04674424 0.00684035 0.74394966]
[0.07523527 0.14581295 0.49417004 0.72714583 0.19114039]
[0.08355042 0.00490633 0.42500905 0.72921212 0.38514191]
[1.32926049e-01 6.22375303e-04 1.59480515e-03 5.83499656e-01
 9.25033498e-01]
[0.06820291 0.09204672 0.00351289 0.94675811 0.11960423]
[0.00622705 0.03059189 0.89435766 0.23681998 0.2890731 ]
[0.22903681 0.54811726 0.00787279 0.08432957 0.6650995 ]
[0.48884169 0.84877438 0.16492297 0.3640691  0.16070087]
[0.32810251 0.63683718 0.45203704 0.42954115 0.1875567 ]
[0.45483228 0.46169605 0.56446239 0.29317457 0.32375055]
[0.03645837 0.24991649 0.50371541 0.48466003 0.49163276]
[0.14250321 0.42427535 0.70712644 0.76285977 0.09254211]
[0.00420089 0.05270356 0.76096117 0.68379578 0.1453963 ]
[0.47300717 0.82127073 0.15958088 0.63524451 0.18025748]
[0.02412468 0.06720355 0.5512456  0.3589788  0.61478306]
[0.09157297 0.15043417 0.0319607  0.50949031 0.60140877]
[0.01177459 0.01350277 0.42072933 0.96420314 0.2578706 ]
[0.2057758  0.13819427 0.29656157 0.22026992 0.55681218]
[0.17952171 0.16473818 0.34570637 0.34340824 0.55574578]
[0.02762512 0.08029615 0.65395399 0.42844448 0.29465471]
[0.13408643 0.31073624 0.66681934 0.46596589 0.24043461]
[0.22991238 0.00534748 0.00992869 0.26869891 0.72483017]
[0.19124709 0.45764754 0.00656575 0.04721895 0.75945121]
[0.04479717 0.00730019 0.0572232  0.20849566 0.72465365]
[0.01173278 0.02195584 0.21464125 0.11490899 0.74860456]
[0.00379626 0.00485736 0.0836285  0.14124074 0.74745696]
[0.39739915 0.19048657 0.00631839 0.05289291 0.72970085]
[0.01716116 0.01387606 0.02460696 0.21161551 0.72266468]
[0.03161364 0.00264246 0.01460689 0.19045672 0.78200832]
[0.38030476 0.5095682  0.36277836 0.20027072 0.51469842]
[0.47522207 0.45544903 0.20604816 0.10199432 0.48290698]
[0.31580007 0.73213878 0.51892255 0.54345345 0.15896463]
[0.41645099 0.60416223 0.25565745 0.20410612 0.16177638]
[0.44565584 0.67650449 0.63809824 0.31589431 0.09814645]
[0.51136429 0.09312318 0.33256206 0.52342344 0.50358335]
[0.11271205 0.47419274 0.27057497 0.53067487 0.55595132]
[0.52901413 0.5370689  0.65649907 0.14883901 0.20793035]
[0.29008276 0.29501317 0.06311117 0.31216972 0.58070748]
[0.30429556 0.31062662 0.05622211 0.33386725 0.61312959]
[0.24893719 0.43352102 0.06249726 0.32523032 0.64853434]
[0.11245256 0.790595   0.3252582  0.42586147 0.24231544]
[0.40730429 0.41077345 0.337748   0.66364141 0.31128201]
[0.00424156 0.03245902 0.00855513 0.41013564 0.76109276]
[0.3461197  0.65248486 0.40538233 0.07488504 0.42070101]
[0.36876958 0.70283377 0.43539429 0.04357956 0.45138029]
[ 1.59856749e-01  2.58702747e-01  3.96775440e-01 -5.15324036e-04
  5.94554450e-01]
[0.61333795 0.04951875 0.41150716 0.27747127 0.5120561 ]
[0.34271399 0.03953885 0.52180615 0.15310852 0.5086986 ]
[0.02923582 0.02657224 0.35847906 0.18804423 0.68912888]
[0.02874192 0.02513553 0.48994139 0.42130821 0.67546474]
[0.00194641 0.05144458 0.04499314 0.02916191 0.72741302]
[0.00184338 0.05055165 0.04421749 0.02874352 0.79085022]
[0.00102799 0.04151883 0.049835   0.05585785 0.92476171]
[0.00568998 0.04077117 0.04954605 0.05552188 0.92151884]
[0.00768123 0.01073707 0.05511571 0.05137896 1.01143484]
[0.00566889 0.00331821 0.19953694 0.08323322 0.78091393]
[0.004257   0.00868501 0.22748465 0.06063964 0.81772167]
[0.0687688  0.45530255 0.23606856 0.65018422 0.40021594]
[0.04497877 0.36254312 0.3997594  0.12226776 0.61861645]
[0.08205141 0.66962598 0.36685426 0.16311081 0.62405793]
[0.27981592 0.43046763 0.22380507 0.10392393 0.63538202]
[0.4679955  0.25777608 0.17780413 0.75643122 0.51632484]
[0.1829998  0.35972212 0.63819303 0.42627496 0.44949846]
[0.35370794 0.08155443 0.54090575 0.44645712 0.46057729]
[0.01245093 0.13727713 0.05775114 0.80612322 0.05200936]
[0.15279572 0.06716407 0.07728513 1.04998205 0.01483904]
[0.29165131 0.46968435 0.10478144 0.89298853 0.04981897]
[0.01840074 0.19647663 0.71780629 0.85853135 0.03451451]
[0.10057389 0.29513747 0.49396976 0.82182663 0.04709655]
[0.28405335 0.45743958 0.11279242 0.80149923 0.06212803]
[0.02931248 0.0092724  0.05577898 1.01625827 0.25503398]
[0.03292986 0.06450335 0.11607921 0.84732235 0.45363818]
[0.04246938 0.02940099 0.07404438 0.91397783 0.30481796]
[0.10680905 0.12033998 0.04954127 0.88381145 0.47036721]
[0.06882714 0.04795336 0.0605893  0.9868879  0.32791185]
[0.07068588 0.12599478 0.53150536 0.77762677 0.28273328]
[0.00547082 0.14110409 0.21691237 0.78618435 0.23154762]
[0.03708223 0.07359267 0.1130945  0.78461268 0.57338748]
[0.25069001 0.4005444  0.09902969 0.74629357 0.54770364]
[0.44712931 0.66274967 0.63340409 0.40049676 0.10759731]
[0.13629267 0.12371662 0.45278379 0.56875317 0.45200614]
[0.14029267 0.12736093 0.46605738 0.58548749 0.39759637]
[0.07525068 0.19527698 0.37018309 0.59640069 0.48040798]
[0.00316853 0.19255394 0.3951979  0.62081618 0.39310121]
[0.22735802 0.38929915 0.09215838 0.26979382 0.61521855]
[0.10990275 0.13028355 0.06520735 0.5623375  0.58612049]
[0.0549454  0.10424293 0.13582833 0.13951118 0.66897131]
[0.04295644 0.06340537 0.12502878 0.02458513 0.6765412 ]
[0.01082895 0.16408374 0.43527906 0.05647529 0.66669602]
[0.18210848 0.26951399 0.04951366 0.33853123 0.70065044]
[0.09027289 0.01522034 0.03869552 0.11495958 0.72373066]
[0.08974671 0.28921676 0.05095873 0.1502959  0.70807248]
[0.03709599 0.24035314 0.04972688 0.18199417 0.69959043]
[0.13130597 0.09865491 0.26778679 0.01136328 0.70465114]
[0.31110902 0.05477141 0.0991594  0.38506425 0.69586341]
[0.12939362 0.22141952 0.05245516 0.04096126 0.71034319]
[0.07382243 0.10444929 0.01686677 0.18968966 0.73837215]
[0.10446014 0.2197131  0.04052899 0.06062426 0.76014346]
[0.28018388 0.61235261 0.69871633 0.18697655 0.49529008]
[0.46773565 0.08129525 0.2004191  0.60371543 0.46335475]
[0.17130445 0.49044127 0.19629779 0.79117387 0.51909321]
[0.43828974 0.51628825 0.27678172 0.60134925 0.47415428]
[0.00499169 0.00725732 0.20087616 0.45933271 0.72767416]
[0.37574661 0.82129018 0.37276661 0.17754111 0.4706407 ]
[0.44952565 0.37586362 0.13687749 0.16688024 0.62411875]
[0.16374889 0.75428369 0.17390539 0.29164761 0.58086025]
[0.11027226 0.09057105 0.23164551 0.32816825 0.57852757]
[0.149912   0.13855583 0.2453924  0.20242941 0.61858913]
[0.15979826 0.73143681 0.24977782 0.28968316 0.57596529]
[0.19125564 0.05221098 0.29501103 0.24254162 0.58960618]
[0.40278446 0.07260499 0.17052616 0.24446849 0.61386731]
[0.26305775 0.04546635 0.11272504 0.33868922 0.61247404]
[0.01872758 0.32093426 0.12028675 0.37137113 0.66519038]
[0.49750809 0.13000993 0.31071543 0.17002296 0.66663951]
[0.02591437 0.061836   0.1940523  0.17041227 0.68165543]
[0.08798402 0.07566594 0.18803115 0.26599035 0.63341609]
[0.01227459 0.09910239 0.28100163 0.19141592 0.65002307]
[0.00521371 0.13054835 0.20076435 0.73836776 0.30717766]
[0.14942935 0.02571005 0.21661526 0.76248789 0.30296187]
[0.17927331 0.45441845 0.53559208 0.52913463 0.2056928 ]
[0.18805037 0.01865939 0.08676984 0.0150683  0.81089768]
[0.126857   0.01239405 0.14700452 0.01403841 0.78397835]
[0.02826033 0.06497379 0.05454785 0.01731924 0.92410852]
[0.06872279 0.09275126 0.00354002 0.95397315 0.12051675]
[0.01391116 0.03328848 0.89606078 0.23731204 0.28966916]
[0.38948281 0.52180444 0.1982988  0.09977805 0.67608713]
[0.45244845 0.48562769 0.5761329  0.40434135 0.34585975]
[0.03902485 0.26747037 0.54407811 0.52295668 0.523561  ]
[0.04018523 0.27540696 0.5601872  0.50570165 0.52772377]
[0.22623553 0.15198396 0.32588325 0.2422961  0.60498735]
[0.22118686 0.15157931 0.3242283  0.24000807 0.60750517]
[0.2651045  0.25425665 0.5150656  0.39600532 0.56236674]
[0.03329312 0.08630197 0.67206344 0.43723511 0.53449765]
[0.06772138 0.5286646  0.67678474 0.49085426 0.27008286]
[0.245926   0.00576224 0.01003528 0.29007584 0.7794041 ]
[0.00327455 0.03594828 0.13310898 0.15787476 0.78979144]
[0.00095068 0.03923626 0.14434379 0.14674522 0.78882771]
[0.00140649 0.0402715  0.0622682  0.22516551 0.77858048]
[0.00515239 0.0309552  0.25567989 0.23413454 0.72642947]
[0.03004613 0.03526102 0.01783336 0.1964464  0.82634635]
[0.00227587 0.04632846 0.02521403 0.29038582 0.7898568 ]
[0.72092849 0.13152427 0.44870133 0.26607023 0.55111217]
[0.16100123 0.76380418 0.39792075 0.38851681 0.57176978]
[0.39672463 0.7700894  0.54654224 0.49412463 0.2242148 ]
[0.9472878  0.29509992 0.60360466 0.36398079 0.32307738]
[0.4620154  0.68482627 0.65448553 0.32326743 0.10891338]
[0.60148767 0.52312817 0.65160082 0.32655264 0.10859024]
[0.0535205  0.15567305 0.51157835 0.34277899 0.58718637]
[0.28948633 0.67044474 0.5610572  0.19945371 0.62680214]
[0.03470545 0.11308821 0.232567   0.14902871 0.69924376]
[0.16105565 0.02775567 0.233454   0.82191253 0.12027942]
[0.16414281 0.09767272 0.14654313 0.06732102 0.69070966]
[0.16640479 0.02666048 0.47739072 0.10123259 0.70830284]
[0.35082963 0.66862827 0.41340315 0.22489264 0.44661827]
[0.7045668  0.36206364 0.0618795  0.38699706 0.70079535]
[0.65468346 0.11938536 0.42575296 0.30291465 0.52005803]
[0.27956103 0.45019982 0.1110088  0.83677894 0.06391365]
[0.16933379 0.50417777 0.81013545 0.87837212 0.06468749]
[0.25076631 0.48648714 0.87160076 0.18377749 0.53892665]
[0.08003886 0.0321193  0.12824864 0.11315944 0.80196508]
[0.28373376 0.41329089 0.68821797 0.53548123 0.22277297]
[0.46888287 0.47597223 0.58189482 0.4084063  0.34932245]
[0.30948126 0.09841216 0.14508    0.02628843 0.76933834]
[0.0137202  0.14477388 0.19484963 0.17301562 0.6811629 ]
[0.57621117 0.01312422 0.26250717 0.75368781 0.44582698]
[0.14244122 0.4472751  0.82221922 0.86606421 0.05635897]
[0.13253339 0.11485867 0.19482689 0.0329351  0.68046214]
[0.00516667 0.00755353 0.21869109 0.50021137 0.79485049]
[0.00702718 0.17139197 0.42703118 0.05604478 0.71213162]
[0.24322372 0.32575594 0.24246462 0.36613327 0.62766187]
[0.40053212 0.77748289 0.55178585 0.49888549 0.22636964]
[0.03644173 0.07141192 0.12840078 0.90224503 0.45680139]
[0.13085691 0.55757583 0.47414392 0.33269251 0.58134393]
[6.83423473e-04 1.77975039e-02 2.16713662e-01 4.84727848e-01
 8.05506690e-01]
[0.27267642 0.0471501  0.11684615 0.35114392 0.63486948]
[ 1.62523637e-01  2.67943916e-01  4.75874561e-01 -3.19844486e-04
  6.80422662e-01]
[0.17918129 0.46737086 0.54830319 0.54103425 0.21066686]
[0.05520685 0.10474033 0.13647292 0.14018319 0.67214666]
[0.29064809 0.09221009 0.08668226 0.0382274  0.78401365]
[0.06907265 0.04812617 0.06080508 0.99040711 0.32908008]
[0.0909983  0.02599809 0.1404742  0.06848812 0.7565398 ]
[0.01681623 0.04062153 1.08829129 0.28868042 0.3518951 ]
[0.06060615 0.02767976 0.20478823 0.18590464 0.72068516]
[0.26288837 0.07132367 0.334492   0.24875053 0.62097593]
[0.11855612 0.49806497 0.28420886 0.55851909 0.58454275]
[0.21597787 0.79977664 0.39265845 0.49734897 0.24870316]
[0.02994997 0.02691009 0.36548524 0.18943475 0.7008266 ]
[0.09820695 0.11137823 0.04829472 0.16132584 0.80237036]
[0.01580531 0.04812667 0.12263877 0.46720718 0.7569735 ]
[0.07662956 0.51562733 0.49666134 0.58212666 0.54111308]
[0.00358463 0.03280553 0.26802709 0.24598683 0.76213539]
[0.03260694 0.06887773 0.15759868 0.05063228 0.73833438]
[0.23149101 0.15552611 0.33344914 0.24797036 0.61904018]
[0.07267878 0.09811235 0.00374644 1.00887568 0.12746047]
[0.20512403 0.17919543 0.06575281 0.0322267  0.78973368]
[0.3394017  0.81846953 0.36026203 0.4691986  0.27112263]
[0.19548703 0.04166593 0.09146801 0.01599935 0.8547666 ]
[0.01608752 0.02939862 0.05652474 1.02986091 0.2560712 ]
[0.1609925  0.10659713 0.23354033 0.36638304 0.66037155]
[0.15308742 0.08474301 0.11605363 0.01515949 0.81519444]
[0.03975672 0.27247613 0.55423843 0.53276174 0.53057878]
[0.13353426 0.08046183 0.16863847 0.06534393 0.68518078]
[0.12156594 0.14415301 0.07212995 0.61294124 0.63945356]
[0.01391721 0.0442175  0.11224716 0.50256785 0.80401307]
[0.01882639 0.02361606 0.14495093 0.17041057 0.8687385 ]
