[0.23688499 0.00158635 0.0028833  0.1268706  0.80947586]
[0.02865537 0.01024941 0.03469451 0.29723924 0.57763504]
[0.56298837 0.07277246 0.66164138 0.16084648 0.09840195]
[0.03003263 0.55685246 0.65921214 0.1821052  0.04796594]
[0.02074011 0.06025511 0.49195483 0.32014038 0.54862106]
[0.00407384 0.05115401 0.7183994  0.64336302 0.02352083]
[0.00093633 0.00079973 0.00840979 0.01241367 0.79291689]
[0.0994058  0.69893797 0.28754461 0.36848866 0.2131066 ]
[ 6.01363251e-04 -3.19054922e-04  3.84347735e-02  8.22457296e-01
  1.76666241e-01]
[0.00385443 0.00393787 0.56195498 0.02939978 0.56413896]
[0.16060207 0.38428241 0.00550583 0.04587509 0.63927126]
[0.14137834 0.33607611 0.00721891 0.70378193 0.26872061]
[0.03710878 0.01949687 0.00173633 0.31571652 0.68478326]
[ 0.11045498  0.18199526  0.32355795 -0.00090573  0.46252946]
[-1.34583098e-04 -5.72302776e-04 -4.19889033e-05  5.89923946e-02
  8.29738729e-01]
[0.0502109  0.14603941 0.27263405 0.43986583 0.49341818]
[0.55146211 0.81747894 0.01522201 0.28232314 0.09516351]
[0.17170614 0.04689824 0.31057969 0.23913575 0.55122629]
[6.82053864e-05 1.92062761e-03 9.18396100e-03 1.39041150e-02
 7.11363206e-01]
[0.11223077 0.12364931 0.73480252 0.37322729 0.11830676]
[0.04947666 0.04528349 0.60526447 0.42741852 0.44226172]
[0.26504277 0.42319605 0.61240419 0.16902304 0.08387991]
[0.10514112 0.03828714 0.18756896 0.26484321 0.53291802]
[0.37857766 0.82747998 0.0535063  0.15653067 0.42092774]
[0.05675104 0.46338802 0.25395315 0.11225847 0.48997543]
[0.01381543 0.00102592 0.02103983 0.63974591 0.50924942]
[0.61730686 0.00511386 0.00635124 0.34036062 0.49088424]
[0.04093389 0.0131181  0.11409971 0.68952307 0.40193061]
[0.00235976 0.0022175  0.51991043 0.04144056 0.54796448]
[0.00117586 0.0031898  0.47696728 0.30595776 0.56606695]
[ 2.14673524e-03  2.36393514e-03  1.77362857e-02 -4.00762151e-04
  7.23930008e-01]
[0.69709472 0.28552115 0.14535211 0.53122456 0.0320505 ]
[ 5.84882245e-04 -3.25305885e-04  3.76128459e-02  9.32319790e-01
  2.00200223e-01]
[0.13594414 0.2464443  0.95322131 0.07744032 0.00225377]
[0.02355708 0.01274259 0.78817862 0.47771876 0.03921495]
[0.01532166 0.00797988 0.00490885 0.26748766 0.68326471]
[0.12306408 0.07310134 0.15524442 0.00889379 0.59171406]
[0.56819069 0.10594312 0.36973431 0.58215998 0.05713344]
[ 4.30782827e-02 -2.10749063e-04  7.75292523e-04  2.52701984e-01
  8.11367193e-01]
[0.47374723 0.05486571 0.7248005  0.1065929  0.09793723]
[0.00178602 0.00365766 0.15039444 0.50094857 0.59136156]
[0.30198762 0.10279925 0.47271176 0.38990523 0.40246509]
[1.89392363e-01 4.13278506e-01 6.76391090e-01 4.56173704e-04
 4.23423262e-01]
[0.60356065 1.09519628 0.25834472 0.13551547 0.0350862 ]
[0.06755806 0.03528633 0.00592839 0.60820796 0.51851288]
[0.36852937 0.53609533 0.19871666 0.29882635 0.25732428]
[0.24135114 0.23391371 0.47920322 0.07560135 0.43113086]
[0.56512088 0.07305035 0.57641123 0.14852718 0.09093391]
[0.08979903 0.63144781 0.259798   0.33412237 0.27381447]
[0.02783643 0.13097373 0.56265016 0.25001527 0.50455851]
[0.00294407 0.1687637  0.34652735 0.53929608 0.30181867]
[0.03694642 0.96405696 0.23597874 0.1871229  0.04928326]
[0.00224285 0.00725578 0.20552158 0.11581703 0.6688637 ]
[ 0.02775855  0.04621473  0.04874151 -0.00181933  0.78309616]
[0.32478384 0.48094984 0.0912521  0.60582816 0.12249057]
[0.48725069 0.27371972 0.5991457  0.48073367 0.03198105]
[-2.65589943e-05 -4.49544086e-04 -4.76340166e-05  7.22212378e-02
  1.00935174e+00]
[0.35441846 0.36271964 0.06453923 0.11155081 0.55756523]
[0.13571842 0.24603459 0.95164044 0.03329787 0.00991834]
[0.09026353 0.07799546 0.04743408 0.19117995 0.57400227]
[0.0055173  0.05577787 0.00970085 0.00486542 0.64417561]
[0.11141891 0.01392923 0.46891013 0.64266032 0.09104224]
[0.39256244 0.338142   0.12083133 0.14707268 0.55093478]
[0.23086516 0.48424665 0.52421117 0.21177837 0.32748604]
[0.10602571 0.1256731  0.03193686 0.56542163 0.52914569]
[0.50632292 0.17813056 0.47667295 0.0370316  0.38669002]
[0.04843029 0.04613031 0.07295892 0.55076846 0.42674452]
[-1.08913553e-04  2.82254358e-03  7.50291846e-03  2.69424872e-01
  7.24328244e-01]
[0.02383444 0.15547789 0.56596978 0.33463376 0.38044544]
[0.16308797 0.37317282 0.00368906 0.08075112 0.63780819]
[0.00501769 0.06698973 0.09038698 0.07986995 0.56704911]
[0.01015904 0.01794213 0.00485833 0.29808974 0.62417153]
[0.18113589 0.34431318 0.50818766 0.48221374 0.28014738]
[0.00196547 0.12184543 0.18727469 0.68270364 0.28599861]
[0.16444695 0.41489068 0.49284784 0.48912559 0.18956279]
[0.00495761 0.00552514 0.00978167 0.00529731 0.73736499]
[0.39644898 0.71927619 0.63586411 0.31637513 0.0317399 ]
[0.01189321 0.01331005 0.58752055 0.03309615 0.54998319]
[0.00472551 0.00750085 0.14217886 0.47406947 0.55974507]
[0.0686837  0.10694451 0.46238173 0.68813205 0.16514301]
[7.52139281e-02 8.72326265e-05 8.79503167e-04 2.45133213e-01
 7.89619598e-01]
[0.38068962 0.00083995 0.6421608  0.3115896  0.37102421]
[3.10007563e-02 7.15324616e-04 8.42555131e-01 2.23014107e-01
 2.72349127e-01]
[0.41508252 0.46949963 0.2010615  0.4931475  0.40312692]
[0.17153602 0.41045863 0.005884   0.04914126 0.62942317]
[0.36653249 0.53326193 0.36941399 0.12596823 0.15492007]
[0.62591865 0.18089939 0.09139511 0.26533907 0.4552711 ]
[0.00387458 0.04872372 0.68466947 0.61196423 0.02929002]
[0.00791771 0.00854486 0.00410486 0.01684529 0.77534537]
[0.02122736 0.06715022 0.54509375 0.35492637 0.52075638]
[0.33902804 0.64543433 0.83821869 0.08201384 0.03340031]
[0.08114601 0.98870235 0.0783848  0.43642885 0.17910829]
[0.1057133  0.25124325 0.0053862  0.52261619 0.5037515 ]
[0.00163956 0.01295524 0.01665415 0.3231839  0.60017904]
[0.54330149 0.06660796 0.21485453 0.43079098 0.39348578]
[0.00783183 0.16916345 0.24866481 0.1423242  0.55498859]
[0.03150266 0.12616963 0.47057837 0.55297905 0.41575016]
[0.02109089 0.03385678 0.54937923 0.48881773 0.39025813]
[0.00967239 0.0685366  0.62415522 0.34579609 0.20479021]
[0.16773121 0.23778861 0.03811928 0.51249187 0.42987266]
[0.00196413 0.00608816 0.00610002 0.0330393  0.71170494]
[0.72300804 0.08925493 0.18667325 0.09418889 0.40769661]
[0.09237526 0.91691274 0.22462033 0.14787451 0.09527626]
[0.7054402  0.28894584 0.14709247 0.51771735 0.03200973]
[ 0.23543529  0.01051896  0.3960294  -0.00185932  0.5639199 ]
[0.1182884  0.21500372 0.8840454  0.00583117 0.02905051]
[0.00665719 0.09954079 0.75699482 0.50102743 0.01199958]
[0.77839685 0.07963007 0.30519261 0.23667358 0.18738489]
[0.03179875 0.02671751 0.62547061 0.56671934 0.01369459]
[0.2738909  0.45177554 0.80165754 0.00093329 0.12189   ]
[0.15820614 0.13810238 0.04680554 0.02423222 0.58531982]
[0.06979912 0.16689741 0.52061585 0.03087802 0.56930452]
[0.00264112 0.00067056 0.00951015 0.15097411 0.62655003]
[0.00490529 0.12689722 0.19516163 0.70715457 0.20884425]
[0.00632481 0.00720455 0.1824394  0.56336616 0.52215503]
[0.32349069 0.61584149 0.79982067 0.00168577 0.06862494]
[0.00385113 0.00556468 0.15724098 0.35911471 0.56956026]
[0.11950387 0.22850454 0.29134515 0.21635834 0.53580545]
[0.00328886 0.000615   0.1668635  0.38098821 0.60611563]
[0.00223206 0.0207575  0.5470822  0.48119551 0.49143603]
[0.68163117 0.67984357 0.21052757 0.19602164 0.2995505 ]
[0.41066293 0.0529232  0.40851699 0.67714528 0.09974009]
[0.54786788 0.07080214 0.64387523 0.24310928 0.09522184]
[0.00765677 0.00379354 0.25996644 0.58802954 0.22538792]
[0.0031709  0.00492482 0.10048628 0.47818218 0.55222632]
[0.03305946 0.43237692 0.57922639 0.20808265 0.26818747]
[0.37028413 0.84304199 0.20199584 0.25477668 0.29636437]
[6.81327427e-03 9.74658958e-03 3.30277049e-04 9.05066074e-01
 1.14336873e-01]
[8.93911875e-05 8.53674048e-03 1.07785567e-02 1.00349909e-02
 8.42718450e-01]
[0.00195716 0.00083449 0.00108317 0.70569917 0.2414339 ]
[9.39055828e-04 6.99206378e-04 8.99369766e-01 1.06852504e-02
 2.23469258e-01]
[0.00079885 0.05495912 0.20545514 0.6764888  0.28339955]
[0.10277412 0.12209427 0.06097465 0.52302106 0.54553732]
[0.0008069  0.00585188 0.57314261 0.01646235 0.57384238]
[0.18866589 0.41169232 0.67382778 0.01476438 0.42190781]
[0.05680668 0.01842001 0.15818146 0.67797114 0.40276022]
[0.09499301 1.15716803 0.09174192 0.20191448 0.18217667]
[0.02368495 0.04281188 0.14845756 0.13228495 0.621605  ]
[0.20386945 0.78328619 0.00586715 0.40223644 0.32169304]
[0.77610112 0.08256622 0.15276743 0.46044648 0.03020371]
[0.05452112 0.35501562 0.47950234 0.32441486 0.36888938]
[0.018525   0.03608144 0.00454743 0.82290457 0.17599415]
[0.00299453 0.02311167 0.00612155 0.3302102  0.61315001]
[0.27607958 0.11041142 0.04143086 0.5571367  0.46719915]
[0.13005926 0.19252348 0.8175667  0.07705772 0.09042622]
[0.00232221 0.02978999 0.57351477 0.54792689 0.37776784]
[0.02614506 0.04448453 0.01072799 0.77846442 0.00596504]
[0.36907203 0.70341045 0.43575127 0.03333116 0.45143386]
[0.02748131 0.1869053  0.38169535 0.49106128 0.42575961]
[0.38402754 0.54490374 0.08729641 0.14591755 0.45262133]
[0.03283501 0.25492321 0.86941548 0.0673138  0.00689384]
[0.2502626  0.25514254 0.04604464 0.26821642 0.49944663]
[0.00301149 0.17847789 0.31177807 0.52444464 0.32740619]
[0.27317216 0.15335243 0.47763812 0.39066715 0.40239436]
[0.16806696 0.30854613 0.40561    0.42029381 0.3512887 ]
[0.06115371 0.00439909 0.66334544 0.26346275 0.48566335]
[0.00700676 0.02148483 0.00522203 0.32031528 0.67040652]
[0.0675082  0.76146459 0.13739114 0.09270998 0.45890163]
[0.01805831 0.43669667 0.51855338 0.43504598 0.03820235]
[0.00251876 0.03218715 0.75245123 0.65141861 0.02427781]
[0.04762357 0.73451746 0.26216492 0.03623803 0.30439298]
[0.49885253 0.05086702 0.23031377 0.01837934 0.58677834]
[0.06968863 0.07750543 0.13615087 0.45947418 0.50726662]
[0.03284784 0.22535396 0.45520859 0.45105181 0.44413316]
[0.00385232 0.00393548 0.56165963 0.03968988 0.56449126]
[6.41124023e-04 5.88533531e-04 8.35600181e-01 2.30129293e-01
 2.70662975e-01]
[0.0638495  0.5196828  0.28046979 0.1476736  0.47175142]
[0.07414844 0.97588651 0.17014069 0.49615332 0.03001801]
[0.03926814 0.0325566  0.09285619 0.33290627 0.54334808]
[0.33385452 0.46710475 0.10169171 0.10195458 0.55275178]
[7.56714842e-04 4.24951745e-04 1.90475700e-01 1.68060769e-01
 6.57281017e-01]
[0.34802258 0.06033946 0.44281832 0.46337754 0.41824282]
[0.21140935 1.00416998 0.20377659 0.22975418 0.29267566]
[0.32489975 0.48490828 0.10068511 0.58877125 0.12094079]
[0.24326336 0.6470758  0.73930334 0.07845794 0.23052789]
[0.00094955 0.00228178 0.00336082 0.0567285  0.84228935]
[0.07180923 0.0140396  0.10478044 0.59866809 0.50487288]
[0.85735268 0.0891453  0.23343517 0.11425684 0.12728764]
[-1.50317952e-04 -5.89596515e-04 -4.76228426e-05  3.21744400e-02
  8.49203899e-01]
[ 0.0079219   0.01295603  0.06000757 -0.00106683  0.71761799]
[0.43231496 1.02809799 0.02051335 0.56859673 0.04643924]
[0.29128581 0.04039459 0.49448475 0.43965744 0.38225763]
[0.09065918 0.14515845 0.73740747 0.37455794 0.11715448]
[ 2.02368135e-04 -1.33927189e-04  2.12202999e-01  8.95664157e-02
  7.05604326e-01]
[0.39540762 0.00963389 0.01777547 0.46044667 0.49335262]
[0.00499835 0.01159837 0.00340192 0.33288219 0.61714474]
[0.61755841 0.13343871 0.08893753 0.2581507  0.45566862]
[0.3735803  0.44507275 0.2214654  0.51428512 0.35381289]
[0.1863715  0.05095203 0.33381189 0.25773355 0.4727109 ]
[0.00168993 0.25273073 0.51416781 0.33754281 0.30928237]
[0.00172183 0.0118876  0.00524756 0.72249485 0.00995496]
[0.00559039 0.31229585 0.84786702 0.19915837 0.06737783]
[0.00937471 0.58120214 0.00366088 0.69102615 0.20739113]
[0.24921964 0.00170072 0.03104951 0.60897155 0.47798713]
[0.10103333 1.00275134 0.24563971 0.14481441 0.09183746]
[0.06654076 0.02855117 0.76176386 0.15150911 0.42193798]
[0.20098639 0.00125347 0.00406644 0.16841832 0.78308688]
[2.92602852e-04 2.75941902e-04 1.85127540e-01 4.43158823e-02
 6.80204827e-01]
[0.47857515 0.00438578 0.42921095 0.3796366  0.33676652]
[0.06996459 0.05045947 0.06569324 1.02091392 0.00172113]
[0.00185335 0.00145701 0.42623797 0.37178406 0.56161559]
[0.38130018 0.33362454 0.45093748 0.31392939 0.41984025]
[0.00065509 0.05735239 0.05487313 0.24811814 0.54997089]
[0.10671087 0.11775326 0.69931208 0.35509816 0.1705687 ]
[5.08191784e-04 3.82950386e-02 5.94630644e-02 1.45503721e-01
 6.55543382e-01]
[0.25574266 0.17898889 0.03544113 0.45543553 0.40316675]
[0.45443302 0.17067693 0.54796741 0.32503169 0.16721161]
[0.17795741 0.18190787 0.03239401 0.3910366  0.54077097]
[0.43914144 0.06991137 0.18768604 0.56445385 0.33010253]
[0.01321655 0.13798465 0.65637576 0.06254188 0.30563562]
[0.09377485 0.44718751 0.60504536 0.31305581 0.17992851]
[0.01044845 0.01112816 0.36162321 0.18554909 0.59828091]
[0.19384252 0.17323923 0.10128812 0.58190655 0.22195827]
[0.00065219 0.06727223 0.13883494 0.23148258 0.58611083]
[0.00108953 0.00767758 0.00447587 0.27516203 0.73963863]
[0.00468501 0.03349893 0.28728004 0.14838537 0.58768736]
[0.4399456  0.76384466 0.14842691 0.32311692 0.1432327 ]
[0.01507601 0.18487973 0.02319869 0.42783214 0.55402385]
[0.31438073 0.47097857 0.00304678 0.09947318 0.61594585]
[0.60381342 0.60914841 0.06968929 0.20309666 0.29620599]
[0.09525006 0.18619286 0.7236875  0.44088857 0.11744189]
[0.0730606  0.01451    0.00129472 0.81794629 0.10030607]
[0.02762841 0.00504664 0.81674073 0.07970436 0.31446938]
[0.00161797 0.01280209 0.01705878 0.32751745 0.60817904]
[0.03343602 0.63760008 0.71623885 0.20158199 0.05432056]
[0.03355863 0.62193267 0.73617712 0.20817419 0.05482005]
[0.46841177 0.08183446 0.67860764 0.40647165 0.12682173]
[0.10079858 0.70872263 0.29156729 0.37362579 0.216078  ]
[0.16360094 0.39146181 0.00560955 0.04677091 0.65187219]
[0.04276523 0.05757396 0.00218555 0.59372513 0.72502484]
[ 1.21662313e-02  3.02181647e-01  4.43377356e-01 -4.44845514e-04
  5.58884347e-01]
[ 0.11429685  0.18901068  0.33561067 -0.00085937  0.47977121]
[0.59005076 0.09492812 0.38264252 0.27202867 0.47073807]
[0.50679076 0.87995089 0.17097844 0.29494818 0.16258293]
[0.0574714  0.46926009 0.25716771 0.11300127 0.49601154]
[0.00170669 0.03518361 0.03094298 0.01939578 0.72498807]
[0.00248989 0.00277814 0.02028187 0.0328407  0.75548152]
[0.01274655 0.03074279 0.82754366 0.49833404 0.30089942]
[0.20071811 0.07508042 0.24211531 0.03229734 0.61412472]
[0.59807052 0.11154491 0.38917484 0.6128783  0.06015849]
[0.50100699 0.04871589 0.76529767 0.11266832 0.1034317 ]
[0.00223781 0.00335311 0.15040737 0.50099184 0.59141246]
[0.06854084 0.03645153 0.00603475 0.61905843 0.52773784]
[0.7097997  0.1952637  0.62662335 0.30945383 0.10427283]
[0.42338659 0.29128967 0.66050595 0.18410084 0.09478082]
[0.64807941 0.08397659 0.66102165 0.1706428  0.12271477]
[0.11747343 0.63618795 0.26399129 0.33959153 0.2782566 ]
[0.00222543 0.008495   0.20565339 0.11591206 0.66940285]
[0.53211404 0.29896982 0.67800589 0.53648059 0.0357202 ]
[0.0660924  0.01770455 0.11970274 0.02344673 0.64771686]
[0.00580137 0.0585942  0.01444299 0.00537075 0.69060177]
[0.0232766  0.04189827 0.16350778 0.13959769 0.66938005]
[0.46663949 0.2600267  0.59864409 0.18331264 0.45057684]
[0.29069045 0.02315482 0.1950644  0.57074435 0.44424635]
[0.08002399 0.02919118 0.09444551 0.64305122 0.48729034]
[0.0668077  0.12704756 0.16583094 0.17059678 0.57017321]
[0.05237867 0.42774627 0.23649744 0.10375411 0.57855084]
[0.07522586 0.09644221 0.46998152 0.11779829 0.59637929]
[0.71957044 0.0588522  0.13334556 0.08840804 0.57589668]
[0.0396595  0.00457839 0.04674424 0.00684035 0.74394966]
[0.01615028 0.0359416  0.0301723  0.00881581 0.86863466]
[0.17181705 0.41113141 0.00589372 0.04922521 0.62983891]
[0.04537384 0.00392509 0.73336557 0.65892232 0.14365779]
[0.11927202 0.10241392 0.46650527 0.15182855 0.56850651]
[0.03454861 0.13858026 0.53378825 0.57858102 0.46700508]
[0.02762512 0.08029615 0.65395399 0.42844448 0.29465471]
[0.11483647 0.12248957 0.66538719 0.55154616 0.20793135]
[0.00379626 0.00485736 0.0836285  0.14124074 0.74745696]
[ 4.03404665e-02 -5.53195695e-04  7.86966082e-03  2.24633754e-01
  7.23370597e-01]
[0.17202648 0.31193591 0.94024976 0.0100319  0.03161947]
[0.04406799 0.08364583 0.95037657 0.52606142 0.03567258]
[0.32810251 0.63683718 0.45203704 0.42954115 0.1875567 ]
[0.01419505 0.17459891 0.68739443 0.62777557 0.02294301]
[0.33260665 0.47285875 0.78948237 0.61106439 0.02726456]
[0.10759545 0.1865714  0.62965666 0.61813047 0.15669554]
[0.01823679 0.22389464 0.65735111 0.61020794 0.19759625]
[0.19061692 0.16539927 0.06095286 0.02971926 0.61872606]
[0.18871977 0.1637485  0.10296757 0.03144726 0.65229609]
[0.38191748 0.06627277 0.16365039 0.07359807 0.60283302]
[0.37770106 0.42653021 0.05892403 0.02573939 0.60597595]
[0.04086642 0.3281911  0.07307091 0.18361865 0.62382232]
[0.02871649 0.30945032 0.09358938 0.04409847 0.67760734]
[0.16252346 0.1925381  0.01687126 0.20160963 0.63945664]
[0.00620339 0.00229529 0.02162914 0.32354788 0.64069423]
[0.04479717 0.00730019 0.0572232  0.20849566 0.72465365]
[0.01716116 0.01387606 0.02460696 0.21161551 0.72266468]
[0.03161364 0.00264246 0.01460689 0.19045672 0.78200832]
[0.0055126  0.00198022 0.01977835 0.34468284 0.68184611]
[0.063218   0.13757198 0.0341907  0.21829843 0.65457481]
[0.00983877 0.13312139 0.04941832 0.19616601 0.64903575]
[0.1439428  0.04676295 0.06327666 0.19425215 0.65357819]
[0.01048866 0.0068908  0.01846845 0.25387808 0.69579804]
[0.20228621 0.13584232 0.29140538 0.21643843 0.54094839]
[0.55205835 0.07134819 0.64879891 0.2434561  0.09590597]
[0.00082081 0.05517816 0.4159674  0.61040618 0.33834787]
[0.01196751 0.028121   0.27686061 0.64580757 0.31994117]
[0.01201792 0.30557662 0.47230414 0.62048583 0.23157173]
[0.00204397 0.15406169 0.3155708  0.59701489 0.49649071]
[0.00241674 0.14500276 0.40151513 0.59610715 0.41307082]
[1.14983044e-04 9.43789617e-03 1.18456772e-02 1.16865572e-02
 9.40014179e-01]
[0.08128715 0.31233893 0.03926185 0.71383324 0.31220479]
[0.16291136 0.07885637 0.10520877 0.71148057 0.29999802]
[0.143611   0.32449397 0.07791685 0.71523178 0.27271873]
[0.00498269 0.1288415  0.19813832 0.72241977 0.30266462]
[0.00778918 0.3426984  0.40804647 0.72209898 0.26906336]
[0.00337803 0.00310558 0.09299613 0.74807204 0.37208743]
[0.00098666 0.00704538 0.67897059 0.02373533 0.68085623]
[0.02733424 0.05171428 0.16824002 0.13488759 0.67706801]
[0.02457543 0.05691653 0.17649256 0.15992794 0.62440418]
[0.02913579 0.05514162 0.17926329 0.14587179 0.65370515]
[0.81892007 0.0871543  0.16119707 0.4699679  0.03160357]
[0.33385092 0.07694388 0.51055107 0.42128461 0.43471024]
[0.00299551 0.02311903 0.00612347 0.33031337 0.61334048]
[0.03680292 0.2856436  0.94784204 0.0769912  0.00813989]
[0.13487861 0.2445103  0.94575889 0.07681727 0.0313129 ]
[0.03398415 0.28000131 1.02584416 0.09455232 0.03250796]
[0.25247689 0.04348069 0.94537952 0.08267496 0.02357766]
[0.27307954 0.27937528 0.05032038 0.29329301 0.54580822]
[0.28070357 0.28718728 0.05172591 0.28490376 0.56355942]
[0.07032489 0.18244476 0.34005309 0.549434   0.42613237]
[0.00293832 0.18750111 0.3574538  0.6335068  0.3876724 ]
[0.00335005 0.1975329  0.34784822 0.55953945 0.35410102]
[0.0025761  0.19027717 0.39051639 0.61934828 0.3906354 ]
[0.10430089 0.15855906 0.33719625 0.54488464 0.41752868]
[0.13907319 0.11546173 0.3386118  0.54536045 0.4394074 ]
[0.1338385  0.12148068 0.44463987 0.55848596 0.37080255]
[0.47522207 0.45544903 0.20604816 0.10199432 0.48290698]
[0.45547568 0.72802147 0.17991566 0.14413459 0.48243815]
[0.01746991 0.4662171  0.55149684 0.46335039 0.04735677]
[0.17626041 0.44767683 0.52748134 0.52108994 0.20285807]
[0.13408643 0.31073624 0.66681934 0.46596589 0.24043461]
[0.23428603 0.3740471  0.54137738 0.52306573 0.09190027]
[0.14700781 0.47465855 0.87044689 0.57842607 0.0416163 ]
[0.31720588 0.60451899 0.37453516 0.03718824 0.3882376 ]
[0.48994594 0.56678109 0.28183825 0.03831342 0.32724027]
[0.45483228 0.46169605 0.56446239 0.29317457 0.32375055]
[0.50860936 0.53798699 0.33661608 0.07315207 0.33674467]
[0.29345325 0.55315691 0.34373788 0.06316988 0.35666099]
[0.39881325 0.37673348 0.59533666 0.15564762 0.41422453]
[0.28845456 0.60963773 0.57104975 0.24290357 0.31969   ]
[0.60693222 0.06212459 0.28021162 0.02282611 0.63958199]
[0.21580786 0.40304119 0.24795251 0.02412969 0.608022  ]
[0.03466881 0.23781606 0.48031655 0.47604609 0.46864977]
[0.08886918 0.16100043 0.62353258 0.04555116 0.5943421 ]
[0.00622705 0.03059189 0.89435766 0.23681998 0.2890731 ]
[0.0122694  0.03485793 0.91297298 0.24183136 0.28261074]
[0.27450274 0.38110837 0.29087092 0.1957749  0.48356355]
[0.39353837 0.68323795 0.13277053 0.63720615 0.16202513]
[0.25763167 0.68530457 0.78563073 0.08339845 0.24468199]
[0.43445656 0.63206389 0.23425898 0.11757576 0.16152326]
[0.41645099 0.60416223 0.25565745 0.20410612 0.16177638]
[0.35765782 0.7022147  0.44330081 0.15158957 0.18598272]
[-2.88934979e-05 -4.58415391e-04 -4.50539536e-06  7.22677695e-02
  1.00998351e+00]
[0.31472171 0.0023081  0.00262099 0.16854922 0.92925614]
[4.79187235e-04 9.21685708e-05 3.77710103e-03 6.44764466e-02
 9.05820860e-01]
[1.32926049e-01 6.22375303e-04 1.59480515e-03 5.83499656e-01
 9.25033498e-01]
[0.2200752  0.00143048 0.00181672 0.28141501 0.91564679]
[0.02321468 0.01229481 0.0088293  0.03574097 0.87360173]
[0.01841277 0.02694775 0.12033763 0.00784964 0.73427274]
[0.12569965 0.13878227 0.82356326 0.41856781 0.13264586]
[0.1554893  0.17223977 0.82717746 0.40138906 0.13313444]
[0.44516514 0.01092264 0.02186578 0.51875352 0.55558736]
[0.34899973 0.18445878 0.0307913  0.51770862 0.52270425]
[0.39381971 0.46919562 0.25638281 0.55132092 0.37976506]
[0.57242135 0.04559778 0.38403436 0.25880581 0.47784785]
[0.01850604 0.24836125 0.49567547 0.47689076 0.492807  ]
[0.22304209 0.20583979 0.42609909 0.38281778 0.47967179]
[0.34528174 0.00940561 0.58264407 0.40966551 0.36323649]
[0.34250495 0.00932509 0.5843245  0.40974396 0.36335576]
[0.30428624 0.0681573  0.52065503 0.47077109 0.40524298]
[0.32667945 0.07527875 0.53451559 0.43338169 0.4471411 ]
[0.33252505 0.07663602 0.54405299 0.42792627 0.45076488]
[0.14938009 0.35510908 0.00705751 0.73469477 0.28106223]
[0.00240144 0.01820544 0.01020188 0.85347589 0.5067173 ]
[0.00136567 0.01812331 0.09624872 0.96112235 0.02331146]
[0.0034275  0.02315458 0.01002715 0.74010131 0.01021022]
[0.01068849 0.00350682 0.02477731 0.87343058 0.18749235]
[0.14158808 0.02824301 0.20608099 0.72531196 0.29008847]
[0.03472705 0.05026524 0.09948017 0.72590722 0.38874141]
[0.19871436 0.36000511 0.00648095 0.85141987 0.02900993]
[0.05000961 0.0733333  0.06164001 0.72553586 0.16521195]
[0.09040979 0.1704376  0.104644   0.73867027 0.16130617]
[0.58367265 0.02205234 0.02389096 0.69135931 0.40201707]
[0.44565584 0.67650449 0.63809824 0.31589431 0.09814645]
[0.4460315  0.67707504 0.64192864 0.30548452 0.09811781]
[4.90863277e-04 2.35877341e-04 2.02975450e-01 8.55798209e-02
 7.86620464e-01]
[0.01173278 0.02195584 0.21464125 0.11490899 0.74860456]
[0.33766091 0.27051181 0.4718257  0.40028206 0.39056015]
[0.0043761  0.02880793 0.64554386 0.57375258 0.56753512]
[0.02725845 0.02976416 0.1794232  0.48144935 0.55405393]
[0.04497884 0.03875219 0.06095416 0.27582519 0.6109029 ]
[0.1261403  0.1056173  0.17351622 0.28123488 0.5652484 ]
[0.24590313 0.34395133 0.07490105 0.27568652 0.5950273 ]
[0.21597552 0.3697932  0.08754526 0.25609101 0.58435043]
[0.24121685 0.0416431  0.10336733 0.31425924 0.5997581 ]
[0.04082374 0.17094385 0.30799461 0.4910288  0.55282665]
[0.1234545  0.10693712 0.17064088 0.27741355 0.56659827]
[0.25201818 0.05616792 0.08090928 0.31383741 0.56778671]
[0.11207529 0.7456822  0.16936984 0.2839876  0.56570521]
[0.05733625 0.37925342 0.16008973 0.25753217 0.58610894]
[0.10558444 0.05493939 0.19668122 0.27806336 0.57296782]
[0.04790321 0.03692612 0.15088732 0.18455534 0.67781835]
[0.09219286 0.23407173 0.10536423 0.18332107 0.66742995]
[0.19219445 0.27252351 0.04368124 0.50609837 0.43891085]
[0.49019324 0.08924374 0.31879594 0.50167134 0.48272451]
[0.0506792  0.43782808 0.16582446 0.5053406  0.42372611]
[0.46644721 0.50066628 0.59483632 0.4172249  0.19348724]
[0.15187036 0.21526809 0.05125352 0.40507342 0.54425141]
[0.25904801 0.08413737 0.7186267  0.18135681 0.45565603]
[0.01560422 0.16270437 0.78078895 0.07478198 0.36720326]
[0.25333227 0.09180017 0.75086672 0.10533412 0.4647049 ]
[0.04340586 0.1728397  0.74959799 0.2393007  0.56591225]
[0.25311675 0.09172161 0.74596855 0.17933112 0.46949799]
[0.14176509 0.24839587 0.86982335 0.0725358  0.3091604 ]
[0.07142328 0.20872818 0.68486335 0.21700051 0.33816687]
[0.41251569 0.11984099 0.63606668 0.33515595 0.33678319]
[0.45287177 0.04967994 0.67696664 0.44912846 0.26193209]
[0.39206445 0.22535608 0.20169297 0.66069464 0.22794914]
[0.34361955 0.04191015 0.14515182 0.58452857 0.38377349]
[0.20579411 0.31939044 0.38215788 0.62270731 0.30700482]
[0.45435685 0.07895329 0.19438011 0.58623067 0.35492296]
[0.00109843 0.00777146 0.00452663 0.27826902 0.74793005]
[0.02662351 0.02415735 0.32662871 0.17114829 0.63014448]
[0.51119881 0.80917708 0.16190384 0.35736722 0.15775256]
[0.47300717 0.82127073 0.15958088 0.63524451 0.18025748]
[0.01658741 0.2032677  0.02550383 0.4476515  0.58311257]
[0.10846655 0.12887944 0.06434934 0.55206099 0.57572594]
[0.15082796 0.2637948  0.74624274 0.46339013 0.15974536]
[0.050144   0.06757356 0.00257057 0.94456625 0.10875993]
[0.18247256 0.30123548 0.37283524 0.09849499 0.61001309]
[0.23645567 0.62896305 0.80906321 0.1584532  0.24577548]
[0.01821598 0.02810942 0.09468999 0.86516475 0.18040986]
[0.33137244 0.04148603 0.48102502 0.1436253  0.48183588]
[0.01177459 0.01350277 0.42072933 0.96420314 0.2578706 ]
[0.15761981 0.1683252  0.03870642 0.09893224 0.79489096]
[0.2990839  0.0628843  0.04284256 0.7527925  0.15446304]
[0.0106876  0.01600011 0.44497216 1.01987811 0.16581124]
[0.06796614 0.0765262  0.03155456 0.75860646 0.40147561]
[0.03266049 0.02973811 0.40023415 0.76820771 0.03220674]
[0.11198547 0.28436226 0.35277767 0.72629523 0.2038044 ]
[0.30693271 0.58493148 0.36241004 0.1609091  0.38582149]
[0.08169186 0.05503576 0.04373179 0.78071297 0.2603099 ]
[0.06110316 0.06194312 0.38583304 0.8681735  0.13333393]
[0.0616412  0.5032505  0.27680635 0.31543901 0.53830056]
[0.20261128 0.96115521 0.49761072 0.48854566 0.03196643]
[0.29264548 0.4876894  0.60565586 0.51983331 0.18181451]
[0.10264243 0.08427178 0.21563872 0.33965633 0.57628314]
[0.04989457 0.06323931 0.41702184 0.71365958 0.49251273]
[0.01082895 0.16408374 0.43527906 0.05647529 0.66669602]
[0.75695762 0.42551681 0.16575898 0.48332442 0.03250919]
[0.02181832 0.32806177 0.66003475 0.10151099 0.48233104]
[0.00420089 0.05270356 0.76096117 0.68379578 0.1453963 ]
[0.03659372 0.0738351  0.05220539 0.77658555 0.16586348]
[0.15182885 0.22480856 0.95424281 0.07725069 0.10590676]
[0.25664952 0.6276635  0.2811987  0.16178561 0.52642883]
