[0.08203959 0.5016952  0.14331776 0.25891745 0.41772148]
[0.53222329 0.00342392 0.00297116 0.28013462 0.40676583]
[0.36509055 0.04698474 0.11884084 0.48294413 0.31510581]
[ 0.00567221  0.00903253  0.22057636 -0.00140894  0.52942648]
[ 0.12299596  0.0730606   0.15515857 -0.00084556  0.5905456 ]
[5.35130762e-04 1.57295179e-02 2.85410461e-01 6.65569225e-01
 1.03816254e-01]
[0.02555306 0.40636845 0.03927806 0.63888036 0.08614599]
[0.02727164 0.0491972  0.50235351 0.534544   0.00064076]
[-1.60733918e-04  1.53883176e-04  8.17180495e-02  6.39797888e-01
  3.38972639e-01]
[-1.60615810e-04  7.22941980e-04  3.14934789e-01  2.67515027e-01
  5.03112579e-01]
[ 0.03905889  0.26790366  0.39806725 -0.00061913  0.42960397]
[0.08333219 0.12073279 0.63627482 0.17955444 0.03250181]
[-6.56653733e-05  9.11370908e-04  2.05967532e-01  5.68506303e-01
  3.81579798e-01]
[0.01617458 0.05306403 0.01561852 0.28278546 0.53254515]
[ 0.04320905  0.69660905  0.63884264 -0.00210891  0.05002703]
[0.14585151 0.47615777 0.14212345 0.01708706 0.4508953 ]
[0.00093437 0.00739564 0.00333384 0.43851997 0.45838363]
[0.05465265 0.11872747 0.18634724 0.02918653 0.55543675]
[0.36287289 0.78019093 0.00256094 0.00237739 0.08797645]
[0.00137142 0.00202857 0.72622846 0.00682971 0.03663973]
[3.84302821e-04 6.67299804e-01 7.18422458e-02 5.72686249e-01
 1.23282186e-01]
[0.15747647 0.26054897 0.60041434 0.03431119 0.23262409]
[0.7441446  0.00758708 0.01567161 0.27799431 0.0055924 ]
[0.00088644 0.00065178 0.42630211 0.61706156 0.34523228]
[0.09716567 0.64600003 0.26722671 0.34268888 0.00081718]
[0.06826096 0.01331039 0.20693909 0.26864895 0.53068428]
[0.02993583 0.59471382 0.14550125 0.41694337 0.37107717]
[0.01732958 0.28292961 0.06039978 0.57263048 0.34350248]
[0.41422815 0.7809361  0.00264703 0.07527117 0.08181667]
[0.06239683 0.01265977 0.00109923 0.69276056 0.31672745]
[-1.64766924e-04 -1.60484770e-04  8.93495512e-04  6.52167975e-01
  3.50770508e-01]
[ 5.82444406e-02  3.99224255e-01  4.95920586e-01 -1.47827255e-04
  3.54509391e-01]
[0.68492881 0.06009673 0.2965567  0.21303306 0.08018676]
[0.01847316 0.44680981 0.59505444 0.29568331 0.01273898]
[0.05953091 0.1392251  0.23282397 0.39581384 0.44352349]
[ 4.08104623e-02 -4.52242798e-04  6.79057498e-01  2.75297313e-01
  5.53463429e-03]
[ 1.84045108e-05 -3.98011521e-04  4.25911596e-05 -1.73737798e-03
  8.06875811e-01]
[0.17133621 0.28302753 0.45764479 0.37232844 0.14222817]
[0.54264651 0.04723046 0.00873206 0.61447467 0.05052426]
[0.24156346 0.26861908 0.5750004  0.16801686 0.15227367]
[0.2502626  0.25514254 0.04604464 0.26821642 0.49944663]
[-4.92953489e-05  2.42692972e-03  5.95335623e-01  4.80662692e-01
  8.94739979e-02]
[0.10713491 0.13718767 0.24192036 0.63523317 0.07092771]
[0.03162891 0.06013598 0.16805543 0.67025843 0.09318308]
[ 0.82249514  0.11756472  0.00948218 -0.00196394  0.02665922]
[0.00271787 0.0646443  0.00123724 0.67252728 0.14491134]
[0.63470973 0.00638163 0.25971984 0.02329478 0.19845224]
[0.00421462 0.19651722 0.66736445 0.39595128 0.00604502]
[0.68757362 0.1464755  0.01773841 0.13754813 0.30548817]
[0.02011731 0.45775611 0.00902089 0.56089713 0.13302521]
[0.30828954 0.04744035 0.62472285 0.11376066 0.09740475]
[0.00422783 0.04280787 0.38809204 0.66084837 0.00068248]
[0.00141911 0.6314332  0.25594939 0.456503   0.26612496]
[0.00140527 0.00096959 0.08902138 0.87598221 0.00142001]
[0.10586638 0.17135321 0.30644066 0.17588468 0.50394451]
[0.18220689 0.23719814 0.03928239 0.39414593 0.44206111]
[0.60181487 0.52663723 0.18239891 0.01296961 0.00229238]
[0.41622751 0.01191316 0.37646746 0.26684633 0.35642895]
[ 0.00435058  0.03408716  0.0010753  -0.00182871  0.61373743]
[0.02997764 0.90967066 0.13541959 0.00960935 0.06823429]
[0.00064266 0.24281328 0.02656627 0.55382256 0.37175076]
[ 0.09702485  0.7182916   0.36909353 -0.0016038   0.04482851]
[0.00501769 0.06698973 0.09038698 0.07986995 0.56704911]
[0.00709049 0.02470918 0.66147445 0.39038072 0.09395037]
[6.15893492e-04 2.91210153e-03 6.57723692e-04 9.11766346e-01
 1.04771619e-01]
[0.00120489 0.00253702 0.67110425 0.03575986 0.15552678]
[0.7977445  0.02316056 0.19439414 0.31510824 0.00225082]
[0.0043881  0.76605504 0.13173408 0.09894825 0.30544275]
[0.00274335 0.03986069 0.59362458 0.4776788  0.00332557]
[0.33705504 0.04302793 0.30134352 0.58132831 0.03739269]
[0.33328088 0.29005536 0.09416943 0.53278342 0.22994609]
[-1.64111001e-04 -5.47996402e-04  1.03742690e-03  6.65205840e-02
  6.55027317e-01]
[0.39507595 0.65519885 0.00341991 0.54682579 0.07935177]
[0.07587813 0.12005283 0.64093872 0.18059575 0.0821534 ]
[0.03192121 0.10501094 0.14808233 0.09751007 0.56684999]
[ 0.11377067  0.18746841  0.32093715 -0.0011614   0.46119389]
[-8.59044066e-05 -2.53569865e-05  6.33917092e-02  4.95929109e-01
  4.59673281e-01]
[0.1307446  0.24891037 0.31813386 0.08308991 0.49952112]
[0.16350515 0.09308504 0.40607733 0.10570204 0.46558996]
[0.03325443 0.06005631 0.634446   0.53019862 0.00077659]
[0.10788668 0.19852715 0.25617044 0.57788389 0.07276269]
[ 7.84709117e-03  3.29507529e-03  6.95936941e-01 -1.81357453e-04
  2.86798090e-01]
[0.01770638 0.24057012 0.32069119 0.29148689 0.40205891]
[0.4433186  0.17260793 0.42153229 0.02967418 0.34300835]
[0.10841098 0.02140803 0.31664045 0.41446845 0.40254033]
[0.56029531 0.04905262 0.24259702 0.32745973 0.26836405]
[0.05833999 0.54893066 0.02404281 0.4694446  0.2977758 ]
[0.22801969 0.31254037 0.22170748 0.53951539 0.15226495]
[0.0988478  0.17961846 0.73895325 0.00452128 0.02421603]
[0.00571409 0.01871254 0.00570438 0.28345621 0.52683935]
[0.10234406 0.71265408 0.25700065 0.00220937 0.30003813]
[0.00401021 0.0015117  0.15503153 0.6740568  0.13163557]
[0.0580914  0.80648475 0.19696209 0.00135318 0.28271716]
[0.00279876 0.22131375 0.45362013 0.00205725 0.36354717]
[6.56673175e-02 4.73302605e-02 6.08858591e-02 9.29586602e-01
 6.79136827e-04]
[0.07527452 0.08492042 0.01304416 0.48102096 0.45488583]
[0.02227204 0.02474673 0.49118381 0.45823954 0.14308962]
[0.24828885 0.48607071 0.15759939 0.03597051 0.38388215]
[0.00177352 0.15465976 0.32622658 0.51518561 0.3250969 ]
[0.18328541 0.29546701 0.67663311 0.00343594 0.00560015]
[-1.70395582e-04 -6.11777547e-04  8.28732183e-04  1.27079025e-01
  6.34760828e-01]
[-1.66249582e-04 -6.11664068e-04  1.72374657e-01  7.16836881e-02
  5.78411857e-01]
[0.53165782 0.06512639 0.41155881 0.43098027 0.02688516]
[ 0.37183096  0.01696272  0.62532847 -0.00169075  0.33164628]
[0.0071804  0.00948169 0.16083128 0.64736218 0.28198202]
[0.10154984 0.23139468 0.50597046 0.31430913 0.26002097]
[0.11955891 0.29854272 0.05432432 0.67349697 0.01261387]
[0.00058479 0.29931163 0.28637305 0.09386017 0.49810318]
[0.03779691 0.20253095 0.69912373 0.0623362  0.00546934]
[0.04157523 0.41996579 0.50127742 0.42263492 0.02625447]
[0.00362866 0.00491437 0.41043477 0.20888205 0.43715541]
[0.00385969 0.00525555 0.04831226 0.00512685 0.62289137]
[-2.26646783e-05 -4.37598265e-04  3.95361574e-01  3.78431454e-01
  4.83347685e-01]
[0.10286701 0.2335879  0.00269001 0.26492779 0.53286878]
[0.17437254 0.02195714 0.26528958 0.68654401 0.05637387]
[0.04484661 0.64056163 0.24988627 0.2395769  0.25649132]
[0.00996131 0.07054188 0.67634645 0.02215115 0.19461119]
[0.19227627 0.73874651 0.00553067 0.00466527 0.26077943]
[0.10189837 0.40151616 0.1515911  0.53239971 0.19942907]
[0.00387328 0.0007018  0.58285039 0.51594389 0.00309933]
[0.21314786 0.00107245 0.53888347 0.0301662  0.30287163]
[-1.62625127e-04 -1.65177152e-04  5.35953251e-01  2.40909045e-03
  4.01596771e-01]
[2.91606245e-04 9.82687691e-03 3.50420111e-01 5.31248632e-01
 1.25466371e-01]
[0.04270816 0.40228989 0.01864819 0.54026984 0.28717187]
[ 0.17102384  0.41352204  0.004665   -0.00089622  0.46606763]
[0.20002442 0.00201419 0.06231632 0.51129933 0.44905795]
[0.07989998 0.02477683 0.40063801 0.52043744 0.29120422]
[ 0.00107893  0.00145785  0.45073935 -0.00194792  0.45179821]
[3.70334887e-02 8.38893235e-02 1.71545932e-04 6.12654832e-01
 3.50281408e-01]
[0.01841598 0.06721334 0.09465692 0.1632439  0.56317975]
[0.04859411 0.11413134 0.39973881 0.28881298 0.41538824]
[0.04117906 0.03416371 0.10006295 0.34861994 0.51365096]
[0.21922084 0.0304141  0.47415274 0.44920345 0.27851261]
[0.00252722 0.15893775 0.07865483 0.21975903 0.54147337]
[0.05897532 0.06747832 0.1264478  0.55718801 0.33875147]
[0.00195716 0.00083449 0.00108317 0.70569917 0.2414339 ]
[0.20373029 0.47109176 0.56439318 0.13938658 0.06891098]
[0.0386521  0.08132673 0.28189999 0.60640735 0.20777896]
[0.00669076 0.00318538 0.25845101 0.58979452 0.2233961 ]
[0.02330888 0.73286207 0.4109586  0.1290487  0.08828317]
[0.02652625 0.02445267 0.15525038 0.36897489 0.48417232]
[0.02212491 0.02481962 0.52009389 0.28668552 0.31759673]
[0.04524881 0.88105525 0.00959584 0.41725391 0.00394854]
[0.01328893 0.77105553 0.03842496 0.12870193 0.34956171]
[0.21763477 0.50224288 0.04280426 0.15805792 0.43429256]
[0.08499133 0.30128794 0.08924335 0.00993206 0.51424505]
[0.00642292 0.49219527 0.27573086 0.00205364 0.36572453]
[1.67754452e-02 3.90656063e-02 3.57373805e-01 6.22581785e-01
 6.13653881e-04]
[ 0.24019628  0.2664498   0.61928965 -0.00213914  0.10354004]
[0.35425508 0.20228071 0.24316008 0.10568244 0.46872731]
[0.01250266 0.28571561 0.00181927 0.64576558 0.13651645]
[0.19861186 0.17751294 0.09987483 0.59262404 0.21624217]
[1.17510018e-01 4.02451849e-01 2.16334109e-01 3.35371768e-04
 5.50031554e-01]
[2.45471761e-04 2.28939308e-01 4.45201662e-01 6.46716928e-02
 3.64815334e-01]
[0.03723927 0.3942238  0.47033362 0.49933749 0.03779308]
[0.0503538  0.74099461 0.07009225 0.4022052  0.00413895]
[0.24660418 0.08270971 0.2313405  0.49329009 0.33925303]
[0.07792818 0.58115655 0.21322621 0.45161287 0.04415693]
[0.18548922 0.18906303 0.00262363 0.00609382 0.59917165]
[ 7.45237214e-02  3.03698765e-02  1.83526820e-01 -7.52233713e-05
  5.84920096e-01]
[0.00221385 0.00104361 0.34988666 0.19619056 0.51961581]
[0.63987246 0.00523349 0.26182838 0.02228217 0.17173232]
[0.11027751 0.15854785 0.61340107 0.19421248 0.20748447]
[0.60558812 0.07001411 0.19179129 0.37608561 0.02439164]
[-1.61481818e-04 -4.02577712e-04  8.71793084e-03  8.67428120e-01
  1.86122126e-01]
[0.22629997 0.36666615 0.4731997  0.30020335 0.23125675]
[2.14620831e-06 6.06764251e-03 1.00237135e-01 4.76991877e-01
 5.50856846e-01]
[1.17953922e-01 2.31300198e-01 6.42242929e-01 2.69850681e-01
 6.23970412e-04]
[0.02869822 0.09180805 0.12995285 0.12844615 0.56617732]
[0.04122314 0.95203638 0.01543848 0.16208622 0.01259857]
[0.0373411  0.74528726 0.0253917  0.26065637 0.30685106]
[0.02730182 0.21319984 0.65829799 0.43754554 0.01478521]
[0.01631202 0.5160778  0.00324654 0.61581542 0.18438292]
[ 0.18757693  0.41989935  0.62873047 -0.00193714  0.0117635 ]
[ 7.95227159e-02  7.89532103e-01  9.92885004e-02 -4.43413302e-04
  1.34631042e-01]
[0.0207833  0.48162558 0.00778799 0.69962987 0.01256064]
[0.04268958 0.07922095 0.00457489 0.70701181 0.00146815]
[ 0.00813913  0.20785864  0.33946032 -0.00087465  0.47408864]
[0.07218431 0.73572148 0.08096409 0.01360591 0.39073383]
[ 8.38403838e-01  4.79471040e-02  3.44501688e-01 -7.42245283e-04
  1.00841712e-01]
[7.85320642e-03 8.03924670e-01 3.13806092e-01 2.33046741e-01
 3.07552400e-04]
[0.29590047 0.08453888 0.01275941 0.41478906 0.41863199]
[0.06369739 0.83695937 0.1903153  0.17757315 0.13098406]
[0.00182415 0.87464101 0.04881405 0.11847599 0.17499235]
[-1.33904467e-04 -5.41774749e-04  7.19796839e-03  1.66007156e-01
  5.89153692e-01]
[0.17521722 0.2539836  0.30612415 0.52178651 0.12984302]
[0.00084137 0.13717371 0.27961564 0.25344515 0.4779749 ]
[0.55175932 0.04829622 0.25357401 0.32610895 0.26726259]
[0.05472453 0.71790853 0.4818864  0.15248453 0.01951429]
[0.00168993 0.25273073 0.51416781 0.33754281 0.30928237]
[0.00684482 0.63612311 0.24834782 0.3384976  0.35262092]
[0.0130942  0.02066466 0.70743623 0.00944364 0.00416613]
[1.54523843e-03 6.81586311e-01 2.76263470e-01 4.92897410e-01
 1.60117665e-04]
[0.23484617 0.4971072  0.02246343 0.00531903 0.39221282]
[0.02468301 0.05758053 0.2402727  0.42272285 0.41390397]
[4.08437677e-04 3.19682990e-02 5.66739552e-02 1.83047965e-01
 5.79325513e-01]
[0.05059506 0.35602937 0.14085088 0.19071359 0.50933341]
[0.00096474 0.00333782 0.6812793  0.40469294 0.01517507]
[0.67712165 0.0056685  0.00215383 0.16037911 0.4792114 ]
[0.09044207 0.0760594  0.16144138 0.62112242 0.23031304]
[0.01196596 0.09136065 0.38169554 0.09476925 0.52068985]
[0.19745343 0.37486993 0.55669231 0.12465395 0.23028397]
[0.00268343 0.19977587 0.18983638 0.07229914 0.54645148]
[0.01435289 0.3479287  0.46353403 0.31354088 0.35659252]
[0.12500075 0.23654862 0.34977085 0.55689433 0.24969734]
[0.15859098 0.17620856 0.37761904 0.52710065 0.13433667]
[3.72443895e-04 2.99756985e-03 9.72189280e-04 5.14146525e-01
 4.09279528e-01]
[-1.67466326e-04 -6.11728740e-04  1.22007964e-01  5.00779526e-02
  6.62552448e-01]
[0.00939975 0.09846903 0.58799335 0.06212859 0.27259269]
[1.10461389e-01 8.54637243e-01 3.37105306e-01 6.03482037e-02
 3.27016393e-04]
[0.00540236 0.44004144 0.42236389 0.17901269 0.31035768]
[1.53590944e-05 9.49131377e-03 2.73083607e-01 5.87701963e-01
 3.01872415e-01]
[0.14946806 0.12982703 0.14185244 0.29861721 0.52296031]
[4.40961360e-02 8.75942981e-01 7.85910960e-04 3.97752477e-02
 3.41887889e-01]
[5.29537414e-02 4.77916483e-01 1.09191014e-01 6.97373476e-01
 1.47658110e-04]
[0.10867508 0.88665095 0.15068567 0.18270408 0.00256067]
[0.19914024 0.27847185 0.06065672 0.22288741 0.48181035]
[0.285167   0.41358838 0.49806648 0.0877456  0.14899293]
[ 8.57543426e-04 -6.04536751e-04  4.22733467e-02  6.53685495e-01
  1.99668787e-01]
[0.00804887 0.87505317 0.00857467 0.0968413  0.42093278]
[2.29042929e-04 4.64628917e-03 6.96509372e-01 1.53796019e-02
 3.89392442e-01]
[0.04714135 0.35182079 0.13156567 0.27358863 0.48492406]
[0.01455087 0.00770227 0.54058268 0.35575053 0.22891716]
[0.01946787 0.23731775 0.06729561 0.57635177 0.22049545]
[0.11698286 0.10436687 0.06114037 0.35172192 0.49090597]
[0.01357759 0.0114296  0.18793847 0.0239438  0.57891672]
[0.00134327 0.00194918 0.70700006 0.00119558 0.16106401]
[0.61219635 0.00495444 0.09986288 0.24763898 0.19307769]
[0.24908929 0.26067876 0.53243626 0.30886096 0.01128113]
[-1.65663941e-04  1.54413016e-04  2.56509800e-01  1.33590030e-01
  5.53756609e-01]
[-1.27234366e-04  2.77770791e-03  2.30627778e-03  7.35496244e-01
  1.11948201e-03]
[0.00817057 0.58506443 0.55778361 0.21608391 0.07297781]
[0.00420395 0.3065416  0.01793581 0.07257708 0.548493  ]
[0.10567165 0.2408946  0.48024489 0.42859228 0.09455696]
[0.05516454 0.28376348 0.59427729 0.53271929 0.00112409]
[0.09112421 0.18312739 0.03055099 0.02203402 0.55405703]
[0.08010963 0.53315042 0.1519047  0.20654812 0.42548887]
[0.2039108  0.20494006 0.47545014 0.3679857  0.24444899]
[ 0.019167    0.0466587   0.51884762 -0.00212524  0.4888964 ]
[0.00579486 0.42991959 0.00549146 0.61586271 0.17368926]
[0.11889032 0.27094534 0.59223371 0.19591613 0.12400886]
[5.02916921e-04 9.10829608e-02 1.88639065e-01 6.29020281e-01
 3.06265888e-01]
[0.00367692 0.00373746 0.30752559 0.01923292 0.52139997]
[3.98148625e-04 5.89282694e-05 4.97233259e-01 1.65838489e-01
 3.98868643e-01]
[0.38785659 0.06753932 0.56191329 0.33621007 0.10494493]
[0.03082085 0.34578663 0.70373243 0.00629795 0.19009183]
[-2.23315622e-05  5.33009294e-04  7.02891898e-01  5.39771765e-02
  3.93245377e-04]
[0.05346418 0.45196735 0.15232411 0.09740732 0.50441912]
[-1.28883454e-04 -3.17235561e-04  4.89019568e-01  2.90362624e-01
  4.45268020e-01]
[0.00957856 0.70285762 0.00985788 0.45536704 0.26546483]
[0.27368493 0.39692084 0.47802192 0.17943849 0.14726949]
[0.09477214 0.57949173 0.16552309 0.09899275 0.42291397]
[0.12725699 0.29242185 0.6340643  0.21073708 0.003131  ]
[0.04753582 0.83708317 0.19041278 0.04181766 0.01326717]
[ 3.20357509e-05 -3.68687722e-04  5.64210144e-01  4.34388359e-01
  3.29454187e-01]
[2.01702530e-04 1.07235275e-01 2.08870511e-01 7.29871591e-01
 6.75103331e-04]
[0.31188007 0.05401271 0.40137845 0.40341639 0.36688181]
[0.21997128 0.13318825 0.15296582 0.06569348 0.53597363]
[0.29288123 0.43573919 0.09384904 0.54831281 0.11104291]
[0.08309495 0.00423205 0.11601396 0.40123852 0.44072258]
[3.53679472e-01 6.94097097e-01 1.81803390e-01 2.70334328e-01
 6.25804936e-04]
[0.03186201 0.37941908 0.50876613 0.26599234 0.14058084]
[0.16215972 0.30695328 0.45362192 0.42703054 0.24824983]
[0.42059533 0.64504596 0.46813077 0.04318029 0.00681429]
[0.00423855 0.00991984 0.68353939 0.08537278 0.12462616]
[0.02944008 0.60305119 0.55233677 0.25552899 0.02971627]
[0.02048076 0.47454653 0.05506367 0.60927341 0.00917405]
[ 1.49570106e-02 -4.45144560e-04  6.22862674e-01  2.25957116e-02
  1.92988856e-01]
[0.004641   0.00484337 0.5735383  0.16059782 0.34560323]
[0.13058832 0.11655845 0.0682472  0.31991479 0.51331935]
[0.00621882 0.15968183 0.26099951 0.2347509  0.46928242]
[-1.69817067e-04 -6.11009212e-04  7.55457240e-04  4.02363444e-02
  7.60811000e-01]
[ 0.07609894  0.16767981  0.31387112 -0.00192505  0.6186134 ]
[ 0.20292815  0.0836295   0.49911649 -0.00068497  0.40003317]
[0.00675429 0.00318611 0.26039179 0.58893024 0.22340246]
[0.00365011 0.05090815 0.46929151 0.3659207  0.38225698]
[0.00076454 0.00419311 0.42170879 0.49809468 0.42256837]
[0.14066022 0.88791756 0.00696473 0.32803982 0.02861928]
[0.1026258  0.23303962 0.00707555 0.26442952 0.53423926]
[0.00721373 0.94634241 0.10966447 0.01369179 0.01003836]
[0.22802575 0.43432684 0.55457549 0.14606539 0.07465778]
[0.00200923 0.16602238 0.16572459 0.28485679 0.49344596]
[ 0.12732647  0.43607386  0.23438444 -0.0018834   0.59593657]
[0.48668689 0.108881   0.02738958 0.32640803 0.38710459]
[0.01304701 0.45909393 0.04794768 0.6770828  0.08189119]
[0.0584006  0.38628411 0.62900128 0.13035515 0.0100523 ]
[0.16253832 0.25944088 0.46495806 0.26806211 0.31934005]
[0.10131543 0.66624328 0.01930438 0.31879489 0.36253402]
[0.26122898 0.87791858 0.00154771 0.02665959 0.10655706]
[0.32185831 0.40695272 0.51751444 0.19494872 0.06766868]
[0.00415814 0.00660584 0.51143768 0.44179093 0.14391868]
[ 8.43505620e-01  4.82425302e-02  3.33589409e-01 -7.42322893e-04
  1.00836132e-01]
[0.01276016 0.01363275 0.00116936 0.00481622 0.72798234]
[ 1.00802778e-07 -4.07322985e-04  4.60375528e-01  2.73231482e-01
  4.21991083e-01]
[-1.46933897e-04  3.01889722e-03  6.17232287e-01  3.69076917e-01
  3.14651089e-01]
[0.0334619  0.01675812 0.53062083 0.34078273 0.18050517]
[0.01643903 0.39318421 0.46696383 0.50398182 0.03778789]
[-1.10290701e-04 -4.41995297e-04  1.58416037e-02  4.93189176e-01
  4.87455187e-01]
[0.00065354 0.05653424 0.05409802 0.24458648 0.54220424]
[0.01090571 0.00132415 0.87023013 0.0383657  0.0247658 ]
[0.18995255 0.00837022 0.31956692 0.13124679 0.48344306]
[0.02933846 0.0246143  0.55334428 0.50120337 0.01207044]
[-1.56431201e-04 -5.98264044e-04  3.40192196e-02  5.13631597e-01
  4.77009574e-01]
[0.00951458 0.02226704 0.00642228 0.62561856 0.363177  ]
[0.57160751 0.18850574 0.00638088 0.06484778 0.42252706]
[0.002054   0.00794812 0.28368796 0.63869869 0.28596247]
[7.63358457e-05 1.86337621e-03 3.09009132e-02 1.68675281e-03
 6.39013006e-01]
[0.32507619 0.04974273 0.29608159 0.5694514  0.11688844]
[0.21018892 0.10164598 0.00423517 0.00539085 0.54804703]
[0.18750662 0.16298497 0.05297759 0.29892739 0.52446676]
[0.16214838 0.6388876  0.24110594 0.12575387 0.27751785]
[0.17367567 0.195561   0.00357089 0.61417267 0.24210958]
[0.1062081  0.29075679 0.0669735  0.63513112 0.24129192]
[0.03764582 0.20471096 0.69122676 0.06139681 0.03544957]
[-1.63959671e-04  4.29144026e-04  3.48505488e-01 -1.92590041e-03
  6.67749777e-01]
[2.23438310e-02 3.50768267e-03 3.58628082e-04 2.12374078e-01
 6.03283813e-01]
[0.00104517 0.09395516 0.16459038 0.53535512 0.3700608 ]
[0.16837958 0.37809459 0.58771231 0.03863005 0.00103582]
[-3.71532189e-05 -2.95388303e-04  8.18960681e-01  9.56417450e-03
  1.64491632e-01]
[0.33180052 0.04264678 0.29667412 0.57228879 0.06606727]
[0.05004937 0.46138868 0.14959406 0.06125047 0.50288119]
[0.20354803 0.01731414 0.30551357 0.24446866 0.44887091]
[ 0.3119718   0.5646136   0.33954447 -0.00176359  0.34516093]
[0.52542145 0.95336894 0.02851469 0.04314475 0.00926786]
[0.00198912 0.00423076 0.44633001 0.26818162 0.49479989]
[0.02454394 0.02759975 0.37047807 0.59353167 0.004612  ]
[0.02511281 0.02506525 0.16131555 0.39502422 0.5156327 ]
[0.00486439 0.01122458 0.00095053 0.5894208  0.49099869]
[0.22360459 0.0479486  0.02839279 0.51950182 0.39439273]
[0.10210978 1.00674716 0.02776746 0.1231764  0.02237716]
[ 0.33652845  0.04182913  0.11813243 -0.00193521  0.5985469 ]
[0.20837242 0.34511362 0.04699684 0.61645738 0.06172184]
[0.33672969 0.03468565 0.65021437 0.11953266 0.08863396]
[0.03826651 0.50363766 0.19150397 0.34498652 0.40152956]
[0.11554404 0.26342104 0.52504472 0.46876971 0.08437019]
[0.00391871 0.00065537 0.631632   0.01374686 0.29557205]
[0.3253889  0.05637743 0.41875671 0.4209736  0.24932873]
[0.06247746 0.1467989  0.51356074 0.06095526 0.44112375]
[ 1.05903383e-04 -1.54035330e-04  3.24511807e-02  6.88526562e-01
  1.18990844e-01]
[0.01998388 0.03694014 0.53089387 0.00467434 0.39961536]
[0.00156382 0.0203995  0.0058928  0.29280049 0.54408946]
[ 0.20952807  0.23237561  0.54026794 -0.00214059  0.28416762]
[0.10796511 0.15521558 0.60055738 0.18335252 0.25777457]
[0.04237855 0.27897395 0.00806171 0.55760319 0.33812281]
[0.31770888 0.05503304 0.40887685 0.40277873 0.37235868]
[0.01904765 0.00486387 0.41428182 0.00106375 0.51403612]
[0.01776352 0.04073117 0.45742603 0.157968   0.43389712]
[0.00412375 0.23291865 0.53556216 0.27328647 0.28674067]
[0.26475952 0.56784645 0.00997426 0.00532411 0.39427341]
[0.00960702 0.06787357 0.61821635 0.51554687 0.0019407 ]
[0.22558883 0.17120434 0.11358269 0.64196581 0.00171825]
[ 0.4508247   0.49281399  0.11720486 -0.00102378  0.49046459]
[0.04880077 0.66645597 0.04611396 0.48608244 0.15503934]
[0.26754077 0.07429806 0.47602598 0.3618661  0.22877118]
[0.63293143 0.00636204 0.26121971 0.02325951 0.19817658]
[0.35128497 0.00849109 0.01578669 0.40884873 0.43827875]
[0.14943412 0.12979744 0.14182026 0.29854899 0.52380709]
[0.12315259 0.29291059 0.63497791 0.21058807 0.06017036]
[0.10583351 0.02088534 0.32055775 0.41729036 0.40563442]
[0.13181506 0.00346794 0.18375295 0.64134276 0.09086098]
[0.35052781 0.20014702 0.24060234 0.15261835 0.47760767]
[0.28402824 0.42255717 0.11720963 0.54116554 0.10941655]
[0.07967618 0.08096162 0.16849688 0.09629981 0.56559989]
[0.00172183 0.0118876  0.00524756 0.72249485 0.00995496]
[0.32173691 0.22288691 0.00692668 0.20742837 0.51714763]
[0.20489607 0.47378868 0.56762035 0.13937061 0.17671948]
[0.0015999  0.0100416  0.00447757 0.68534914 0.09426106]
[0.04545351 0.37129531 0.31330033 0.10644161 0.46727367]
[2.25814159e-05 9.96792020e-04 1.43128887e-02 1.46496022e-01
 6.16626575e-01]
[0.09513752 0.37487996 0.14154636 0.49699211 0.28264128]
[0.42355438 0.7985252  0.00270784 0.07701358 0.08101457]
[0.1690055  0.04045505 0.30076417 0.23200899 0.50918341]
[1.48671755e-01 2.51434661e-01 8.52414799e-01 4.97205654e-02
 1.46514492e-05]
[0.00503811 0.07727666 0.66025068 0.46457003 0.01504741]
[0.00955123 0.21903296 0.32988463 0.56167989 0.13323742]
[ 0.13415975  0.15043528  0.34812783 -0.00214079  0.48619945]
[ 0.23700449  0.26607867  0.61470054 -0.00131009  0.07718535]
[0.05125715 0.45187831 0.52603458 0.44756128 0.0254412 ]
[0.01306408 0.33141636 0.54068658 0.48856112 0.02797381]
[0.63032594 0.11273004 0.14477783 0.36146636 0.01123428]
[0.02712595 0.59553097 0.14565839 0.41782882 0.37163004]
[2.39158115e-04 1.73475545e-04 1.63752594e-01 3.89524304e-02
 6.01644124e-01]
[0.05334717 0.08673411 0.16384653 0.12532679 0.52379826]
[1.90300895e-03 1.67751866e-03 1.95483912e-04 9.26118025e-01
 3.60091787e-01]
[0.44619123 0.05755283 0.39892113 0.45507553 0.0801354 ]
[0.15374821 0.2488923  0.62191036 0.3268372  0.08328254]
[0.5219269  0.01513254 0.02348041 0.24162796 0.45573844]
[0.00437089 0.00478785 0.61294551 0.36908549 0.14918418]
[0.00634329 0.1919804  0.66067286 0.44980328 0.01671476]
[0.01003394 0.24419139 0.29025956 0.57711203 0.31561313]
[0.09023136 0.16991161 0.24652755 0.47998121 0.3745779 ]
[0.08950544 0.26467973 0.06087581 0.55844482 0.32740656]
[4.71723423e-01 3.80283757e-02 7.75718050e-01 4.30322562e-04
 5.95700147e-02]
[0.16048554 0.01354795 0.43035    0.55655189 0.04622947]
[0.05331186 0.04436757 0.1293787  0.53715709 0.31968039]
[0.11267629 0.66950397 0.1226803  0.42520329 0.01495489]
[0.00127432 0.00906257 0.14471862 0.40264333 0.53359035]
[0.53775749 0.82482926 0.59849698 0.00266434 0.00779803]
[0.04939274 0.73743959 0.17009954 0.44018663 0.01423499]
[0.15853029 0.29102128 0.38261457 0.39634723 0.32983335]
[0.05123156 0.00940469 0.35673231 0.39520332 0.40532602]
[0.037807   0.45950707 0.13019049 0.49033159 0.22246012]
[0.07743526 0.72859761 0.03379566 0.41271472 0.02850397]
[0.00800864 0.5736941  0.54032683 0.20949253 0.18125226]
[0.08134202 0.54134432 0.15423746 0.2097519  0.4188328 ]
[0.21214056 0.34848677 0.5871899  0.0385938  0.00103454]
[ 2.05273808e-02 -7.56944736e-05  3.23742926e-01  4.08472623e-01
  4.39335156e-01]
[0.05458659 0.00940718 0.00095075 0.5674681  0.40943129]
[-1.50859227e-04 -4.17877087e-04  4.17490389e-02  2.43987262e-03
  6.38149028e-01]
[0.02194828 0.22628748 0.11260988 0.31739683 0.49032035]
[0.0410687  0.00659657 0.57056021 0.3348222  0.18926475]
[0.0007613  0.20703145 0.27544155 0.27463079 0.44408722]
[0.00266402 0.03899398 0.60599805 0.49540055 0.0485797 ]
[ 4.43924990e-03  2.30780445e-02  6.39984793e-01  5.32842812e-01
 -3.10964620e-04]
[0.61626957 0.0646103  0.12232516 0.37001965 0.02399392]
[3.60435584e-02 1.31235614e-02 5.15396278e-04 7.52790536e-01
 3.13967564e-01]
[0.02314332 0.02798466 0.56809636 0.45704613 0.01520039]
[0.18377522 0.30411597 0.700585   0.0508908  0.00190679]
[0.01808107 0.41943521 0.57849969 0.13893379 0.02435589]
[0.08115137 0.06778098 0.19152648 0.30349182 0.51063506]
[0.00064314 0.01077961 0.41779044 0.37120716 0.30308181]
[-1.62622515e-04 -4.29285138e-04  7.59796073e-03  7.56413849e-01
  1.93244723e-01]
[0.00722485 0.00344845 0.24443063 0.62392215 0.23477097]
[0.10627147 0.66520696 0.19226332 0.43614067 0.01534807]
[0.00096392 0.00719103 0.65101211 0.39213778 0.15927091]
[0.07000778 0.82555763 0.05106777 0.01371357 0.36306184]
[0.1975773  0.17658589 0.06959649 0.56584511 0.22357712]
[0.00759768 0.42184199 0.14152424 0.53932881 0.30614903]
[ 3.22665814e-04  2.15887959e-03  3.14078511e-01 -1.94397573e-03
  5.78209242e-01]
[0.13959759 0.2022776  0.62195751 0.08731679 0.15186104]
[0.23358312 0.80036764 0.44917119 0.04416772 0.0069716 ]
[0.08851692 0.32461817 0.00241163 0.59769405 0.26948405]
[0.00208512 0.12633808 0.35004242 0.51942327 0.36007168]
[1.20410855e-02 2.15300569e-02 3.46462793e-04 8.64285049e-01
 2.71865141e-02]
[1.88150781e-03 4.25574860e-03 4.28044819e-04 1.86200220e-01
 5.48792676e-01]
[0.40713756 0.07821639 0.56619235 0.36890832 0.01149807]
[-1.68852275e-05 -4.28218303e-04  4.26887799e-01  6.17908813e-01
  3.45705213e-01]
[2.85497803e-04 1.31066492e-02 4.96736395e-01 4.76340997e-01
 6.16062357e-02]
[0.20054734 0.33135643 0.08869988 0.52819681 0.28996876]
[0.03367085 0.44403897 0.00675014 0.62714088 0.16851998]
[0.02322251 0.00464922 0.4599864  0.32772215 0.3886545 ]
[0.02119459 0.64447747 0.14728066 0.52415418 0.06788282]
[0.71869941 0.13960445 0.00929671 0.01191968 0.02733331]
[-1.28798488e-04 -1.47671237e-04  7.64883888e-01  8.76597750e-03
  1.89993958e-01]
[ 0.00857652  0.21883215  0.3573318  -0.00187548  0.4990627 ]
[0.48730261 0.67683611 0.0263055  0.36112288 0.00242118]
[0.13650214 0.23932625 0.41483792 0.36933418 0.3491226 ]
[0.0678706  0.55402999 0.52595733 0.17041184 0.05616364]
[2.84216046e-03 4.19676392e-05 2.07497009e-01 5.10463669e-01
 4.36039768e-01]
[ 0.00994746  0.00649467  0.41809187 -0.00196253  0.48560596]
[-1.43839968e-04 -5.60823483e-04  1.05744891e-02  4.15141967e-02
  6.42339751e-01]
[-1.69352214e-04 -5.80531470e-04 -4.82913646e-05  7.49566806e-03
  8.79291585e-01]
[0.01861064 0.03688738 0.52087411 0.00528245 0.39207358]
[1.11291247e-01 2.14162134e-01 8.49189461e-01 6.56484220e-02
 8.31144597e-06]
[0.05650266 0.46136334 0.25284478 0.11175924 0.48783563]
