[ 6.01363251e-04 -3.19054922e-04  3.84347735e-02  8.22457296e-01
  1.76666241e-01]
[ 0.11045498  0.18199526  0.32355795 -0.00090573  0.46252946]
[-1.34583098e-04 -5.72302776e-04 -4.19889033e-05  5.89923946e-02
  8.29738729e-01]
[0.05675104 0.46338802 0.25395315 0.11225847 0.48997543]
[0.01381543 0.00102592 0.02103983 0.63974591 0.50924942]
[0.00235976 0.0022175  0.51991043 0.04144056 0.54796448]
[0.00117586 0.0031898  0.47696728 0.30595776 0.56606695]
[ 2.14673524e-03  2.36393514e-03  1.77362857e-02 -4.00762151e-04
  7.23930008e-01]
[ 5.84882245e-04 -3.25305885e-04  3.76128459e-02  9.32319790e-01
  2.00200223e-01]
[0.36852937 0.53609533 0.19871666 0.29882635 0.25732428]
[0.56512088 0.07305035 0.57641123 0.14852718 0.09093391]
[0.00294407 0.1687637  0.34652735 0.53929608 0.30181867]
[ 0.02775855  0.04621473  0.04874151 -0.00181933  0.78309616]
[0.32478384 0.48094984 0.0912521  0.60582816 0.12249057]
[0.13571842 0.24603459 0.95164044 0.03329787 0.00991834]
[0.0055173  0.05577787 0.00970085 0.00486542 0.64417561]
[0.11141891 0.01392923 0.46891013 0.64266032 0.09104224]
[0.00501769 0.06698973 0.09038698 0.07986995 0.56704911]
[0.36653249 0.53326193 0.36941399 0.12596823 0.15492007]
[0.1057133  0.25124325 0.0053862  0.52261619 0.5037515 ]
[0.16773121 0.23778861 0.03811928 0.51249187 0.42987266]
[ 0.23543529  0.01051896  0.3960294  -0.00185932  0.5639199 ]
[0.1182884  0.21500372 0.8840454  0.00583117 0.02905051]
[0.15820614 0.13810238 0.04680554 0.02423222 0.58531982]
[0.00765677 0.00379354 0.25996644 0.58802954 0.22538792]
[0.03305946 0.43237692 0.57922639 0.20808265 0.26818747]
[0.00195716 0.00083449 0.00108317 0.70569917 0.2414339 ]
[0.00079885 0.05495912 0.20545514 0.6764888  0.28339955]
[0.03283501 0.25492321 0.86941548 0.0673138  0.00689384]
[0.2502626  0.25514254 0.04604464 0.26821642 0.49944663]
[0.16806696 0.30854613 0.40561    0.42029381 0.3512887 ]
[0.0675082  0.76146459 0.13739114 0.09270998 0.45890163]
[0.01805831 0.43669667 0.51855338 0.43504598 0.03820235]
[0.06968863 0.07750543 0.13615087 0.45947418 0.50726662]
[-1.50317952e-04 -5.89596515e-04 -4.76228426e-05  3.21744400e-02
  8.49203899e-01]
[0.1863715  0.05095203 0.33381189 0.25773355 0.4727109 ]
[0.00168993 0.25273073 0.51416781 0.33754281 0.30928237]
[0.00172183 0.0118876  0.00524756 0.72249485 0.00995496]
[0.00185335 0.00145701 0.42623797 0.37178406 0.56161559]
[0.25574266 0.17898889 0.03544113 0.45543553 0.40316675]
[0.45443302 0.17067693 0.54796741 0.32503169 0.16721161]
[0.19384252 0.17323923 0.10128812 0.58190655 0.22195827]
[0.0730606  0.01451    0.00129472 0.81794629 0.10030607]
[0.028981   0.23166549 0.44571702 0.42214268 0.33707473]
[0.40213994 0.5833881  0.24563333 0.08678305 0.15200177]
[0.0010641  0.00502547 0.02409051 0.60606064 0.50032535]
[0.10692434 0.29271853 0.06802483 0.62421977 0.23806804]
[0.02738611 0.50800508 0.60144437 0.16595993 0.04372723]
[0.04270816 0.40228989 0.01864819 0.54026984 0.28717187]
[0.0401271  0.07607025 0.11877752 0.0009974  0.609679  ]
[ 0.37183096  0.01696272  0.62532847 -0.00169075  0.33164628]
[0.11009656 0.11483327 0.30138681 0.50167846 0.31389109]
[ 2.51616630e-04 -1.98149678e-04  8.72103553e-02  5.72397838e-01
  5.69711253e-01]
[0.04881656 0.14198072 0.26508716 0.43608668 0.48487167]
[0.00177352 0.15465976 0.32622658 0.51518561 0.3250969 ]
[0.16846663 0.04636794 0.30190062 0.23289361 0.51110857]
[3.60435584e-02 1.31235614e-02 5.15396278e-04 7.52790536e-01
 3.13967564e-01]
[0.04938113 0.43537194 0.52064269 0.43904337 0.02728437]
[1.47959456e-02 1.83291771e-02 7.15580333e-04 6.37994990e-04
 7.03051255e-01]
[0.07532174 0.87525587 0.206321   0.15589296 0.14169266]
[ 3.60955034e-04 -4.61557638e-04  3.76244829e-02  9.32514618e-01
  2.00242048e-01]
[0.00102002 0.00178793 0.03821226 0.93765511 0.02263134]
[0.0164226  0.50633424 0.59916378 0.28218813 0.13660785]
[ 0.00361384  0.0056571   0.44512139 -0.00065546  0.44620374]
[0.16888469 0.30534295 0.92116245 0.00978461 0.0283183 ]
[0.16312131 0.10792272 0.00228231 0.10292341 0.62599605]
[4.08437677e-04 3.19682990e-02 5.66739552e-02 1.83047965e-01
 5.79325513e-01]
[ 0.00813913  0.20785864  0.33946032 -0.00087465  0.47408864]
[0.21795953 0.30482344 0.06638921 0.24413591 0.52741092]
[0.00156382 0.0203995  0.0058928  0.29280049 0.54408946]
[0.05897532 0.06747832 0.1264478  0.55718801 0.33875147]
[0.01193223 0.17691911 0.75730875 0.5074567  0.00300739]
[0.01435289 0.3479287  0.46353403 0.31354088 0.35659252]
[-8.62936829e-05  3.71676541e-06  2.04196832e-02  9.38111801e-01
  5.98299149e-01]
[0.23871635 0.00201963 0.00499254 0.70788273 0.22628961]
[0.07090247 0.49869441 0.19721656 0.26837851 0.48985777]
[6.97240361e-04 3.27666055e-03 7.31440538e-04 1.00631460e+00
 1.24728187e-01]
[0.08115137 0.06778098 0.19152648 0.30349182 0.51063506]
[0.08134202 0.54134432 0.15423746 0.2097519  0.4188328 ]
[0.55175932 0.04829622 0.25357401 0.32610895 0.26726259]
[0.0052612  0.04010189 0.01009656 0.56610382 0.46074512]
[0.08798374 0.71798382 0.39332685 0.08374167 0.17278769]
[0.03325443 0.06005631 0.634446   0.53019862 0.00077659]
[0.03055569 0.47199287 0.1685227  0.02252896 0.52565479]
[0.00500184 0.05066751 0.01250198 0.00436472 0.67499637]
[0.00208512 0.12633808 0.35004242 0.51942327 0.36007168]
[0.00614239 0.01422904 0.00120573 0.57216266 0.50430871]
[0.33856599 0.03487805 0.65375872 0.1201959  0.08911929]
[0.09316308 0.92472345 0.21250411 0.14841087 0.07251291]
[0.00123946 0.00933063 0.14852788 0.41329421 0.53606516]
[0.14614996 0.10116328 0.10186518 0.71900805 0.1570141 ]
[0.00268343 0.19977587 0.18983638 0.07229914 0.54645148]
[0.00609377 0.01011548 0.04417649 0.77898337 0.00596927]
[0.31770888 0.05503304 0.40887685 0.40277873 0.37235868]
[ 1.07862748e-04 -2.83710223e-04  7.44697392e-01  8.47789465e-03
  1.84969316e-01]
[2.57992546e-03 9.13517702e-04 5.90346902e-02 9.54268911e-01
 1.77821743e-02]
[0.5144313  0.06303713 0.20491057 0.40824963 0.37297749]
[0.15377925 0.56263572 0.25136208 0.43015314 0.25082854]
[0.10586638 0.17135321 0.30644066 0.17588468 0.50394451]
[0.26368361 0.14187743 0.02333445 0.71269668 0.15303579]
[ 0.00772507  0.01262602  0.05882961 -0.00108832  0.7033767 ]
[ 1.85380306e-01  4.24211742e-01  4.20027918e-03 -1.87671180e-04
  7.05112196e-01]
[0.05833999 0.54893066 0.02404281 0.4694446  0.2977758 ]
[0.351944   0.04527164 0.31467917 0.60714487 0.08600528]
[0.2039108  0.20494006 0.47545014 0.3679857  0.24444899]
[-2.79409138e-05  9.80718098e-04  7.94041246e-01  7.93542930e-03
  1.97247761e-01]
[0.06995575 0.20460992 0.10850638 0.3057582  0.47244692]
[0.1290321  0.03440643 0.53574967 0.31584998 0.33955769]
[0.04378611 0.00833553 0.85821187 0.02421984 0.01610883]
[0.03930471 0.32117287 0.30941135 0.09876814 0.50299977]
[ 0.13415975  0.15043528  0.34812783 -0.00214079  0.48619945]
[0.72049792 0.08894301 0.18602512 0.09137788 0.40609269]
[0.03192121 0.10501094 0.14808233 0.09751007 0.56684999]
[0.20489607 0.47378868 0.56762035 0.13937061 0.17671948]
[ 7.84709117e-03  3.29507529e-03  6.95936941e-01 -1.81357453e-04
  2.86798090e-01]
[0.00075699 0.00554523 0.54588995 0.01561618 0.5658889 ]
[0.48730261 0.67683611 0.0263055  0.36112288 0.00242118]
[0.01735774 0.25425777 0.02790148 0.581708   0.39041678]
[0.00422783 0.04280787 0.38809204 0.66084837 0.00068248]
[0.00675429 0.00318611 0.26039179 0.58893024 0.22340246]
[0.08010963 0.53315042 0.1519047  0.20654812 0.42548887]
[-1.33486490e-04 -5.71094736e-04 -5.13374988e-05  5.87231998e-02
  8.26083832e-01]
[ 0.12732647  0.43607386  0.23438444 -0.0018834   0.59593657]
[0.00699997 0.21139648 0.71803837 0.43170253 0.07676502]
[0.07188494 0.01895434 0.00315164 0.81499504 0.10994166]
[0.03580475 0.13073522 0.30769198 0.48196922 0.30421304]
[0.21555786 0.30146053 0.06565765 0.24837347 0.51586148]
[0.63311375 0.55405036 0.19188518 0.10350025 0.00245822]
[0.03367906 0.05386281 0.27964555 0.68626533 0.11523235]
[0.02437016 0.02457503 0.56026934 0.13645898 0.39282963]
[0.02217302 0.30083107 0.40142488 0.36524765 0.42230531]
[0.60366712 0.12480643 0.3255113  0.50814535 0.0138226 ]
[0.00199676 0.01370368 0.00437723 0.7865212  0.01087057]
[0.16215972 0.30695328 0.45362192 0.42703054 0.24824983]
[0.10131543 0.66624328 0.01930438 0.31879489 0.36253402]
[ 0.00567221  0.00903253  0.22057636 -0.00140894  0.52942648]
[0.01851403 0.00531266 0.4494538  0.57699143 0.34387228]
[0.46351999 0.03891173 0.76239878 0.00231712 0.05854076]
[0.05795075 0.0840054  0.69748349 0.13343123 0.1606995 ]
[0.40393101 0.04424708 0.56971415 0.38408959 0.22532457]
[1.90300895e-03 1.67751866e-03 1.95483912e-04 9.26118025e-01
 3.60091787e-01]
[0.01447035 0.0272481  0.04313031 0.00151346 0.61632636]
[0.35128497 0.00849109 0.01578669 0.40884873 0.43827875]
[0.36509055 0.04698474 0.11884084 0.48294413 0.31510581]
[0.00804887 0.87505317 0.00857467 0.0968413  0.42093278]
[0.49216188 0.06354319 0.57842219 0.21817956 0.16699078]
[2.14058871e-01 3.44035012e-01 6.15834336e-01 2.18513063e-04
 3.16299203e-03]
[0.07976637 0.19328302 0.65270198 0.20670995 0.15822509]
[0.05304446 0.3703832  0.50570983 0.52340576 0.0522306 ]
[0.63470973 0.00638163 0.25971984 0.02329478 0.19845224]
[0.05713069 0.46507852 0.28319019 0.12184115 0.43558266]
[0.04369686 0.05883649 0.0024767  0.85807559 0.04881087]
[7.52282441e-04 1.48827616e-03 3.25610731e-02 7.98867071e-01
 4.13635729e-01]
[0.16805131 0.02138961 0.70694754 0.36180608 0.11403117]
[0.14878513 0.24282567 0.67871603 0.2908974  0.1099273 ]
[ 0.07663588  0.16886459  0.31608115 -0.00192346  0.62297131]
[-1.22617834e-04 -5.55426892e-04  1.27868592e-01  4.96254026e-01
  4.74687313e-01]
[0.06826096 0.01331039 0.20693909 0.26864895 0.53068428]
[0.00232257 0.00193666 0.52507487 0.120947   0.53797408]
[0.00387996 0.00398051 0.3242375  0.02039476 0.54975159]
[0.00669971 0.17174645 0.28064798 0.25258148 0.52015351]
[0.04122314 0.95203638 0.01543848 0.16208622 0.01259857]
[0.29962862 0.35816989 0.57501516 0.43327041 0.09002144]
[0.00412375 0.23291865 0.53556216 0.27328647 0.28674067]
[0.33862888 0.0081633  0.01380534 0.45952155 0.46611201]
[0.10884428 0.30153373 0.06995157 0.64194678 0.2216663 ]
[0.33326927 0.49397063 0.017204   0.62205007 0.12096199]
[ 7.67371968e-04 -9.16952767e-05  3.03174687e-02  8.73917606e-01
  3.29753959e-01]
[0.00776017 0.57176154 0.00360041 0.67974506 0.20372573]
[0.05024326 0.68610492 0.08891839 0.50489501 0.1643348 ]
[0.00955123 0.21903296 0.32988463 0.56167989 0.13323742]
[0.1446364  0.33146423 0.65971857 0.09591233 0.10234194]
[0.40364753 0.4161234  0.51094075 0.33615457 0.07297104]
[0.06540103 0.07271099 0.12812289 0.46133191 0.50568249]
[0.4433186  0.17260793 0.42153229 0.02967418 0.34300835]
[ 0.12299596  0.0730606   0.15515857 -0.00084556  0.5905456 ]
[0.06909751 0.90603643 0.18214812 0.15337222 0.01962865]
[0.00092957 0.0078243  0.03336095 0.48282681 0.51976056]
[8.46297721e-04 5.51852671e-04 1.55207278e-01 5.83630182e-01
 3.54255840e-01]
[-9.79954407e-05  1.10215926e-02  6.15257350e-01  5.39608701e-01
  1.73314790e-01]
[0.00540236 0.44004144 0.42236389 0.17901269 0.31035768]
[0.21363016 0.34103924 0.49367661 0.4767936  0.08376783]
[0.24392793 0.31767896 0.05259509 0.52826255 0.37341745]
[ 3.10502996e-04 -1.40436111e-04  8.54629220e-02  5.71626052e-01
  5.68698675e-01]
[0.04215135 0.01352476 0.11748081 0.50303407 0.4153208 ]
[0.03081971 0.6681398  0.25116341 0.11409151 0.44173219]
[0.19519742 0.17445333 0.10199586 0.58598535 0.213824  ]
[0.0248673  0.0417607  0.01011551 0.73412446 0.00560305]
[0.21214056 0.34848677 0.5871899  0.0385938  0.00103454]
[0.00141911 0.6314332  0.25594939 0.456503   0.26612496]
[0.61626957 0.0646103  0.12232516 0.37001965 0.02399392]
[0.31013748 0.21750829 0.04300488 0.60730948 0.07933159]
[0.14708561 0.32946837 0.49252112 0.40086343 0.15309691]
[0.12334364 0.13593475 0.80745637 0.06699892 0.00759965]
[0.23748905 0.40911355 0.57772862 0.47168004 0.00272348]
[0.38785659 0.06753932 0.56191329 0.33621007 0.10494493]
[0.78914553 0.07239463 0.20241644 0.10442496 0.12141905]
[0.35524484 0.69717036 0.1826079  0.28177611 0.0022068 ]
[0.42059533 0.64504596 0.46813077 0.04318029 0.00681429]
[0.00951458 0.02226704 0.00642228 0.62561856 0.363177  ]
[0.00171978 0.01850661 0.02643473 0.00165972 0.63450817]
[0.02360663 0.28746119 0.08148966 0.58195004 0.22188476]
[ 0.50028484  0.53564527  0.12836857 -0.00091277  0.54683482]
[5.99947315e-04 1.04296579e-01 2.12883190e-01 6.45722555e-01
 3.20589580e-01]
[0.06021098 0.79275797 0.15937882 0.39602471 0.01889784]
[0.13959759 0.2022776  0.62195751 0.08731679 0.15186104]
[0.21763477 0.50224288 0.04280426 0.15805792 0.43429256]
[1.59224140e-02 2.00322017e-02 4.19627393e-04 8.69284170e-04
 7.61398716e-01]
[0.09557123 0.46627065 0.24070779 0.26942512 0.4917545 ]
[0.04792787 0.04564711 0.07136653 0.54121891 0.4193671 ]
[0.29288123 0.43573919 0.09384904 0.54831281 0.11104291]
[0.09028794 0.72409944 0.39329931 0.47619686 0.01789857]
[0.07656413 0.86570211 0.18677284 0.23039159 0.27347982]
[0.00422763 0.00667387 0.51732648 0.44396357 0.12259243]
[0.56029531 0.04905262 0.24259702 0.32745973 0.26836405]
[ 4.35194865e-01  7.18036644e-01  6.54472894e-01 -6.79036775e-04
  2.87047379e-02]
[0.76267802 0.0489266  0.00124016 0.13746713 0.34156218]
[0.09448182 0.89798449 0.2201128  0.11611516 0.08203484]
[8.55551161e-02 1.04234449e+00 9.99593600e-02 9.51542577e-04
 1.53987088e-01]
[0.00498263 0.00637155 0.18318319 0.70732801 0.04145244]
[0.00571409 0.01871254 0.00570438 0.28345621 0.52683935]
[0.18386955 0.70644885 0.00528668 0.49773572 0.32159965]
[0.11407363 0.27142846 0.00387925 0.66658932 0.26273504]
[0.02511281 0.02506525 0.16131555 0.39502422 0.5156327 ]
[0.06644051 0.87293298 0.19895749 0.18532366 0.14205994]
[-1.45502042e-04 -1.20800791e-04  7.21175018e-05  2.18488232e-02
  6.45561191e-01]
[0.01328893 0.77105553 0.03842496 0.12870193 0.34956171]
[0.0986429  0.69991518 0.25229051 0.03479243 0.29501097]
[0.00578    0.04119149 0.39733211 0.63317334 0.2123823 ]
[0.26683199 0.0476693  0.43313105 0.34440655 0.41358915]
[-1.69817067e-04 -6.11009212e-04  7.55457240e-04  4.02363444e-02
  7.60811000e-01]
[2.09430370e-03 1.04287789e-04 3.25750177e-01 7.27462023e-01
 5.93941023e-02]
[2.25814159e-05 9.96792020e-04 1.43128887e-02 1.46496022e-01
 6.16626575e-01]
[0.22360459 0.0479486  0.02839279 0.51950182 0.39439273]
[0.1370417  0.22191172 0.28667695 0.18160669 0.52015427]
[-1.63959671e-04  4.29144026e-04  3.48505488e-01 -1.92590041e-03
  6.67749777e-01]
[0.09493689 0.90230476 0.21944301 0.11660846 0.08237872]
[-1.67875393e-04  4.35920994e-03  6.36019406e-01  5.57592231e-01
  9.57114858e-02]
[0.00787002 0.07993069 0.29788611 0.44813254 0.49059629]
[0.0560387  0.45620388 0.27779239 0.12286171 0.42800948]
[0.41422815 0.7809361  0.00264703 0.07527117 0.08181667]
[0.078033   0.81612881 0.17601815 0.0900829  0.40595932]
[0.35425508 0.20228071 0.24316008 0.10568244 0.46872731]
[0.39991388 0.04380114 0.56405014 0.37107037 0.24252516]
[1.11291247e-01 2.14162134e-01 8.49189461e-01 6.56484220e-02
 8.31144597e-06]
[0.99233132 0.20686052 0.00880444 0.06695765 0.03322224]
[0.21628878 0.10461118 0.00435956 0.00560953 0.56395076]
[1.76226307e-03 1.21254456e-04 4.66353606e-02 9.98768693e-01
 1.41834725e-01]
[0.00867401 0.51261489 0.05941937 0.65759069 0.00993124]
[0.22558883 0.17120434 0.11358269 0.64196581 0.00171825]
[0.12315259 0.29291059 0.63497791 0.21058807 0.06017036]
[1.34752515e-04 1.54810813e-03 2.53461909e-03 1.16567186e-03
 6.85461613e-01]
[0.00193992 0.00238033 0.0026089  0.8300415  0.00131523]
[0.00138656 0.00074631 0.00977511 0.31974556 0.61525112]
[0.02011731 0.45775611 0.00902089 0.56089713 0.13302521]
[0.00147865 0.00150592 0.00368549 0.01438753 0.5898645 ]
[0.37173576 0.0643952  0.53785008 0.38916411 0.10494987]
[ 3.13360736e-04 -6.47409023e-05  3.49294757e-02 -1.27718578e-04
  7.33970039e-01]
[0.00133565 0.59824709 0.25475771 0.49981337 0.27510521]
[0.10286701 0.2335879  0.00269001 0.26492779 0.53286878]
[0.05057002 0.30872588 0.45752987 0.30568761 0.34480993]
[0.00709049 0.02470918 0.66147445 0.39038072 0.09395037]
[0.00274335 0.03986069 0.59362458 0.4776788  0.00332557]
[0.03048228 0.60551934 0.14814318 0.42455018 0.37781985]
[0.00065354 0.05653424 0.05409802 0.24458648 0.54220424]
[0.83075591 0.02414408 0.2024389  0.3282339  0.00236081]
[-1.50308200e-04 -4.12414045e-04  4.29268387e-02  4.21247950e-03
  6.59214367e-01]
[0.00509454 0.03885264 0.01450505 0.57534724 0.46824639]
[0.14932721 0.12933495 0.07844975 0.10854534 0.58751647]
[ 1.84045108e-05 -3.98011521e-04  4.25911596e-05 -1.73737798e-03
  8.06875811e-01]
[0.09758155 0.58344168 0.24121435 0.31011244 0.32746475]
[0.01904765 0.00486387 0.41428182 0.00106375 0.51403612]
[-1.42014074e-04 -5.75206008e-04  4.45296807e-04  1.92869288e-02
  7.06772458e-01]
[0.0251113  0.00507401 0.49713108 0.34779585 0.41217275]
[0.00279876 0.22131375 0.45362013 0.00205725 0.36354717]
[0.27058551 0.04930363 0.479246   0.55959807 0.08858683]
[0.00601706 0.04272791 0.39120665 0.46293412 0.38773316]
[0.00416111 0.1584647  0.43875882 0.65266997 0.10297418]
[0.01998388 0.03694014 0.53089387 0.00467434 0.39961536]
[0.0712297  0.00689011 0.71874322 0.0975302  0.06094848]
[0.06921541 0.85544407 0.32731163 0.15527234 0.02000922]
[0.16837958 0.37809459 0.58771231 0.03863005 0.00103582]
[0.20007808 0.14014589 0.02972548 0.12866503 0.56278867]
[0.00558324 0.08378726 0.35437429 0.81565532 0.00286229]
[0.10583351 0.02088534 0.32055775 0.41729036 0.40563442]
[0.21314786 0.00107245 0.53888347 0.0301662  0.30287163]
[0.0043881  0.76605504 0.13173408 0.09894825 0.30544275]
[-1.63748329e-04 -5.44328150e-04  1.10024587e-03  6.88542924e-02
  6.77305629e-01]
[0.07497011 0.87117625 0.20535974 0.17442293 0.14178627]
[-1.65846205e-04  2.05143300e-04  1.79719874e-01  1.58257747e-01
  5.95160735e-01]
[0.03836461 0.01800493 0.60136397 0.33238036 0.19687841]
[0.07993614 0.15147952 0.67737361 0.0698934  0.16040935]
[0.004641   0.00484337 0.5735383  0.16059782 0.34560323]
[0.05059506 0.35602937 0.14085088 0.19071359 0.50933341]
[0.45850294 0.16149575 0.5563504  0.3284379  0.13907353]
[6.26283869e-02 1.00872826e+00 4.43235174e-02 9.82488563e-04
 4.83277509e-02]
[0.15458426 0.35370333 0.00316938 0.0422397  0.59071573]
[0.05346418 0.45196735 0.15232411 0.09740732 0.50441912]
[0.24082805 0.41487    0.5858462  0.44866946 0.00247599]
[0.11027751 0.15854785 0.61340107 0.19421248 0.20748447]
[0.18101224 0.29549432 0.60353894 0.27092147 0.10240619]
[0.04117906 0.03416371 0.10006295 0.34861994 0.51365096]
[0.45712982 0.05897822 0.40869849 0.46628036 0.08563519]
[0.00152182 1.06894646 0.0660804  0.00298953 0.17020384]
[0.19250468 0.73962403 0.0055373  0.01074663 0.26112735]
[ 3.28432083e-04  2.19128056e-03  3.17752087e-01 -1.94156039e-03
  5.86370575e-01]
[0.05315179 0.3711315  0.50672995 0.5244658  0.04959927]
[-1.68852275e-05 -4.28218303e-04  4.26887799e-01  6.17908813e-01
  3.45705213e-01]
[0.42327493 0.70139175 0.24774887 0.00098652 0.03483427]
[0.01196596 0.09136065 0.38169554 0.09476925 0.52068985]
[0.23358312 0.80036764 0.44917119 0.04416772 0.0069716 ]
[0.01371072 0.12976285 0.48579978 0.50301439 0.32299067]
[0.171759   0.25547705 0.05504927 0.65301077 0.10930731]
[0.02194828 0.22628748 0.11260988 0.31739683 0.49032035]
[0.00096392 0.00719103 0.65101211 0.39213778 0.15927091]
[0.05240334 0.78494292 0.08609797 0.09163277 0.41953937]
[0.00127665 0.00090417 0.04333864 0.69880646 0.34556139]
[0.36085989 0.69029379 0.18802663 0.28273263 0.00220578]
[ 1.49570106e-02 -4.45144560e-04  6.22862674e-01  2.25957116e-02
  1.92988856e-01]
[0.00160775 0.00345938 0.86770178 0.00206557 0.19973038]
[0.00174481 0.00150592 0.01217252 0.00512134 0.65899484]
[0.02513925 0.29939739 0.69138527 0.29636713 0.1119867 ]
[0.1062081  0.29075679 0.0669735  0.63513112 0.24129192]
[8.03616725e-02 3.83306433e-02 2.76616099e-01 7.71238198e-01
 7.59253468e-04]
[0.10814751 0.24654393 0.49148009 0.43389673 0.09636913]
[0.0040286  0.00152104 0.15571398 0.6770324  0.13221662]
[0.00137142 0.00202857 0.72622846 0.00682971 0.03663973]
[0.03467608 0.01830661 0.41134355 0.57767406 0.24852708]
[0.21215172 0.00553105 0.44710029 0.36985665 0.32140574]
[ 0.01384313  0.00090699  0.05857509 -0.00106246  0.70034069]
[0.0291352  0.32826103 0.02898166 0.14848438 0.55689292]
[0.74769468 0.08893898 0.19318414 0.22691167 0.26783567]
[0.02119459 0.64447747 0.14728066 0.52415418 0.06788282]
[ 0.01742096  0.16452846  0.16404421 -0.00077085  0.62437646]
[ 1.27429874e-01  1.30827898e+00  3.50882227e-02 -8.33288643e-04
  1.19128936e-01]
[0.00503811 0.07727666 0.66025068 0.46457003 0.01504741]
[ 1.33321688e-02 -4.88501625e-04  6.66802364e-01  3.81829579e-01
  3.36312001e-01]
[0.00159965 0.00140982 0.03949115 0.96906361 0.01432607]
[0.00486439 0.01122458 0.00095053 0.5894208  0.49099869]
[0.02933846 0.0246143  0.55334428 0.50120337 0.01207044]
[1.10461389e-01 8.54637243e-01 3.37105306e-01 6.03482037e-02
 3.27016393e-04]
[2.29042929e-04 4.64628917e-03 6.96509372e-01 1.53796019e-02
 3.89392442e-01]
[4.18420948e-01 7.01210448e-01 1.38391534e-01 2.97334039e-04
 1.52257111e-01]
[0.00378922 0.00135273 0.78419662 0.06534442 0.01418903]
[3.75507341e-04 1.52562331e-04 5.25907483e-01 1.82603827e-01
 4.23587570e-01]
[0.21915152 0.31079935 0.08251183 0.63823739 0.08613224]
[ 3.41584814e-05 -3.70611558e-04  5.47432408e-01  5.66271275e-03
  4.86540128e-01]
[0.14943412 0.12979744 0.14182026 0.29854899 0.52380709]
[0.07066109 0.07859285 0.13804691 0.46590018 0.49538249]
[0.0029003  0.2151822  0.36118206 0.57415457 0.17176601]
[0.07913001 0.59010921 0.21650832 0.4585957  0.04484272]
[2.45471761e-04 2.28939308e-01 4.45201662e-01 6.46716928e-02
 3.64815334e-01]
[2.23438310e-02 3.50768267e-03 3.58628082e-04 2.12374078e-01
 6.03283813e-01]
[ 9.06419008e-01  5.38872853e-02  3.58506019e-01 -6.37158890e-04
  1.08397043e-01]
[0.05330933 0.87238252 0.08545142 0.03169534 0.37577182]
[0.27540654 0.52548502 0.01195732 0.29785731 0.41837972]
[0.00772562 0.56926749 0.00728659 0.67683737 0.20145023]
[0.87285431 0.02172855 0.24328987 0.01496605 0.20075113]
[0.10201658 0.43152714 0.57692589 0.30090683 0.17255851]
[0.1975773  0.17658589 0.06959649 0.56584511 0.22357712]
[0.04608693 0.06673315 0.69153706 0.15565628 0.15994465]
[0.22178381 0.03077655 0.47965962 0.45444982 0.28175467]
[0.05334717 0.08673411 0.16384653 0.12532679 0.52379826]
[0.0584006  0.38628411 0.62900128 0.13035515 0.0100523 ]
[0.33385056 0.79904455 0.011498   0.00597927 0.27088289]
[2.14620831e-06 6.06764251e-03 1.00237135e-01 4.76991877e-01
 5.50856846e-01]
[3.84302821e-04 6.67299804e-01 7.18422458e-02 5.72686249e-01
 1.23282186e-01]
[0.20585325 0.0012986  0.06413014 0.52591466 0.46188803]
[0.25932096 0.02269414 0.44131605 0.61435218 0.07803672]
[0.15859098 0.17620856 0.37761904 0.52710065 0.13433667]
[0.04400265 0.29194045 0.59591624 0.35945367 0.22418068]
[0.06239683 0.01265977 0.00109923 0.69276056 0.31672745]
[0.00124634 0.00666914 0.63905018 0.53182982 0.00078022]
[0.06247746 0.1467989  0.51356074 0.06095526 0.44112375]
[0.01740741 0.9541562  0.32175469 0.18929209 0.06419992]
[5.29537414e-02 4.77916483e-01 1.09191014e-01 6.97373476e-01
 1.47658110e-04]
[-1.10303838e-04 -1.62572142e-04  7.44915272e-01  8.48100403e-03
  1.85023549e-01]
[0.00418954 0.00661078 0.51284619 0.44010042 0.14391868]
[-1.68272072e-04 -5.48832642e-04 -4.16541459e-05  1.72815112e-02
  9.03661921e-01]
[-1.65696638e-04 -6.11648964e-04  1.95253374e-01  8.17273487e-02
  6.48621925e-01]
[0.58518918 0.11657047 0.13522512 0.32301282 0.26463603]
[0.00892025 0.01287001 0.57972338 0.51591756 0.08283421]
[ 0.17102384  0.41352204  0.004665   -0.00089622  0.46606763]
[0.18475801 0.30284415 0.49084601 0.39949289 0.15257489]
[0.11417088 0.2173211  0.27785147 0.61896602 0.07407455]
[ 1.79164674e-04 -3.69626623e-04 -4.07808835e-05  1.12148843e-02
  6.26944032e-01]
[0.01522384 0.00805245 0.56490875 0.37185435 0.23923567]
[0.14651759 0.02035558 0.16286792 0.28207154 0.49173021]
[0.10189837 0.40151616 0.1515911  0.53239971 0.19942907]
[0.18550679 0.18908098 0.00262388 0.0060946  0.59922839]
[0.04297955 0.22190445 0.76705077 0.07117759 0.00604215]
[0.00204767 0.00252672 0.10009798 0.49759848 0.49808122]
[0.0142152  0.34462443 0.47018076 0.2717362  0.34003414]
[0.285167   0.41358838 0.49806648 0.0877456  0.14899293]
[0.09238479 0.15517338 0.6703987  0.3298418  0.1077017 ]
[0.01848156 0.00575617 0.4512807  0.57763082 0.34059522]
[0.09148766 0.22379186 0.60091745 0.11545573 0.14773676]
[1.44809777e-02 2.72683187e-02 4.31616520e-02 2.91046278e-04
 6.15911997e-01]
[0.08276351 0.06913681 0.26705507 0.40446654 0.48506577]
[0.12500075 0.23654862 0.34977085 0.55689433 0.24969734]
[4.40961360e-02 8.75942981e-01 7.85910960e-04 3.97752477e-02
 3.41887889e-01]
[0.0876012  0.53567695 0.15301712 0.2080759  0.41892904]
[0.32173691 0.22288691 0.00692668 0.20742837 0.51714763]
[0.01875034 0.25465457 0.339422   0.30863462 0.42556201]
[0.00362866 0.00491437 0.41043477 0.20888205 0.43715541]
[0.01879022 0.51689047 0.58816519 0.28064032 0.135862  ]
[6.75735213e-03 9.58722036e-03 3.25396255e-04 8.93568252e-01
 1.12882630e-01]
[0.52542145 0.95336894 0.02851469 0.04314475 0.00926786]
[1.88150781e-03 4.25574860e-03 4.28044819e-04 1.86200220e-01
 5.48792676e-01]
[2.39158115e-04 1.73475545e-04 1.63752594e-01 3.89524304e-02
 6.01644124e-01]
[0.39251642 0.55531082 0.40130989 0.35837521 0.04752887]
[0.32583801 0.61423397 0.40120102 0.07168279 0.07800568]
[0.19871436 0.36000511 0.00648095 0.85141987 0.02900993]
[0.53168057 0.35765165 0.40767889 0.0187077  0.4308241 ]
[0.36461539 0.8726965  0.01256207 0.10668694 0.29855356]
[0.41397249 0.86267821 0.01752166 0.15682243 0.12605535]
[0.02072526 0.00809814 0.68196022 0.16888042 0.24945483]
[0.06836194 0.55803518 0.09485586 0.11503788 0.50188864]
[0.03926814 0.0325566  0.09285619 0.33290627 0.54334808]
[0.86977432 0.16562811 0.16342093 0.12128314 0.09615752]
[0.37064604 0.33027995 0.4413986  0.30724403 0.41095164]
[0.24921964 0.00170072 0.03104951 0.60897155 0.47798713]
[0.0571764  0.01493113 0.23776314 0.00993707 0.64406632]
[0.1078516  1.07034969 0.26219259 0.00251322 0.10937601]
[0.20714264 0.06863602 0.59047833 0.17665515 0.37742384]
[0.00337803 0.00310558 0.09299613 0.74807204 0.37208743]
[0.64095438 0.04015847 0.26466187 0.12636547 0.3057175 ]
[0.20809731 0.21743609 0.56523624 0.07951369 0.33330093]
[2.01906803e-02 3.35262186e-02 1.51713819e-01 5.87257003e-04
 6.69682897e-01]
[0.20386945 0.78328619 0.00586715 0.40223644 0.32169304]
[0.32811452 0.93679102 0.12233741 0.07625851 0.07632547]
[0.52502087 0.37681214 0.56588856 0.24621649 0.03312883]
[0.23361239 0.36571792 0.14788607 0.50845175 0.32312617]
[0.01653281 0.04800838 0.56891117 0.48688825 0.39009266]
[0.01321655 0.13798465 0.65637576 0.06254188 0.30563562]
[0.00110381 0.00127286 0.16608834 0.90630522 0.28342772]
[0.40458009 0.34649903 0.5932937  0.22384381 0.20385003]
[0.67284779 0.14218989 0.09642073 0.22961101 0.36281808]
[0.74542147 0.16118568 0.10735797 0.23318693 0.09743501]
[0.23463113 0.44096343 0.00831059 0.08652708 0.56480745]
[0.06871111 0.04954671 0.06370325 0.97266244 0.00162125]
[0.70956713 1.00149593 0.03622357 0.00303769 0.2259748 ]
[0.51615762 0.52818873 0.09398191 0.16337712 0.2609725 ]
[3.41678968e-03 7.46166145e-04 6.38132377e-02 8.77420155e-01
 1.79949601e-01]
[0.01978338 0.45861299 0.68743207 0.16288605 0.01269879]
[0.07990029 0.23381649 0.43552134 0.68372276 0.01820938]
[0.05283644 0.97774734 0.04293584 0.18219409 0.04798927]
[3.11333284e-04 1.87226107e-03 2.22231557e-01 9.63983468e-03
 7.16728352e-01]
[0.07124756 0.87044878 0.03976256 0.64009283 0.20725942]
[0.38668543 0.92526539 0.0044298  0.0973329  0.1167238 ]
[0.12053712 0.12971157 0.78012605 0.22063821 0.03733833]
[0.08749891 0.09742109 0.17131937 0.43833191 0.50416674]
[0.84017126 0.14454148 0.16252333 0.35304606 0.02482868]
[0.05986768 0.02087616 0.63507171 0.13243057 0.38010312]
[0.37857766 0.82747998 0.0535063  0.15653067 0.42092774]
