[0.10154984 0.23139468 0.50597046 0.31430913 0.26002097]
[0.30828954 0.04744035 0.62472285 0.11376066 0.09740475]
[ 0.17102384  0.41352204  0.004665   -0.00089622  0.46606763]
[6.56673175e-02 4.73302605e-02 6.08858591e-02 9.29586602e-01
 6.79136827e-04]
[0.19853684 0.27762693 0.06047291 0.22220612 0.48035045]
[0.00939975 0.09846903 0.58799335 0.06212859 0.27259269]
[1.54523843e-03 6.81586311e-01 2.76263470e-01 4.92897410e-01
 1.60117665e-04]
[0.0503538  0.74099461 0.07009225 0.4022052  0.00413895]
[0.21018892 0.10164598 0.00423517 0.00539085 0.54804703]
[0.25862449 0.55632692 0.00181072 0.04759529 0.38040461]
[0.09505484 0.58121903 0.16601611 0.09929391 0.41825659]
[0.00996131 0.07054188 0.67634645 0.02215115 0.19461119]
[0.04524881 0.88105525 0.00959584 0.41725391 0.00394854]
[0.00151836 0.00602909 0.21970657 0.60685914 0.26389173]
[0.31465585 0.0401293  0.28137849 0.54262318 0.03488519]
[0.04157523 0.41996579 0.50127742 0.42263492 0.02625447]
[0.03462023 0.78542582 0.01723923 0.22924891 0.13590316]
[-9.51532952e-05 -4.70241443e-04  2.70629273e-01  4.62718909e-01
  4.16505251e-01]
[ 4.08104623e-02 -4.52242798e-04  6.79057498e-01  2.75297313e-01
  5.53463429e-03]
[0.00182415 0.87464101 0.04881405 0.11847599 0.17499235]
[0.10586638 0.17135321 0.30644066 0.17588468 0.50394451]
[0.04268958 0.07922095 0.00457489 0.70701181 0.00146815]
[0.27368493 0.39692084 0.47802192 0.17943849 0.14726949]
[0.0386521  0.08132673 0.28189999 0.60640735 0.20777896]
[0.06239683 0.01265977 0.00109923 0.69276056 0.31672745]
[0.11889032 0.27094534 0.59223371 0.19591613 0.12400886]
[0.0678706  0.55402999 0.52595733 0.17041184 0.05616364]
[0.68492881 0.06009673 0.2965567  0.21303306 0.08018676]
[0.08649952 0.13690556 0.70752042 0.00290669 0.08756957]
[0.33025416 0.05054438 0.30079611 0.20513046 0.41621702]
[0.08514986 0.51798476 0.56720705 0.13974961 0.06925035]
[0.00221385 0.00104361 0.34988666 0.19619056 0.51961581]
[0.29871933 0.31369608 0.51382951 0.31571757 0.01614118]
[9.43539617e-03 7.33800083e-01 3.73290053e-04 1.54013961e-01
 4.60428068e-01]
[0.55588063 0.18330402 0.00620386 0.06300497 0.41089414]
[0.21632998 0.49923047 0.04254751 0.15709817 0.43168844]
[0.00370116 0.194093   0.6558181  0.06245485 0.0081738 ]
[0.00140527 0.00096959 0.08902138 0.87598221 0.00142001]
[1.53590944e-05 9.49131377e-03 2.73083607e-01 5.87701963e-01
 3.01872415e-01]
[0.00586161 0.80111067 0.03485116 0.10233396 0.22007322]
[0.19233651 0.32038244 0.40091331 0.43843575 0.14337402]
[2.69358236e-04 5.06523619e-03 5.96121067e-01 1.28533450e-02
 2.78936404e-01]
[0.01776862 0.39950752 0.15191787 0.14776302 0.47916147]
[0.63470973 0.00638163 0.25971984 0.02329478 0.19845224]
[0.21313899 0.81889871 0.00613619 0.00540415 0.01356174]
[0.00554892 0.00441912 0.07096702 0.7327571  0.0582105 ]
[2.45471761e-04 2.28939308e-01 4.45201662e-01 6.46716928e-02
 3.64815334e-01]
[0.07792818 0.58115655 0.21322621 0.45161287 0.04415693]
[0.04484661 0.64056163 0.24988627 0.2395769  0.25649132]
[0.20373029 0.47109176 0.56439318 0.13938658 0.06891098]
[-1.39912605e-04  8.07183650e-04  3.43015471e-01  2.89867322e-01
  4.52714549e-01]
[0.14413687 0.01210703 0.42081244 0.56676028 0.04639938]
[0.10841098 0.02140803 0.31664045 0.41446845 0.40254033]
[-2.26646783e-05 -4.37598265e-04  3.95361574e-01  3.78431454e-01
  4.83347685e-01]
[2.16937285e-04 1.02078986e-04 3.19024922e-01 5.81546725e-01
 7.30918741e-02]
[0.00134327 0.00194918 0.70700006 0.00119558 0.16106401]
[ 0.00504768  0.05112476  0.00644991 -0.00210246  0.60444942]
[0.09044207 0.0760594  0.16144138 0.62112242 0.23031304]
[0.60181487 0.52663723 0.18239891 0.01296961 0.00229238]
[5.02916921e-04 9.10829608e-02 1.88639065e-01 6.29020281e-01
 3.06265888e-01]
[ 5.82444406e-02  3.99224255e-01  4.95920586e-01 -1.47827255e-04
  3.54509391e-01]
[0.04977622 0.67974316 0.04703359 0.49580746 0.02023652]
[0.37154528 0.07111288 0.03807214 0.37300693 0.39479383]
[-5.61749515e-05  2.25433373e-03  5.61517955e-01  4.53239316e-01
  8.43687911e-02]
[0.03904457 0.474501   0.0866384  0.49033159 0.22246012]
[ 0.05479145  0.47394431  0.14780113 -0.00168791  0.50238523]
[1.10461389e-01 8.54637243e-01 3.37105306e-01 6.03482037e-02
 3.27016393e-04]
[0.07587813 0.12005283 0.64093872 0.18059575 0.0821534 ]
[0.17521722 0.2539836  0.30612415 0.52178651 0.12984302]
[0.00084137 0.13717371 0.27961564 0.25344515 0.4779749 ]
[0.35128497 0.00849109 0.01578669 0.40884873 0.43827875]
[0.00137142 0.00202857 0.72622846 0.00682971 0.03663973]
[0.04270816 0.40228989 0.01864819 0.54026984 0.28717187]
[0.00387328 0.0007018  0.58285039 0.51594389 0.00309933]
[0.53165782 0.06512639 0.41155881 0.43098027 0.02688516]
[0.01707381 0.05601703 0.0164808  0.29220929 0.52208921]
[0.09655384 0.00882227 0.26288263 0.64685563 0.04458754]
[ 0.27877754  0.64144747  0.1606593  -0.00214057  0.28485824]
[0.20683087 0.01928053 0.25588594 0.57831732 0.06953537]
[0.19861186 0.17751294 0.09987483 0.59262404 0.21624217]
[ 0.03905889  0.26790366  0.39806725 -0.00061913  0.42960397]
[4.40961360e-02 8.75942981e-01 7.85910960e-04 3.97752477e-02
 3.41887889e-01]
[0.19745343 0.37486993 0.55669231 0.12465395 0.23028397]
[0.4433186  0.17260793 0.42153229 0.02967418 0.34300835]
[0.36509055 0.04698474 0.11884084 0.48294413 0.31510581]
[ 3.20357509e-05 -3.68687722e-04  5.64210144e-01  4.34388359e-01
  3.29454187e-01]
[0.00274335 0.03986069 0.59362458 0.4776788  0.00332557]
[0.21997128 0.13318825 0.15296582 0.06569348 0.53597363]
[0.02181665 0.29602326 0.3944379  0.42162026 0.20937035]
[0.38785659 0.06753932 0.56191329 0.33621007 0.10494493]
[ 0.03245821  0.71198574  0.17412305 -0.00201535  0.34523818]
[2.01702530e-04 1.07235275e-01 2.08870511e-01 7.29871591e-01
 6.75103331e-04]
[0.22794944 0.01925998 0.35518509 0.08924289 0.43163197]
[ 7.95227159e-02  7.89532103e-01  9.92885004e-02 -4.43413302e-04
  1.34631042e-01]
[0.02997764 0.90967066 0.13541959 0.00960935 0.06823429]
[0.54125897 0.06994094 0.16827857 0.23289695 0.3058793 ]
[0.54264651 0.04723046 0.00873206 0.61447467 0.05052426]
[0.00349155 0.00822964 0.14396478 0.40110506 0.53147283]
[0.00291163 0.00997883 0.55770893 0.3306801  0.30187975]
[0.15357201 0.13100654 0.07591806 0.45003497 0.41312373]
[0.16309139 0.16979046 0.00257882 0.24923645 0.51094156]
[0.00669076 0.00318538 0.25845101 0.58979452 0.2233961 ]
[0.21314786 0.00107245 0.53888347 0.0301662  0.30287163]
[0.29590047 0.08453888 0.01275941 0.41478906 0.41863199]
[0.00093437 0.00739564 0.00333384 0.43851997 0.45838363]
[0.0211247  0.66463027 0.37272385 0.3382018  0.10115509]
[0.03325443 0.06005631 0.634446   0.53019862 0.00077659]
[0.22629997 0.36666615 0.4731997  0.30020335 0.23125675]
[0.11720831 0.83916283 0.28177617 0.00306943 0.09129708]
[0.0958223  0.63707591 0.27375725 0.35109787 0.00674329]
[0.00058479 0.29931163 0.28637305 0.09386017 0.49810318]
[-1.68852275e-05 -4.28218303e-04  4.26887799e-01  6.17908813e-01
  3.45705213e-01]
[ 2.90433637e-03 -4.92145708e-04  6.84196537e-01  1.92829258e-01
  1.03168287e-01]
[-1.64111001e-04 -5.47996402e-04  1.03742690e-03  6.65205840e-02
  6.55027317e-01]
[5.29916405e-04 3.07750390e-04 2.83681597e-01 6.33163169e-01
 7.06960365e-02]
[0.00141911 0.6314332  0.25594939 0.456503   0.26612496]
[ 0.00107893  0.00145785  0.45073935 -0.00194792  0.45179821]
[0.03190383 0.50498114 0.14198319 0.53137572 0.05578825]
[0.13172836 0.08457687 0.32259533 0.00149383 0.49669468]
[0.23484617 0.4971072  0.02246343 0.00531903 0.39221282]
[-1.27234366e-04  2.77770791e-03  2.30627778e-03  7.35496244e-01
  1.11948201e-03]
[0.10867508 0.88665095 0.15068567 0.18270408 0.00256067]
[0.04753582 0.83708317 0.19041278 0.04181766 0.01326717]
[0.0271977  0.59709812 0.14604145 0.41740887 0.36952056]
[0.02606307 0.48063756 0.00826331 0.69970972 0.01255747]
[0.00618075 0.36352105 0.51964939 0.121856   0.33125204]
[0.00177352 0.15465976 0.32622658 0.51518561 0.3250969 ]
[ 0.01919789  0.48091125  0.0475876  -0.0008402   0.49516408]
[0.1515713  0.25256384 0.59282418 0.08682626 0.00867593]
[0.07000778 0.82555763 0.05106777 0.01371357 0.36306184]
[5.29537414e-02 4.77916483e-01 1.09191014e-01 6.97373476e-01
 1.47658110e-04]
[-6.56653733e-05  9.11370908e-04  2.05967532e-01  5.68506303e-01
  3.81579798e-01]
[0.02555306 0.40636845 0.03927806 0.63888036 0.08614599]
[0.00268343 0.19977587 0.18983638 0.07229914 0.54645148]
[0.20664067 0.17450958 0.36563508 0.31054437 0.36797052]
[ 0.00357858  0.08153942  0.81977902 -0.00211059  0.05469069]
[ 0.09966691  0.16478059  0.64600995 -0.00079703  0.19254092]
[0.00422783 0.04280787 0.38809204 0.66084837 0.00068248]
[0.08010963 0.53315042 0.1519047  0.20654812 0.42548887]
[0.00569483 0.42269965 0.00371217 0.60545929 0.17075857]
[0.04388462 0.87452393 0.01418371 0.14966394 0.01154807]
[0.00271787 0.0646443  0.00123724 0.67252728 0.14491134]
[0.00401021 0.0015117  0.15503153 0.6740568  0.13163557]
[0.05894588 0.21511431 0.30118752 0.5239067  0.25532071]
[0.04117906 0.03416371 0.10006295 0.34861994 0.51365096]
[3.48883761e-01 6.84491131e-01 2.05805384e-01 2.69620990e-01
 6.23099171e-04]
[0.14654471 0.91880691 0.1993435  0.06031286 0.00260721]
[0.63987246 0.00523349 0.26182838 0.02228217 0.17173232]
[0.04714135 0.35182079 0.13156567 0.27358863 0.48492406]
[0.00642292 0.49219527 0.27573086 0.00205364 0.36572453]
[0.00279876 0.22131375 0.45362013 0.00205725 0.36354717]
[0.06826096 0.01331039 0.20693909 0.26864895 0.53068428]
[1.17953922e-01 2.31300198e-01 6.42242929e-01 2.69850681e-01
 6.23970412e-04]
[0.00120489 0.00253702 0.67110425 0.03575986 0.15552678]
[0.07398569 0.58077489 0.02181587 0.49198997 0.21009277]
[ 0.78474704  0.0248782   0.31007299 -0.00084158  0.09370011]
[5.08236149e-05 2.15722258e-02 7.64336269e-01 2.45764874e-01
 3.43161271e-04]
[0.53885332 0.04715258 0.23331378 0.48515378 0.08000189]
[0.05833999 0.54893066 0.02404281 0.4694446  0.2977758 ]
[0.61219635 0.00495444 0.09986288 0.24763898 0.19307769]
[-1.28883454e-04 -3.17235561e-04  4.89019568e-01  2.90362624e-01
  4.45268020e-01]
[5.99026806e-03 1.96194733e-02 4.05759756e-06 2.81949869e-01
 5.24048180e-01]
[0.01668026 0.39276374 0.1926545  0.56083531 0.13303723]
[ 0.019167    0.0466587   0.51884762 -0.00212524  0.4888964 ]
[0.19227627 0.73874651 0.00553067 0.00466527 0.26077943]
[0.21474151 0.04763176 0.00377216 0.65294059 0.24247207]
[ 0.24019628  0.2664498   0.61928965 -0.00213914  0.10354004]
[-8.59044066e-05 -2.53569865e-05  6.33917092e-02  4.95929109e-01
  4.59673281e-01]
[0.18220689 0.23719814 0.03928239 0.39414593 0.44206111]
[-1.50859227e-04 -4.17877087e-04  4.17490389e-02  2.43987262e-03
  6.38149028e-01]
[0.285167   0.41358838 0.49806648 0.0877456  0.14899293]
[-1.64766924e-04 -1.60484770e-04  8.93495512e-04  6.52167975e-01
  3.50770508e-01]
[-2.23315622e-05  5.33009294e-04  7.02891898e-01  5.39771765e-02
  3.93245377e-04]
[4.54970515e-05 5.72819379e-03 3.40664208e-01 2.15363525e-02
 5.32069446e-01]
[0.03882555 0.34875762 0.39366943 0.41210737 0.34080399]
[0.14585151 0.47615777 0.14212345 0.01708706 0.4508953 ]
[0.01435289 0.3479287  0.46353403 0.31354088 0.35659252]
[0.18928489 0.31211817 0.20665442 0.00556068 0.46276874]
[ 0.09702485  0.7182916   0.36909353 -0.0016038   0.04482851]
[3.98148625e-04 5.89282694e-05 4.97233259e-01 1.65838489e-01
 3.98868643e-01]
[0.07694776 0.47187513 0.13479413 0.23915682 0.39289146]
[0.00920293 0.09643128 0.50214107 0.05269039 0.40136853]
[0.04858959 0.1141207  0.39970174 0.288786   0.41534968]
[0.04626976 0.71529552 0.01645987 0.25023885 0.29344098]
[0.10713491 0.13718767 0.24192036 0.63523317 0.07092771]
[0.01946787 0.23731775 0.06729561 0.57635177 0.22049545]
[ 0.37183096  0.01696272  0.62532847 -0.00169075  0.33164628]
[0.01631202 0.5160778  0.00324654 0.61581542 0.18438292]
[0.01328893 0.77105553 0.03842496 0.12870193 0.34956171]
[0.28255948 0.45568514 0.10950343 0.62804862 0.00590406]
[0.02132976 0.25987554 0.07368102 0.64043712 0.00856176]
[0.01455087 0.00770227 0.54058268 0.35575053 0.22891716]
[0.08333219 0.12073279 0.63627482 0.17955444 0.03250181]
[0.07565597 0.02420344 0.38030482 0.49391868 0.27640635]
[0.2502626  0.25514254 0.04604464 0.26821642 0.49944663]
[0.14709695 0.21339466 0.60476936 0.17829178 0.03227312]
[0.22058474 0.02815444 0.00226729 0.27306944 0.53439849]
[-3.35086286e-05 -4.91864954e-04  1.14160796e-03  1.81065663e-01
  5.74736381e-01]
[-1.61481818e-04 -4.02577712e-04  8.71793084e-03  8.67428120e-01
  1.86122126e-01]
[0.04434698 0.82864196 0.00243356 0.11149588 0.06646579]
[0.0043881  0.76605504 0.13173408 0.09894825 0.30544275]
[0.00412375 0.23291865 0.53556216 0.27328647 0.28674067]
[0.00780208 0.14073693 0.01672937 0.18134808 0.54454861]
[ 0.00747629 -0.00055272  0.31481359  0.54066191  0.18970253]
[0.11698286 0.10436687 0.06114037 0.35172192 0.49090597]
[0.07826331 0.54510722 0.50484566 0.00243594 0.31565172]
[ 1.84045108e-05 -3.98011521e-04  4.25911596e-05 -1.73737798e-03
  8.06875811e-01]
[0.09649153 0.66215472 0.18743169 0.3674904  0.02382809]
[0.03162891 0.06013598 0.16805543 0.67025843 0.09318308]
[0.24660418 0.08270971 0.2313405  0.49329009 0.33925303]
[0.00709049 0.02470918 0.66147445 0.39038072 0.09395037]
[0.15555064 0.50782596 0.0594611  0.00908305 0.45843871]
[0.04584542 0.6846161  0.20282588 0.41818914 0.15235028]
[0.08309495 0.00423205 0.11601396 0.40123852 0.44072258]
[0.02385924 0.75005493 0.42059289 0.13212406 0.03937873]
[0.00096474 0.00333782 0.6812793  0.40469294 0.01517507]
[2.56348009e-04 1.30410432e-03 2.11013675e-04 4.87476695e-01
 6.44259647e-01]
[0.55175932 0.04829622 0.25357401 0.32610895 0.26726259]
[0.06173629 0.14174965 0.19764412 0.67362066 0.00305788]
[-1.66249582e-04 -6.11664068e-04  1.72374657e-01  7.16836881e-02
  5.78411857e-01]
[1.67754452e-02 3.90656063e-02 3.57373805e-01 6.22581785e-01
 6.13653881e-04]
[-1.43936975e-04  3.48224651e-03  6.96010900e-01  1.66403666e-01
  3.14062091e-01]
[-1.53249628e-04 -5.99807596e-04  2.37755462e-03  6.70945984e-01
  2.29560239e-01]
[0.03826651 0.50363766 0.19150397 0.34498652 0.40152956]
[0.06009289 0.58086325 0.04477347 0.07057013 0.43448952]
[ 1.89851862e-01  4.43104708e-01  2.76838112e-01 -5.46995057e-06
  4.37121546e-01]
[0.29196693 0.33399409 0.37617639 0.26627565 0.35597947]
[0.0130942  0.02066466 0.70743623 0.00944364 0.00416613]
[ 0.18757693  0.41989935  0.62873047 -0.00193714  0.0117635 ]
[0.18328541 0.29546701 0.67663311 0.00343594 0.00560015]
[-1.65663941e-04  1.54413016e-04  2.56509800e-01  1.33590030e-01
  5.53756609e-01]
[0.19665731 0.1976343  0.45726599 0.35610377 0.23661734]
[0.03723927 0.3942238  0.47033362 0.49933749 0.03779308]
[0.10234406 0.71265408 0.25700065 0.00220937 0.30003813]
[0.00421423 0.19649946 0.66730429 0.3959154  0.00604444]
[3.72443895e-04 2.99756985e-03 9.72189280e-04 5.14146525e-01
 4.09279528e-01]
[0.01250266 0.28571561 0.00181927 0.64576558 0.13651645]
[0.23739186 0.44949476 0.09207169 0.58606433 0.10701321]
[0.00420395 0.3065416  0.01793581 0.07257708 0.548493  ]
[3.70334887e-02 8.38893235e-02 1.71545932e-04 6.12654832e-01
 3.50281408e-01]
[0.10189837 0.40151616 0.1515911  0.53239971 0.19942907]
[0.03896592 0.79725243 0.28438379 0.24551448 0.01958764]
[-1.67466326e-04 -6.11728740e-04  1.22007964e-01  5.00779526e-02
  6.62552448e-01]
[0.25714001 0.26911806 0.54963495 0.15356495 0.05807859]
[0.53775463 0.07202902 0.24813775 0.32197755 0.26210049]
[0.12452967 0.76131161 0.21459461 0.13051274 0.00367642]
[0.10567165 0.2408946  0.48024489 0.42859228 0.09455696]
[0.08499133 0.30128794 0.08924335 0.00993206 0.51424505]
[-1.70395582e-04 -6.11777547e-04  8.28732183e-04  1.27079025e-01
  6.34760828e-01]
[0.01788998 0.02906323 0.49337344 0.46029167 0.14372924]
[0.00064266 0.24281328 0.02656627 0.55382256 0.37175076]
[0.00252722 0.15893775 0.07865483 0.21975903 0.54147337]
[0.04307245 0.47063819 0.00372368 0.68637754 0.12249334]
[0.05334717 0.08673411 0.16384653 0.12532679 0.52379826]
[0.05891186 0.06740527 0.126352   0.55671589 0.34231597]
[0.53222329 0.00342392 0.00297116 0.28013462 0.40676583]
[0.36287289 0.78019093 0.00256094 0.00237739 0.08797645]
[0.15859098 0.17620856 0.37761904 0.52710065 0.13433667]
[1.48671755e-01 2.51434661e-01 8.52414799e-01 4.97205654e-02
 1.46514492e-05]
[0.07527452 0.08492042 0.01304416 0.48102096 0.45488583]
[ 3.41262533e-04  8.57520218e-03  6.49971480e-01 -3.11406718e-04
  2.67830122e-01]
[ 0.00567221  0.00903253  0.22057636 -0.00140894  0.52942648]
[ 0.0185816   0.02937575  0.72493894 -0.0012767   0.00428057]
[0.01631098 0.21730682 0.63085665 0.42231004 0.01422286]
[0.00064088 0.00596836 0.3898395  0.19829402 0.41740164]
[0.00684482 0.63612311 0.24834782 0.3384976  0.35262092]
[0.04422692 0.09093631 0.01127226 0.4157876  0.51171047]
[0.23719004 0.39322742 0.00203188 0.60688705 0.06709048]
[6.15893492e-04 2.91210153e-03 6.57723692e-04 9.11766346e-01
 1.04771619e-01]
[ 0.04276477  0.68946828  0.59038934 -0.00211083  0.0477    ]
[-1.62625127e-04 -1.65177152e-04  5.35953251e-01  2.40909045e-03
  4.01596771e-01]
[0.7441446  0.00758708 0.01567161 0.27799431 0.0055924 ]
[0.01250166 0.31730628 0.51770688 0.51311151 0.0278151 ]
[0.00546104 0.44468209 0.42067313 0.17940064 0.31102318]
[0.05472453 0.71790853 0.4818864  0.15248453 0.01951429]
[0.01770638 0.24057012 0.32069119 0.29148689 0.40205891]
[ 0.11377067  0.18746841  0.32093715 -0.0011614   0.46119389]
[0.02727164 0.0491972  0.50235351 0.534544   0.00064076]
[0.11764726 0.70839044 0.33789167 0.06862344 0.08786451]
[0.12968545 0.24689164 0.31722479 0.08268746 0.49824699]
[0.05953091 0.1392251  0.23282397 0.39581384 0.44352349]
[0.04863476 0.11370332 0.190321   0.33042576 0.48061394]
[2.51736103e-01 8.17014292e-01 8.03595744e-06 7.14323954e-02
 7.77397569e-02]
[1.90300895e-03 1.67751866e-03 1.95483912e-04 9.26118025e-01
 3.60091787e-01]
[0.00199679 0.02861308 0.26618355 0.54378092 0.37889224]
[-1.69817067e-04 -6.11009212e-04  7.55457240e-04  4.02363444e-02
  7.60811000e-01]
[0.00064314 0.01077961 0.41779044 0.37120716 0.30308181]
[-1.28798488e-04 -1.47671237e-04  7.64883888e-01  8.76597750e-03
  1.89993958e-01]
[0.21214056 0.34848677 0.5871899  0.0385938  0.00103454]
[0.20354803 0.01731414 0.30551357 0.24446866 0.44887091]
[0.01776352 0.04073117 0.45742603 0.157968   0.43389712]
[0.26754077 0.07429806 0.47602598 0.3618661  0.22877118]
[0.03367085 0.44403897 0.00675014 0.62714088 0.16851998]
[4.14100633e-01 7.50542404e-01 8.64320769e-05 4.44383019e-01
 2.70213981e-02]
[0.00142043 0.63196007 0.25889973 0.43777129 0.04027558]
[0.00834073 0.46225154 0.15506689 0.44745533 0.28366979]
[0.00208512 0.12633808 0.35004242 0.51942327 0.36007168]
[0.01304701 0.45909393 0.04794768 0.6770828  0.08189119]
[0.05516454 0.28376348 0.59427729 0.53271929 0.00112409]
[0.02454394 0.02759975 0.37047807 0.59353167 0.004612  ]
[ 0.3119718   0.5646136   0.33954447 -0.00176359  0.34516093]
[-9.21517625e-05  1.73292774e-04  3.72163886e-02  2.46035168e-03
  6.79741898e-01]
[0.63293143 0.00636204 0.26121971 0.02325951 0.19817658]
[0.26039442 0.02159065 0.65190964 0.14681829 0.07503909]
[0.02212491 0.02481962 0.52009389 0.28668552 0.31759673]
[0.09477214 0.57949173 0.16552309 0.09899275 0.42291397]
[0.00415814 0.00660584 0.51143768 0.44179093 0.14391868]
[0.02952542 0.23009916 0.44553768 0.05867025 0.36415164]
[ 0.20292815  0.0836295   0.49911649 -0.00068497  0.40003317]
[0.00536721 0.10692768 0.46395811 0.57733972 0.1078795 ]
[0.0046931  0.27312493 0.00433681 0.59664702 0.36011695]
[0.02048076 0.47454653 0.05506367 0.60927341 0.00917405]
[0.07218431 0.73572148 0.08096409 0.01360591 0.39073383]
[0.00156382 0.0203995  0.0058928  0.29280049 0.54408946]
[0.24156346 0.26861908 0.5750004  0.16801686 0.15227367]
[0.00132437 0.00932672 0.00276314 0.48683775 0.4001353 ]
[0.00754932 0.00362215 0.29029409 0.24493837 0.45997504]
[0.17312577 0.00946945 0.37525608 0.12602565 0.44837607]
[0.2766361  0.47487145 0.00281027 0.26512594 0.38227867]
[0.04545351 0.37129531 0.31330033 0.10644161 0.46727367]
[ 5.01685113e-02 -2.73633481e-04  7.02010360e-02  4.23795629e-01
  4.46458395e-01]
[0.33672969 0.03468565 0.65021437 0.11953266 0.08863396]
[0.02227204 0.02474673 0.49118381 0.45823954 0.14308962]
[0.02330888 0.73286207 0.4109586  0.1290487  0.08828317]
[0.02054779 0.47608889 0.03875722 0.61055232 0.01168218]
[0.05935254 0.13944595 0.48248163 0.00575757 0.42502118]
[0.16253832 0.25944088 0.46495806 0.26806211 0.31934005]
[0.11209219 0.22472033 0.46077219 0.41112876 0.13240548]
[0.01090571 0.00132415 0.87023013 0.0383657  0.0247658 ]
[0.01643903 0.39318421 0.46696383 0.50398182 0.03778789]
[0.5218299  0.04564409 0.00930532 0.44602473 0.27040283]
[0.1975773  0.17658589 0.06959649 0.56584511 0.22357712]
[ 0.21600866  0.24246999  0.56319051 -0.00213479  0.26157922]
[0.7977445  0.02316056 0.19439414 0.31510824 0.00225082]
[0.02194828 0.22628748 0.11260988 0.31739683 0.49032035]
[ 1.53946692e-02 -2.08634299e-04  3.21874779e-01  4.07993441e-01
  4.37900364e-01]
[0.138656   0.18990389 0.34835613 0.53362124 0.15173319]
[0.41622751 0.01191316 0.37646746 0.26684633 0.35642895]
[-1.10290701e-04 -4.41995297e-04  1.58416037e-02  4.93189176e-01
  4.87455187e-01]
[-1.33904467e-04 -5.41774749e-04  7.19796839e-03  1.66007156e-01
  5.89153692e-01]
[0.00190636 0.02846704 0.53138281 0.16415831 0.30341289]
[0.00104517 0.09395516 0.16459038 0.53535512 0.3700608 ]
[0.53775749 0.82482926 0.59849698 0.00266434 0.00779803]
[0.05059506 0.35602937 0.14085088 0.19071359 0.50933341]
[0.00281576 0.0471416  0.01012744 0.62154282 0.34513984]
[0.09716567 0.64600003 0.26722671 0.34268888 0.00081718]
[0.00065354 0.05653424 0.05409802 0.24458648 0.54220424]
[ 0.01628092  0.23552165  0.67017258 -0.00148926  0.04469662]
[0.00200923 0.16602238 0.16572459 0.28485679 0.49344596]
[0.13650214 0.23932625 0.41483792 0.36933418 0.3491226 ]
[0.0015999  0.0100416  0.00447757 0.68534914 0.09426106]
[0.09023136 0.16991161 0.24652755 0.47998121 0.3745779 ]
[0.26475952 0.56784645 0.00997426 0.00532411 0.39427341]
[0.00367692 0.00373746 0.30752559 0.01923292 0.52139997]
[0.32173691 0.22288691 0.00692668 0.20742837 0.51714763]
[0.03217671 0.07869781 0.7084415  0.02956989 0.00402811]
[0.11267629 0.66950397 0.1226803  0.42520329 0.01495489]
[0.31188007 0.05401271 0.40137845 0.40341639 0.36688181]
[3.46522980e-04 4.26615119e-03 4.02892597e-01 6.65026185e-01
 6.97348571e-04]
[0.00675429 0.00318611 0.26039179 0.58893024 0.22340246]
[0.00975092 0.15908612 0.26101068 0.23465028 0.46908294]
[0.60558812 0.07001411 0.19179129 0.37608561 0.02439164]
[0.22802575 0.43432684 0.55457549 0.14606539 0.07465778]
[0.02119459 0.64447747 0.14728066 0.52415418 0.06788282]
[-1.67997658e-04 -1.86223438e-04  5.10605124e-01  9.85481854e-03
  4.24744166e-01]
[0.08851692 0.32461817 0.00241163 0.59769405 0.26948405]
[0.00800864 0.5736941  0.54032683 0.20949253 0.18125226]
[ 0.00994746  0.00649467  0.41809187 -0.00196253  0.48560596]
[0.06410786 0.74049957 0.47188795 0.15430319 0.01974409]
[ 0.0177159   0.45558772  0.10638564 -0.00058256  0.48426791]
[0.20489607 0.47378868 0.56762035 0.13937061 0.17671948]
[0.18241184 0.29120415 0.51815592 0.02024714 0.31934005]
[2.85497803e-04 1.31066492e-02 4.96736395e-01 4.76340997e-01
 6.16062357e-02]
[ 0.2928713   0.56004797  0.10761658 -0.00164532  0.45032556]
[0.05083429 0.69415577 0.04803111 0.46154774 0.15548552]
[0.17612714 0.0421838  0.31342746 0.19885341 0.50321668]
[0.00910442 0.016674   0.51588319 0.13380652 0.40034351]
[0.00096392 0.00719103 0.65101211 0.39213778 0.15927091]
[0.037807   0.45950707 0.13019049 0.49033159 0.22246012]
[0.01387914 0.09884775 0.04039738 0.39366821 0.4971684 ]
[3.84302821e-04 6.67299804e-01 7.18422458e-02 5.72686249e-01
 1.23282186e-01]
[0.26122898 0.87791858 0.00154771 0.02665959 0.10655706]
[0.12725699 0.29242185 0.6340643  0.21073708 0.003131  ]
[0.03178015 0.37844789 0.50730523 0.26524559 0.1370563 ]
[0.42059533 0.64504596 0.46813077 0.04318029 0.00681429]
[3.49402630e-05 1.01110526e-04 2.50953928e-01 1.30739511e-01
 5.36855865e-01]
[0.02891413 0.46528146 0.00459185 0.68206373 0.06620467]
[2.25814159e-05 9.96792020e-04 1.43128887e-02 1.46496022e-01
 6.16626575e-01]
[ 0.00857652  0.21883215  0.3573318  -0.00187548  0.4990627 ]
[0.71869941 0.13960445 0.00929671 0.01191968 0.02733331]
[0.20182097 0.04322144 0.06536986 0.52629451 0.39577821]
[ 1.49570106e-02 -4.45144560e-04  6.22862674e-01  2.25957116e-02
  1.92988856e-01]
[0.10627147 0.66520696 0.19226332 0.43614067 0.01534807]
[0.01122189 0.01594333 0.67351368 0.18661002 0.03735334]
[0.00391871 0.00065537 0.631632   0.01374686 0.29557205]
[-1.62334302e-04 -6.02075319e-04  2.80673153e-02  8.80077648e-01
  3.99053674e-03]
[2.76538332e-01 2.11931367e-03 8.52837687e-01 4.99085833e-02
 1.58806078e-05]
[0.02322251 0.00464922 0.4599864  0.32772215 0.3886545 ]
[0.0409667  0.00657875 0.56914891 0.33398877 0.19318604]
[0.18488475 0.30543423 0.47723774 0.39210837 0.01837167]
[-1.61693676e-04  3.17479287e-04  6.03097589e-02  4.71758251e-01
  4.44063872e-01]
[-1.43688441e-04  3.65050334e-03  6.99362496e-01  4.15228809e-01
  1.98924443e-02]
[7.85320642e-03 8.03924670e-01 3.13806092e-01 2.33046741e-01
 3.07552400e-04]
[0.04848393 0.04030721 0.11774995 0.36132608 0.51228085]
[0.1026258  0.23303962 0.00707555 0.26442952 0.53423926]
[2.39158115e-04 1.73475545e-04 1.63752594e-01 3.89524304e-02
 6.01644124e-01]
[0.16048554 0.01354795 0.43035    0.55655189 0.04622947]
[0.18377522 0.30411597 0.700585   0.0508908  0.00190679]
[0.12174215 0.03442285 0.59750853 0.02202588 0.18502717]
[0.00763431 0.56221072 0.01048673 0.03404708 0.43879024]
[5.43817300e-01 5.09393413e-01 3.10117565e-01 1.33863231e-02
 2.02234964e-04]
[-1.63959671e-04  4.29144026e-04  3.48505488e-01 -1.92590041e-03
  6.67749777e-01]
[0.24908929 0.26067876 0.53243626 0.30886096 0.01128113]
[0.0026197  0.0383748  0.59652332 0.4877794  0.02640148]
[0.08134202 0.54134432 0.15423746 0.2097519  0.4188328 ]
[0.03476309 0.37277227 0.4447146  0.47986917 0.16106779]
[0.02314332 0.02798466 0.56809636 0.45704613 0.01520039]
[0.00721373 0.94634241 0.10966447 0.01369179 0.01003836]
[0.0580914  0.80648475 0.19696209 0.00135318 0.28271716]
[-1.62622515e-04 -4.29285138e-04  7.59796073e-03  7.56413849e-01
  1.93244723e-01]
[0.02993583 0.59471382 0.14550125 0.41694337 0.37107717]
[0.07743526 0.72859761 0.03379566 0.41271472 0.02850397]
[0.24828885 0.48607071 0.15759939 0.03597051 0.38388215]
[0.01032855 0.12786084 0.03630869 0.26718721 0.53549563]
[0.14553672 0.33057432 0.30783379 0.53696887 0.06474755]
[0.3253889  0.05637743 0.41875671 0.4209736  0.24932873]
[0.05897532 0.06747832 0.1264478  0.55718801 0.33875147]
[0.02511281 0.02506525 0.16131555 0.39502422 0.5156327 ]
[0.05331186 0.04436757 0.1293787  0.53715709 0.31968039]
[ 1.13823027e-02  1.64540298e-02  6.37210098e-04 -1.95345603e-03
  6.42630108e-01]
[0.09454301 0.62911445 0.16578722 0.01167514 0.44255968]
[0.11595753 0.28954435 0.05268863 0.65317393 0.01222218]
[0.13181506 0.00346794 0.18375295 0.64134276 0.09086098]
[0.02468301 0.05758053 0.2402727  0.42272285 0.41390397]
[0.04511779 0.64442399 0.24057183 0.23913765 0.2560245 ]
[0.00809466 0.00628804 0.68087495 0.08503164 0.12485074]
[2.91606245e-04 9.82687691e-03 3.50420111e-01 5.31248632e-01
 1.25466371e-01]
[ 1.12696661e-01 -3.49372505e-04  5.82619808e-01  3.11894414e-02
  2.85891085e-01]
[0.00127432 0.00906257 0.14471862 0.40264333 0.53359035]
[ 0.23700449  0.26607867  0.61470054 -0.00131009  0.07718535]
[0.10788668 0.19852715 0.25617044 0.57788389 0.07276269]
[0.21922084 0.0304141  0.47415274 0.44920345 0.27851261]
[0.00423855 0.00991984 0.68353939 0.08537278 0.12462616]
[ 0.82249514  0.11756472  0.00948218 -0.00196394  0.02665922]
[ 0.0047763   0.01000237  0.00065704 -0.00201061  0.54926927]
[0.05458659 0.00940718 0.00095075 0.5674681  0.40943129]
[ 0.16085818  0.41964641  0.02084363 -0.00115152  0.46580247]
[0.00955123 0.21903296 0.32988463 0.56167989 0.13323742]
[0.0207833  0.48162558 0.00778799 0.69962987 0.01256064]
[0.22360459 0.0479486  0.02839279 0.51950182 0.39439273]
[0.15559053 0.23131472 0.36466434 0.52204441 0.24112086]
[0.62976805 0.12447095 0.08471402 0.39170472 0.0116352 ]
[-1.46891913e-04 -9.39341696e-05  6.94444132e-03  1.66013848e-01
  5.89139973e-01]
[0.02011731 0.45775611 0.00902089 0.56089713 0.13302521]
[0.15853029 0.29102128 0.38261457 0.39634723 0.32983335]
