[0.00504429 0.00288899 0.03187075 0.03087421 0.69976031]
[0.05514395 0.07024226 0.05976054 0.72909602 0.2708181 ]
[0.4426371  0.13140846 0.02814294 0.46560202 0.54420445]
[0.04342043 0.02284695 0.07580204 0.01235399 0.80835128]
[0.17624417 0.03924645 0.14706171 0.87164549 0.14351421]
[0.86939606 0.31309914 0.12772745 0.57353933 0.03946593]
[0.63780476 0.13334994 0.28192    0.23055257 0.33154351]
[0.08119257 0.16600303 0.10152268 0.44348093 0.46788454]
[0.02508183 0.69329518 0.46072966 0.49180284 0.0715601 ]
[0.10826138 0.03603788 0.16251836 0.50065341 0.3806657 ]
[0.23802148 0.52739403 0.47703914 0.00173726 0.41652402]
[0.13023155 0.06798103 0.06850674 0.76560912 0.1908654 ]
[0.40510815 0.18275006 0.05277225 0.97759296 0.00737187]
[-3.95331420e-05  1.10336914e-02  3.19523820e-02  6.60716131e-01
  3.27307878e-01]
[5.80506625e-04 1.43029761e-04 7.08384015e-02 1.27134180e-01
 7.70765844e-01]
[0.14892373 0.02958769 0.01162121 0.62662115 0.59138701]
[0.1968394  0.20156359 0.13718975 0.02160243 0.6728083 ]
[0.00645308 0.09798631 0.0668894  0.84112755 0.25365367]
[0.09732524 0.01249927 0.01247303 1.12758352 0.0251033 ]
[0.54330855 0.01821949 0.4063364  0.54801789 0.16145728]
[0.01216817 0.01293632 0.06813706 0.56574342 0.55171904]
[0.64540575 0.34388504 0.15588445 0.40772866 0.14621375]
[5.67352402e-04 5.25000119e-02 1.65778792e-02 4.39950455e-01
 5.96186302e-01]
[0.88338813 0.13084125 0.13211608 0.40124127 0.17133877]
[0.01573574 0.03464779 0.69392778 0.00199387 0.42569071]
[0.56853386 0.6439922  0.41671456 0.41515401 0.29009144]
[0.02749762 0.0502722  0.09019988 0.50868569 0.50815738]
[0.06689404 0.0354851  0.05441685 0.01228419 0.80445914]
[0.06327487 0.04274812 0.0471135  0.00846963 0.76832022]
[0.57660644 0.86576261 0.57011038 0.0366574  0.00359161]
[0.1981488  0.00080524 0.0382473  0.63832888 0.53097122]
[0.31470862 0.29341652 0.4408485  0.02193247 0.40330765]
[0.00321187 0.04847594 0.03327876 0.89386126 0.08147042]
[-1.51958846e-04  1.03054279e-03  4.46510237e-03  4.12968977e-02
  6.44245592e-01]
[0.35599035 0.00298745 0.37196407 0.61473422 0.24569791]
[0.41058103 0.04667443 0.13626202 0.42110889 0.47613644]
[0.02121417 0.79773895 0.52988028 0.56593117 0.08236042]
[0.01842705 0.01223319 0.00714382 0.02003401 0.80070538]
[0.61935771 0.69546231 0.12122043 0.08020594 0.22949245]
[0.34300266 0.26921229 0.65745837 0.02904002 0.14645136]
[0.18297768 0.03917758 0.15245498 0.90367871 0.14879037]
[0.74203828 0.11492356 0.11106144 0.56440733 0.16591777]
[0.56121349 0.29326836 0.26756665 0.48765181 0.15377629]
[0.79857564 0.47004284 0.72399441 0.37083993 0.02392431]
[0.10861759 0.03615828 0.16305244 0.5023052  0.38191759]
[0.50346797 0.59411761 0.19660449 0.85774048 0.12919078]
[0.45909969 0.34967343 0.17591821 0.82299892 0.17289806]
[0.45715322 0.20708705 0.05958777 1.09252333 0.03118228]
[0.05309226 0.20498993 0.05592504 0.74718815 0.50711726]
[0.15160104 0.10002798 0.17006414 0.79753171 0.31987056]
[0.16156811 0.03237334 0.01237316 0.67699291 0.34501496]
[0.07197917 0.02622135 0.05804239 0.78073913 0.57406751]
[0.85406816 0.4634693  0.3069286  0.44902378 0.13147886]
[0.04616511 0.14149757 0.65596208 0.44277565 0.07485484]
[0.24079117 0.19609481 0.4631656  0.01093593 0.59585049]
[0.09424809 0.20868804 0.18906369 0.01358299 0.64996097]
[0.59835421 0.89842984 0.57742369 0.0510296  0.12765978]
[0.07211951 0.53523236 0.56010731 0.99736441 0.07621607]
[0.02189894 0.12799767 0.17665806 0.93477661 0.4604459 ]
[0.13171371 0.0590571  0.01567302 1.01076628 0.12180288]
[0.47473936 0.00331464 0.15674498 0.48106859 0.56743972]
[0.02145988 0.01417084 0.00482883 0.07951295 0.76711038]
[0.00265303 0.04114356 0.17238988 0.40074327 0.70659547]
[0.00292387 0.00546853 0.11078153 0.05272594 0.68572109]
[0.01371901 0.01335377 0.15477997 0.66326161 0.58259063]
[0.07058302 0.11406081 0.10362488 0.0489668  0.59772309]
[0.01925853 0.0352256  0.06345991 0.35733906 0.62938842]
[0.80348594 0.01069257 0.41553529 0.41397322 0.29621964]
[0.00543856 0.0432884  0.54319273 0.88389019 0.22528159]
[0.01415531 0.18946065 0.07073975 0.32684075 0.66158891]
[0.26353195 0.27705361 0.5852774  0.04293014 0.28228681]
[0.00357393 0.07631499 0.0594303  0.63238338 0.71151377]
[0.05270591 0.01648041 0.02442737 0.2099852  0.69090308]
[0.49978541 0.1008033  0.22067069 0.18154647 0.49623882]
[0.02119911 0.03897412 0.73266788 0.36062957 0.02731046]
[0.00366572 0.0032442  0.36210703 0.65830722 0.52825412]
[0.0109971  0.07434454 0.03203967 0.35724703 0.62652402]
[0.01089907 0.16309235 0.07597607 0.3512861  0.61980739]
[0.00843103 0.00885776 0.04754397 0.39424661 0.67590782]
[0.01980058 0.39827993 0.78151643 0.22039518 0.03972963]
[0.24446258 0.19183105 0.46873477 0.02008752 0.6018963 ]
[0.03198414 0.03034583 0.28508564 0.03913494 0.65750121]
[0.02449499 0.04241768 0.27166656 0.05184979 0.71216607]
[0.03304571 0.11690537 0.22386278 0.03725591 0.78865138]
[0.04285122 0.02254062 0.0748115  0.02251867 0.81760661]
[0.12959852 0.05157785 0.1366927  0.04955438 0.75224904]
[0.33780866 0.21332644 0.64632578 0.03451355 0.25673822]
[0.69105955 0.77153808 0.13908677 0.08953815 0.25554354]
[0.64472752 0.69986262 0.23991523 0.10093992 0.21540824]
[0.75632475 0.11714745 0.11320027 0.57531277 0.1691193 ]
[0.20714521 0.23696796 0.1867417  0.66363449 0.37435181]
[0.21758292 0.96834729 0.41011176 0.30677047 0.36457986]
[0.04354735 0.87997858 0.40719891 0.30197627 0.42169127]
[0.75475961 0.13819874 0.23944582 0.07389404 0.50090528]
[0.26311081 0.08908053 0.07378121 0.52517531 0.57503639]
[0.06858065 0.03746524 0.10376417 0.10114067 0.69764662]
[0.06014703 0.09714684 0.10370503 0.12610544 0.70014441]
[0.28499732 0.22173062 0.76560497 0.20652664 0.03880655]
[0.01002008 0.00962216 0.0844184  0.30618277 0.73408819]
[0.02146302 0.26290297 0.07935422 0.54198093 0.60480983]
