[0.00420289 0.20002371 0.458711   0.0177833  0.53948792]
[0.43975444 0.47254578 0.03323839 0.00861395 0.55159308]
[0.63502877 0.04684752 0.21228246 0.06157826 0.41971526]
[4.52750538e-03 4.69146444e-03 4.00982440e-04 6.43560369e-01
 4.38810769e-01]
[ 4.73389545e-04 -1.00253485e-05  2.24497383e-02 -1.18836228e-03
  6.33476753e-01]
[ 0.18365552  0.40687968  0.40650535 -0.00214544  0.52041798]
[0.14334138 0.62473849 0.2990973  0.19774446 0.24499366]
[0.20978438 0.1711261  0.40383661 0.00925983 0.51948209]
[0.43527506 0.08023488 0.19170135 0.15743698 0.4251704 ]
[0.57595035 0.59106579 0.33680877 0.054084   0.15429245]
[0.22038031 0.04302088 0.63530778 0.2296712  0.0405953 ]
[0.28416236 0.24961736 0.58445168 0.04287935 0.27884782]
[0.37849255 0.30850596 0.03700595 0.00836688 0.47879662]
[0.89534185 0.12469923 0.11427852 0.40292844 0.02478129]
[ 1.65805519e-01  7.22625585e-01  3.45924072e-01 -5.31564249e-04
  2.73188053e-01]
[0.70631548 0.35592074 0.08223148 0.34765509 0.10424473]
[0.06457657 0.04396321 0.01395116 0.0033541  0.65633245]
[0.59727716 0.12483997 0.26400744 0.06043763 0.29488297]
[0.03604169 0.61420799 0.31253395 0.02355492 0.41213312]
[0.45864051 0.00193617 0.39085142 0.18877513 0.44941465]
[0.53354971 0.01320026 0.14307849 0.05933914 0.57187259]
[0.68659    0.35890199 0.32733582 0.19023587 0.03855462]
[0.89004626 0.0225739  0.23868473 0.1004113  0.21430159]
[0.00235566 0.22414752 0.61768922 0.03792456 0.12291476]
[0.61935771 0.69546231 0.12122043 0.08020594 0.22949245]
[0.07991159 0.0162038  0.03534013 0.00623881 0.61276434]
[0.58292553 0.09000304 0.08662279 0.4544125  0.13155848]
[0.28292826 0.4582162  0.4120576  0.41381556 0.01436547]
[0.13365885 0.89654714 0.3710012  0.10198713 0.13162412]
[0.44237814 0.63890588 0.39430206 0.00175799 0.32287859]
[ 1.47896888e-04 -3.97450461e-04  2.60767349e-02  1.25107335e-01
  6.76602468e-01]
[4.82643814e-03 4.40534635e-04 2.66911193e-02 2.55162582e-02
 6.08343845e-01]
[0.71037489 0.02400826 0.53126174 0.18697006 0.16579163]
[0.19414853 0.39341111 0.43100483 0.0235421  0.39435663]
[0.55633017 0.62464739 0.10888252 0.07182743 0.38186211]
[0.58887353 0.63919521 0.21913165 0.09201136 0.19671662]
[0.03510193 0.901489   0.35185849 0.20613347 0.03826274]
[0.31471797 0.5097389  0.45835645 0.22467671 0.0069883 ]
[ 2.72159010e-01 -4.38664803e-04  3.69235145e-02  8.67941204e-01
  5.11378383e-02]
[0.44550846 0.82498429 0.09222937 0.02104616 0.02664042]
[0.26353195 0.27705361 0.5852774  0.04293014 0.28228681]
[0.02119911 0.03897412 0.73266788 0.36062957 0.02731046]
[0.01552199 0.03277885 0.64219598 0.0016852  0.39727946]
[0.32745803 0.64711584 0.36241702 0.0013645  0.29673968]
[0.62715483 0.11248978 0.27599137 0.06327807 0.30828413]
[-1.51958846e-04  1.03054279e-03  4.46510237e-03  4.12968977e-02
  6.44245592e-01]
[0.31470862 0.29341652 0.4408485  0.02193247 0.40330765]
[ 3.46026102e-02 -3.74959112e-04  2.56979819e-02  9.50264943e-02
  6.71631298e-01]
[0.00112681 0.02603955 0.47543648 0.00224629 0.54237967]
[0.56189998 0.37430181 0.03571469 0.0094146  0.58740323]
[0.0312751  0.02793781 0.71992033 0.35096861 0.02677964]
[0.03160549 0.01905933 0.02023117 0.08988579 0.56963379]
[-1.68047705e-04  1.03072209e-03  4.46523820e-03  4.12982033e-02
  6.44264964e-01]
[0.00237922 0.04235457 0.01988721 0.09305943 0.58929024]
[1.94202363e-05 1.62791058e-02 4.02655185e-02 2.43202036e-03
 6.43528518e-01]
[-1.18484208e-04  4.37509326e-03  4.34211713e-04  3.56778730e-02
  6.87893427e-01]
[5.27236223e-05 7.64168849e-03 6.60588737e-01 2.38531720e-02
 4.05097639e-01]
[0.02919126 0.02992861 0.79036636 0.07822447 0.10576059]
[0.02119871 0.01925286 0.74526322 0.20574817 0.01074903]
[0.554166   0.83205489 0.54792717 0.00842159 0.00273708]
[0.02074986 0.03814191 0.717264   0.43163241 0.00428609]
[0.02677022 1.00199999 0.23823276 0.10012424 0.04733772]
[0.08246105 0.01472993 0.04674987 0.02988253 0.5869373 ]
[ 4.23383833e-03 -5.15960520e-04  3.28207992e-01  6.05855457e-01
  4.84494630e-01]
[ 4.00396512e-04 -2.31032503e-04  1.55773350e-01  8.36703985e-04
  7.68060888e-01]
[0.01428775 0.71186096 0.27845898 0.02465296 0.39841145]
[0.00180336 0.03490111 0.02617045 0.66934337 0.06095382]
[0.45880915 0.51507714 0.28765498 0.06481776 0.33880365]
[0.69028808 0.09584675 0.10246703 0.53496631 0.02226979]
[0.23068589 0.88819665 0.15795357 0.25486464 0.0273868 ]
[-7.98200397e-05  5.68360997e-03  4.55404336e-04  4.54992013e-02
  6.72506820e-01]
[0.12481319 0.11472878 0.51637061 0.03127027 0.45789607]
[0.57503951 0.25851053 0.50098678 0.20564967 0.00077988]
[0.45931326 0.08469791 0.202287   0.02101365 0.42418858]
[0.73031217 0.02469908 0.27687637 0.07275347 0.14047198]
[0.44314408 0.4647009  0.02941902 0.00863118 0.54930475]
[0.03264693 0.77300118 0.54979963 0.24272832 0.00552672]
[5.85148801e-05 7.85589406e-03 7.13168331e-01 2.59226231e-02
 3.55211621e-01]
[0.00313794 0.00153418 0.00301141 0.04345478 0.76051393]
[0.22716475 0.23617542 0.79779868 0.05535766 0.0413373 ]
[0.33694352 0.77454813 0.33801851 0.10112257 0.12003457]
[0.71333664 0.13058222 0.22672115 0.02391486 0.04806006]
[0.00618605 0.22469546 0.62025091 0.03422077 0.12337129]
[0.02247333 0.46459903 0.15708996 0.00139981 0.46933665]
[3.55536295e-04 2.05419468e-01 5.75620896e-01 3.74273250e-02
 4.15168942e-01]
[-1.21303227e-04  4.10439534e-03  1.35722145e-03  3.56778730e-02
  6.87893427e-01]
[0.02388265 0.04394523 0.82468166 0.03431571 0.02488769]
[0.60105084 0.01684896 0.11101091 0.04150041 0.45676784]
[0.42953186 0.38127305 0.5887119  0.19536677 0.03626376]
[0.62091602 0.50640595 0.56677054 0.01987798 0.07380156]
[0.78847315 0.12212783 0.10073728 0.35737006 0.15232997]
[0.72597225 0.37121705 0.21656387 0.18881941 0.03832453]
[0.09455529 0.04721733 0.01097909 0.04473774 0.63817228]
[0.030834   0.02073318 0.05692464 0.00294917 0.60802091]
[ 1.89888432e-03 -5.01829903e-04  4.32167606e-02  4.28323753e-02
  8.73087354e-01]
[1.80439110e-05 1.31198756e-02 6.27742644e-01 4.28536788e-01
 1.20738387e-01]
[0.78320072 0.04126682 0.21021031 0.09060417 0.18142716]
[0.87766992 0.12222636 0.12299887 0.05888693 0.34489791]
[0.55832696 0.58548374 0.33538465 0.19638324 0.03645248]
[0.61708995 0.29426968 0.1237276  0.04649831 0.3158016 ]
