[0.73031217 0.02469908 0.27687637 0.07275347 0.14047198]
[7.10161792e-01 3.73051603e-01 8.32738590e-02 4.04412884e-01
 1.97015116e-04]
[0.16255539 0.15187541 0.10757727 0.52227834 0.38087507]
[0.02119911 0.03897412 0.73266788 0.36062957 0.02731046]
[0.0143578  1.09601012 0.13512996 0.06486907 0.05315038]
[0.59727716 0.12483997 0.26400744 0.06043763 0.29488297]
[0.40975667 0.38217066 0.24072698 0.02209375 0.38562664]
[0.00099276 0.0232854  0.42629907 0.00179192 0.48628785]
[0.59962706 0.08068189 0.16405741 0.47272329 0.03613778]
[0.03510193 0.901489   0.35185849 0.20613347 0.03826274]
[0.02074986 0.03814191 0.717264   0.43163241 0.00428609]
[0.02119871 0.01925286 0.74526322 0.20574817 0.01074903]
[2.96643636e-04 2.11456590e-02 4.79467330e-01 1.72420870e-02
 5.30936566e-01]
[0.59904995 0.00481256 0.1106082  0.04134214 0.4551102 ]
[1.80439110e-05 1.31198756e-02 6.27742644e-01 4.28536788e-01
 1.20738387e-01]
[0.24291513 0.03716443 0.47182247 0.4324478  0.21565   ]
[0.6777684  0.0942537  0.09497712 0.04214152 0.2620213 ]
[0.02736554 0.64778684 0.08464543 0.01131144 0.54249243]
[0.00490573 0.00879151 0.74393122 0.07107827 0.02621148]
[0.39485842 0.41232215 0.02615894 0.00112299 0.42113228]
[ 9.88376490e-04  1.68462258e-04  1.33763352e-01 -1.77004876e-03
  7.23086113e-01]
[0.01435885 0.02647937 0.83956866 0.06221684 0.02537062]
[0.01042106 0.00148359 0.03045709 0.69042948 0.06272369]
[0.24498446 0.52011925 0.14188189 0.41317843 0.02477995]
[0.0217967  0.01988089 0.76721526 0.03065307 0.02700788]
[2.84167228e-02 2.79239484e-04 5.46444111e-01 1.51627838e-01
 4.05829321e-01]
[0.23928571 0.92422317 0.04282464 0.26635268 0.02800531]
[ 1.41060907e-02 -2.04141456e-04  2.54719253e-01  4.92183960e-01
  3.90599872e-01]
[0.31471797 0.5097389  0.45835645 0.22467671 0.0069883 ]
[0.0527654  0.02336379 0.74851562 0.20696338 0.00086532]
[0.69028808 0.09584675 0.10246703 0.53496631 0.02226979]
[0.02424293 0.90794527 0.21587907 0.09193016 0.04286771]
[0.03315029 0.59890528 0.44267183 0.21701454 0.04009877]
[0.00618605 0.22469546 0.62025091 0.03422077 0.12337129]
[0.68898179 0.14513894 0.41630449 0.00588206 0.00198166]
[0.15053896 0.24325182 0.20367033 0.61419306 0.00696778]
[0.15514772 0.14237208 0.57620987 0.29505721 0.06191802]
[ 0.03751302  0.65270875  0.33207871 -0.00192812  0.43753091]
[0.21953833 0.04285431 0.62938577 0.24341865 0.0405338 ]
[-1.12361380e-04  4.58895603e-03  6.25214232e-04  4.43019881e-02
  6.54526075e-01]
[0.02388265 0.04394523 0.82468166 0.03431571 0.02488769]
[0.02081556 0.33690312 0.55349875 0.30093178 0.02382637]
[0.60602381 0.00275464 0.06424542 0.18760986 0.43978504]
[0.37849255 0.30850596 0.03700595 0.00836688 0.47879662]
[0.15636506 0.14490291 0.61972699 0.17774785 0.00927537]
[ 0.17089449  0.65655361  0.31713633 -0.00066627  0.24948293]
[0.41156874 0.06584089 0.44739751 0.47014284 0.13918542]
[0.14334138 0.62473849 0.2990973  0.19774446 0.24499366]
[0.69024591 0.34781113 0.03162367 0.34231369 0.10206157]
[0.02554199 0.95043206 0.07225887 0.07804561 0.39066872]
[0.00983616 0.25695429 0.59855116 0.15576813 0.12436269]
[0.33506072 0.35236982 0.49672951 0.10977144 0.27731381]
[0.07527658 0.01344075 0.40229725 0.34442874 0.42108213]
[0.28292826 0.4582162  0.4120576  0.41381556 0.01436547]
[ 3.48559437e-03 -4.85098951e-04  6.56270849e-01  2.37442032e-02
  1.43927030e-01]
[0.44550846 0.82498429 0.09222937 0.02104616 0.02664042]
[4.52750538e-03 4.69146444e-03 4.00982440e-04 6.43560369e-01
 4.38810769e-01]
[0.71037489 0.02400826 0.53126174 0.18697006 0.16579163]
[0.01454442 0.40691805 0.4948514  0.00115627 0.51541147]
[0.77786262 0.02634668 0.09072211 0.07223255 0.15943335]
[0.00522141 0.8719457  0.0978301  0.34700029 0.1479245 ]
[0.8166343  0.0661119  0.07164808 0.09242861 0.01143903]
[0.02297947 0.5794875  0.54263717 0.17934051 0.02923898]
[0.43527506 0.08023488 0.19170135 0.15743698 0.4251704 ]
[ 0.27911335  0.60116323  0.08200877 -0.00187002  0.3467118 ]
[ 0.01765522  0.49307201  0.4392491  -0.00214504  0.51641606]
[0.29203445 0.24226944 0.58563658 0.00278872 0.27912375]
[ 2.45630776e-04 -2.13088791e-04  5.52504208e-01  2.07895434e-02
  3.84148224e-01]
[0.01128206 0.33003449 0.31590118 0.00143388 0.47384531]
[0.02147158 0.91667401 0.08992595 0.36109083 0.09189093]
[ 5.56956276e-01  5.81518680e-01  3.69083282e-02  3.13853346e-02
 -2.33486660e-04]
[0.00235566 0.22414752 0.61768922 0.03792456 0.12291476]
[0.90489543 0.07785483 0.30037607 0.0198287  0.0724395 ]
[0.44455179 0.00789177 0.38035545 0.18685193 0.43724793]
[0.58292553 0.09000304 0.08662279 0.4544125  0.13155848]
[0.40959512 0.05663334 0.47117505 0.49861102 0.02073483]
[0.00221084 0.08379288 0.73183995 0.0392197  0.14021543]
[7.84492938e-04 8.49309707e-02 2.06327588e-02 7.84648029e-01
 4.09200682e-02]
[0.45931326 0.08469791 0.202287   0.02101365 0.42418858]
[0.02114988 0.01927749 0.74462326 0.02968718 0.09656623]
[0.13689172 0.01770997 0.01202961 0.79618802 0.01360001]
[ 3.81377955e-03  2.24895108e-04  1.70612246e-03 -6.84973334e-04
  5.78665224e-01]
[0.47308182 0.23821792 0.4418672  0.31529651 0.12946113]
[-1.89323911e-05  4.99129408e-03  4.71886067e-01  2.35301656e-03
  5.38076338e-01]
[ 4.39722986e-03  5.03611701e-03 -2.94280866e-05  6.54468736e-01
  4.46230741e-01]
[0.12732588 0.11653965 0.52584278 0.03188327 0.43968845]
[ 2.15693010e-03 -1.69692258e-04  3.91280045e-02  8.15862389e-01
  2.69124752e-02]
[5.88236135e-04 2.62789486e-02 7.36625441e-01 3.92750160e-02
 1.40571955e-01]
[0.35132562 0.84480465 0.08908962 0.02126121 0.02765157]
[0.52433078 0.01296169 0.13782893 0.05818494 0.56113047]
[0.63502877 0.04684752 0.21228246 0.06157826 0.41971526]
[0.40429678 0.32957099 0.37841403 0.01233806 0.41708911]
[0.03160549 0.01905933 0.02023117 0.08988579 0.56963379]
[0.71333664 0.13058222 0.22672115 0.02391486 0.04806006]
[0.02381944 0.04382814 0.8225143  0.03490811 0.02482212]
[0.44985854 0.0018874  0.38336919 0.18874369 0.4416285 ]
[0.0312751  0.02793781 0.71992033 0.35096861 0.02677964]
[0.18126942 0.14780156 0.35985184 0.02959654 0.45178213]
[0.28416236 0.24961736 0.58445168 0.04287935 0.27884782]
[0.57503951 0.25851053 0.50098678 0.20564967 0.00077988]
