[0.02508183 0.69329518 0.46072966 0.49180284 0.0715601 ]
[0.23802148 0.52739403 0.47703914 0.00173726 0.41652402]
[5.80506625e-04 1.43029761e-04 7.08384015e-02 1.27134180e-01
 7.70765844e-01]
[0.88338813 0.13084125 0.13211608 0.40124127 0.17133877]
[0.01573574 0.03464779 0.69392778 0.00199387 0.42569071]
[0.57660644 0.86576261 0.57011038 0.0366574  0.00359161]
[0.1981488  0.00080524 0.0382473  0.63832888 0.53097122]
[0.31470862 0.29341652 0.4408485  0.02193247 0.40330765]
[-1.51958846e-04  1.03054279e-03  4.46510237e-03  4.12968977e-02
  6.44245592e-01]
[0.61935771 0.69546231 0.12122043 0.08020594 0.22949245]
[0.34300266 0.26921229 0.65745837 0.02904002 0.14645136]
[0.56121349 0.29326836 0.26756665 0.48765181 0.15377629]
[0.04616511 0.14149757 0.65596208 0.44277565 0.07485484]
[0.24079117 0.19609481 0.4631656  0.01093593 0.59585049]
[0.07058302 0.11406081 0.10362488 0.0489668  0.59772309]
[0.26353195 0.27705361 0.5852774  0.04293014 0.28228681]
[0.02119911 0.03897412 0.73266788 0.36062957 0.02731046]
[0.24446258 0.19183105 0.46873477 0.02008752 0.6018963 ]
[0.33780866 0.21332644 0.64632578 0.03451355 0.25673822]
[0.21758292 0.96834729 0.41011176 0.30677047 0.36457986]
[0.75475961 0.13819874 0.23944582 0.07389404 0.50090528]
[0.28499732 0.22173062 0.76560497 0.20652664 0.03880655]
[7.63018258e-04 1.67237865e-05 7.65743413e-02 1.37594546e-01
 8.33161153e-01]
[ 5.35687251e-03 -4.91528195e-04  3.89694417e-01  7.22242620e-01
  5.76854902e-01]
[0.21200198 0.40488378 0.45010145 0.02468032 0.41184531]
[0.01175697 0.3044346  0.77078145 0.21072293 0.03798518]
[0.45864051 0.00193617 0.39085142 0.18877513 0.44941465]
[0.36319376 0.12191647 0.6371406  0.03393144 0.25120084]
[0.77320997 0.16714724 0.57730733 0.11573777 0.16743125]
[0.58887353 0.63919521 0.21913165 0.09201136 0.19671662]
[0.89534185 0.12469923 0.11427852 0.40292844 0.02478129]
[0.07774926 0.07221812 0.10909332 0.00342377 0.61960499]
[0.81660933 0.45736237 0.09691826 0.41008974 0.12009772]
[ 2.66925776e-01 -2.42065105e-05  3.93327832e-02  8.52844966e-01
  1.62141624e-01]
[0.37849255 0.30850596 0.03700595 0.00836688 0.47879662]
[0.59727716 0.12483997 0.26400744 0.06043763 0.29488297]
[0.01913951 0.72028567 0.47635201 0.48386002 0.07306066]
[ 0.02259432  0.04985137  0.66443347 -0.00144759  0.40811981]
[0.05462941 0.05955989 0.00413387 0.57086584 0.55669923]
[0.28292826 0.4582162  0.4120576  0.41381556 0.01436547]
[0.0312751  0.02793781 0.71992033 0.35096861 0.02677964]
[0.66938811 0.54597565 0.61015338 0.02158419 0.0795494 ]
[0.32716358 0.64260271 0.30594413 0.23167492 0.32465057]
[0.5146447  0.01722631 0.38490275 0.51900123 0.15292029]
[0.00237922 0.04235457 0.01988721 0.09305943 0.58929024]
[0.42288648 0.63014164 0.40630795 0.26869276 0.09065089]
[0.59835421 0.89842984 0.57742369 0.0510296  0.12765978]
[0.64558187 0.98032049 0.59126806 0.05471627 0.02698918]
[0.40605629 0.40337551 0.49198826 0.00185908 0.42958804]
[0.00504429 0.00288899 0.03187075 0.03087421 0.69976031]
[-3.95331420e-05  1.10336914e-02  3.19523820e-02  6.60716131e-01
  3.27307878e-01]
[5.67352402e-04 5.25000119e-02 1.65778792e-02 4.39950455e-01
 5.96186302e-01]
[0.01842705 0.01223319 0.00714382 0.02003401 0.80070538]
[0.02145988 0.01417084 0.00482883 0.07951295 0.76711038]
[0.00292387 0.00546853 0.11078153 0.05272594 0.68572109]
[0.00798284 0.00110024 0.09614883 0.04635718 0.68386167]
[0.03644251 0.0244103  0.02716501 0.00323524 0.81237002]
[0.00200926 0.04416922 0.63359014 0.00371234 0.72336465]
[0.00096223 0.08092742 0.05373237 0.81230044 0.12989404]
[0.00412975 0.00369928 0.03020921 0.02915547 0.66332071]
[0.01641946 0.00832418 0.0149765  0.10276225 0.79135232]
[0.05365203 0.03718974 0.02099726 0.06287909 0.66925483]
[0.69105955 0.77153808 0.13908677 0.08953815 0.25554354]
[0.74092182 0.48094086 0.68710152 0.29098513 0.00740405]
[0.80387683 0.14723003 0.2550282  0.07420598 0.55828699]
[0.2877306  0.22386172 0.77294366 0.20852677 0.03907092]
[0.00366572 0.0032442  0.36210703 0.65830722 0.52825412]
[0.00223399 0.00488048 0.38262051 0.69631078 0.52773966]
[0.01980058 0.39827993 0.78151643 0.22039518 0.03972963]
[0.80348594 0.01069257 0.41553529 0.41397322 0.29621964]
[0.79873243 0.01062571 0.40583347 0.40978928 0.31564512]
[0.64472752 0.69986262 0.23991523 0.10093992 0.21540824]
[0.74203828 0.11492356 0.11106144 0.56440733 0.16591777]
[0.09424809 0.20868804 0.18906369 0.01358299 0.64996097]
[0.49978541 0.1008033  0.22067069 0.18154647 0.49623882]
[0.20339588 0.91029834 0.38540961 0.33700818 0.34874339]
[0.51104363 0.09429279 0.22506679 0.18520509 0.50613035]
[0.13833485 0.13527501 0.16672631 0.01170834 0.62815839]
[0.86939606 0.31309914 0.12772745 0.57353933 0.03946593]
[0.64540575 0.34388504 0.15588445 0.40772866 0.14621375]
[0.52684149 0.52417907 0.40108904 0.36345087 0.26465156]
[0.63780476 0.13334994 0.28192    0.23055257 0.33154351]
[0.62663397 0.32751547 0.29875373 0.48067326 0.16461672]
[0.02121417 0.79773895 0.52988028 0.56593117 0.08236042]
[0.04496331 0.78667222 0.62627413 0.32805347 0.37302567]
[0.15883271 0.02862445 0.75600496 0.09548005 0.51941914]
[0.40059778 0.17804713 0.72239697 0.04754846 0.286819  ]
[0.54330855 0.01821949 0.4063364  0.54801789 0.16145728]
[0.00321187 0.04847594 0.03327876 0.89386126 0.08147042]
[0.04354735 0.87997858 0.40719891 0.30197627 0.42169127]
[0.01018716 0.06882289 0.02901832 0.32924427 0.5776761 ]
[0.74448303 0.82390946 0.14919061 0.34029901 0.28860758]
[0.00750906 0.28608594 0.40203478 0.31231479 0.61823128]
[0.26881578 0.08633757 0.12448816 0.02269681 0.67033626]
[0.01089907 0.16309235 0.07597607 0.3512861  0.61980739]
[0.01094579 0.02123167 0.39812386 0.1856591  0.70695775]
[0.01707829 0.3065372  0.14049787 0.02217496 0.70144554]
[0.47473936 0.00331464 0.15674498 0.48106859 0.56743972]
[0.33225367 0.01090655 0.11817335 0.27805297 0.63262473]
[0.35599035 0.00298745 0.37196407 0.61473422 0.24569791]
