[0.02508183 0.69329518 0.46072966 0.49180284 0.0715601 ]
[0.23802148 0.52739403 0.47703914 0.00173726 0.41652402]
[0.88338813 0.13084125 0.13211608 0.40124127 0.17133877]
[0.01573574 0.03464779 0.69392778 0.00199387 0.42569071]
[0.57660644 0.86576261 0.57011038 0.0366574  0.00359161]
[0.31470862 0.29341652 0.4408485  0.02193247 0.40330765]
[-1.51958846e-04  1.03054279e-03  4.46510237e-03  4.12968977e-02
  6.44245592e-01]
[0.61935771 0.69546231 0.12122043 0.08020594 0.22949245]
[0.34300266 0.26921229 0.65745837 0.02904002 0.14645136]
[0.56121349 0.29326836 0.26756665 0.48765181 0.15377629]
[0.04616511 0.14149757 0.65596208 0.44277565 0.07485484]
[0.24079117 0.19609481 0.4631656  0.01093593 0.59585049]
[0.07058302 0.11406081 0.10362488 0.0489668  0.59772309]
[0.26353195 0.27705361 0.5852774  0.04293014 0.28228681]
[0.02119911 0.03897412 0.73266788 0.36062957 0.02731046]
[0.28499732 0.22173062 0.76560497 0.20652664 0.03880655]
[ 5.35687251e-03 -4.91528195e-04  3.89694417e-01  7.22242620e-01
  5.76854902e-01]
[0.21200198 0.40488378 0.45010145 0.02468032 0.41184531]
[0.01175697 0.3044346  0.77078145 0.21072293 0.03798518]
[0.45864051 0.00193617 0.39085142 0.18877513 0.44941465]
[0.36319376 0.12191647 0.6371406  0.03393144 0.25120084]
[0.77320997 0.16714724 0.57730733 0.11573777 0.16743125]
[0.58887353 0.63919521 0.21913165 0.09201136 0.19671662]
[0.89534185 0.12469923 0.11427852 0.40292844 0.02478129]
[0.07774926 0.07221812 0.10909332 0.00342377 0.61960499]
[0.81660933 0.45736237 0.09691826 0.41008974 0.12009772]
[ 2.66925776e-01 -2.42065105e-05  3.93327832e-02  8.52844966e-01
  1.62141624e-01]
[0.37849255 0.30850596 0.03700595 0.00836688 0.47879662]
[0.59727716 0.12483997 0.26400744 0.06043763 0.29488297]
[ 0.02259432  0.04985137  0.66443347 -0.00144759  0.40811981]
[0.05462941 0.05955989 0.00413387 0.57086584 0.55669923]
[0.28292826 0.4582162  0.4120576  0.41381556 0.01436547]
[0.0312751  0.02793781 0.71992033 0.35096861 0.02677964]
[0.66938811 0.54597565 0.61015338 0.02158419 0.0795494 ]
[0.5146447  0.01722631 0.38490275 0.51900123 0.15292029]
[0.00237922 0.04235457 0.01988721 0.09305943 0.58929024]
[-3.95331420e-05  1.10336914e-02  3.19523820e-02  6.60716131e-01
  3.27307878e-01]
[5.67352402e-04 5.25000119e-02 1.65778792e-02 4.39950455e-01
 5.96186302e-01]
[0.01842705 0.01223319 0.00714382 0.02003401 0.80070538]
[0.03644251 0.0244103  0.02716501 0.00323524 0.81237002]
[0.00096223 0.08092742 0.05373237 0.81230044 0.12989404]
[0.00366572 0.0032442  0.36210703 0.65830722 0.52825412]
[0.64540575 0.34388504 0.15588445 0.40772866 0.14621375]
[0.62663397 0.32751547 0.29875373 0.48067326 0.16461672]
[0.00321187 0.04847594 0.03327876 0.89386126 0.08147042]
[0.01018716 0.06882289 0.02901832 0.32924427 0.5776761 ]
[0.35599035 0.00298745 0.37196407 0.61473422 0.24569791]
[0.09415253 0.03903423 0.02192468 0.71258909 0.35189186]
[0.62498334 0.6219073  0.47759862 0.03334051 0.27640386]
[0.43975444 0.47254578 0.03323839 0.00861395 0.55159308]
[ 1.47896888e-04 -3.97450461e-04  2.60767349e-02  1.25107335e-01
  6.76602468e-01]
[0.43916412 0.45652343 0.90890332 0.06920563 0.02470922]
[0.59440356 0.09225409 0.14752338 0.46072708 0.24889289]
[0.66732569 0.12212209 0.21209736 0.02223402 0.46174187]
[0.00284509 0.04315279 0.02907035 0.91923369 0.08391949]
[0.0224137  0.01454951 0.02256433 0.03192837 0.71894278]
[0.14334138 0.62473849 0.2990973  0.19774446 0.24499366]
[0.22401609 0.0464628  0.65101656 0.34175315 0.04391621]
[0.03588265 0.0578207  0.05242834 0.75631198 0.02721763]
[0.27861856 0.21662245 0.74832849 0.20181801 0.15728811]
[0.00710478 0.33315424 0.46500375 0.01991053 0.59710267]
[0.02183629 0.01458791 0.00846347 0.00995007 0.73309726]
[ 2.37272236e-02 -4.14198894e-04  5.31931306e-01  5.50810181e-01
  5.11404730e-01]
[0.42332502 0.3451045  0.28996466 0.00825993 0.59692506]
[0.00505211 0.08739793 0.04079327 0.42448356 0.54068376]
[0.06028243 0.96092396 0.12454185 0.53697807 0.10541788]
[0.63502877 0.04684752 0.21228246 0.06157826 0.41971526]
[0.71037489 0.02400826 0.53126174 0.18697006 0.16579163]
[0.01001671 0.16333283 0.71194075 0.48074171 0.07321553]
[0.00195233 0.04299955 0.61703952 0.00355921 0.70445993]
[-1.18484208e-04  4.37509326e-03  4.34211713e-04  3.56778730e-02
  6.87893427e-01]
[0.63381472 0.41062015 0.58753259 0.24850978 0.00627212]
[0.12634851 0.19157723 1.14548712 0.0635294  0.00341532]
[0.00220295 0.21056043 0.58034551 0.43811908 0.14126027]
[0.00179782 0.00386512 0.08760338 0.69987709 0.42559739]
[0.42583315 0.65458011 0.39489735 0.00176389 0.3233666 ]
[0.47405255 0.15903269 0.77053112 0.0031461  0.17011255]
[0.02472237 0.68341764 0.46342914 0.47946467 0.0705422 ]
[0.01909195 0.04208757 0.68975649 0.00180092 0.42787024]
[4.95680724e-03 1.37397014e-04 3.64434033e-01 6.64190189e-01
 5.03258657e-01]
[ 1.45957340e-02 -1.00138206e-04  3.09094098e-01  5.68512579e-01
  4.61137675e-01]
[0.68659    0.35890199 0.32733582 0.19023587 0.03855462]
[0.27379274 0.00164832 0.04034643 0.87484839 0.03812716]
[0.05610679 0.04421833 0.05122159 0.77428199 0.12381157]
[4.82643814e-03 4.40534635e-04 2.66911193e-02 2.55162582e-02
 6.08343845e-01]
[0.00275539 0.00212291 0.15969796 0.0040915  0.68961645]
[0.01924897 0.71766771 0.57899462 0.0025664  0.50544237]
[0.00691499 0.04688705 0.01983351 0.10156441 0.60240436]
[0.05406953 0.05935398 0.00500672 0.58652067 0.40293924]
[0.43527506 0.08023488 0.19170135 0.15743698 0.4251704 ]
[0.31471797 0.5097389  0.45835645 0.22467671 0.0069883 ]
[0.20597957 0.16012128 0.55344663 0.53614979 0.03616541]
[0.06457657 0.04396321 0.01395116 0.0033541  0.65633245]
[0.64344706 0.09957643 0.09575674 0.50183413 0.14526536]
[0.89004626 0.0225739  0.23868473 0.1004113  0.21430159]
[0.03510193 0.901489   0.35185849 0.20613347 0.03826274]
[0.01164994 0.05198648 0.91425781 0.30486347 0.36479139]
[0.04496331 0.78667222 0.62627413 0.32805347 0.37302567]
[0.56759779 0.46288014 0.51558778 0.37955394 0.08121755]
[0.13833485 0.13527501 0.16672631 0.01170834 0.62815839]
