[0.69028808 0.09584675 0.10246703 0.53496631 0.02226979]
[0.0312751  0.02793781 0.71992033 0.35096861 0.02677964]
[0.72597225 0.37121705 0.21656387 0.18881941 0.03832453]
[0.13689172 0.01770997 0.01202961 0.79618802 0.01360001]
[0.28292826 0.4582162  0.4120576  0.41381556 0.01436547]
[1.80439110e-05 1.31198756e-02 6.27742644e-01 4.28536788e-01
 1.20738387e-01]
[0.2436406  0.03727717 0.47323075 0.43374483 0.21629481]
[0.02247333 0.46459903 0.15708996 0.00139981 0.46933665]
[0.58292553 0.09000304 0.08662279 0.4544125  0.13155848]
[0.43527506 0.08023488 0.19170135 0.15743698 0.4251704 ]
[ 1.47896888e-04 -3.97450461e-04  2.60767349e-02  1.25107335e-01
  6.76602468e-01]
[0.1579243  0.14635237 0.6259006  0.18012574 0.00937401]
[0.14334138 0.62473849 0.2990973  0.19774446 0.24499366]
[0.57503951 0.25851053 0.50098678 0.20564967 0.00077988]
[5.93197188e-04 2.64547949e-02 7.41442808e-01 3.95459096e-02
 1.41493862e-01]
[ 0.01765522  0.49307201  0.4392491  -0.00214504  0.51641606]
[0.53354971 0.01320026 0.14307849 0.05933914 0.57187259]
[0.19414853 0.39341111 0.43100483 0.0235421  0.39435663]
[0.44550846 0.82498429 0.09222937 0.02104616 0.02664042]
[ 0.18365552  0.40687968  0.40650535 -0.00214544  0.52041798]
[0.05857522 0.03575514 0.03744887 0.07302429 0.58981273]
[0.28416236 0.24961736 0.58445168 0.04287935 0.27884782]
[0.00112681 0.02603955 0.47543648 0.00224629 0.54237967]
[0.03315029 0.59890528 0.44267183 0.21701454 0.04009877]
[0.70631548 0.35592074 0.08223148 0.34765509 0.10424473]
[0.20893116 0.17090293 0.40041694 0.00917912 0.51580467]
[0.12481319 0.11472878 0.51637061 0.03127027 0.45789607]
[0.87766992 0.12222636 0.12299887 0.05888693 0.34489791]
[0.62091602 0.50640595 0.56677054 0.01987798 0.07380156]
[ 0.31064192  0.65845273  0.0901358  -0.00184224  0.38108822]
[0.22712886 0.87727061 0.1559723  0.24189972 0.02693872]
[0.59904995 0.00481256 0.1106082  0.04134214 0.4551102 ]
[0.02147158 0.91667401 0.08992595 0.36109083 0.09189093]
[0.030834   0.02073318 0.05692464 0.00294917 0.60802091]
[0.37849255 0.30850596 0.03700595 0.00836688 0.47879662]
[0.44985854 0.0018874  0.38336919 0.18874369 0.4416285 ]
[0.00970714 0.20094812 0.44892113 0.00250703 0.5454524 ]
[0.02083037 0.33714131 0.58207029 0.31355408 0.02425942]
[0.45931326 0.08469791 0.202287   0.02101365 0.42418858]
[0.33506072 0.35236982 0.49672951 0.10977144 0.27731381]
[0.21953833 0.04285431 0.62938577 0.24341865 0.0405338 ]
[0.02074986 0.03814191 0.717264   0.43163241 0.00428609]
[0.42456329 0.39599681 0.24942405 0.02296946 0.39957026]
[0.02677022 1.00199999 0.23823276 0.10012424 0.04733772]
[0.71037489 0.02400826 0.53126174 0.18697006 0.16579163]
[ 1.41060907e-02 -2.04141456e-04  2.54719253e-01  4.92183960e-01
  3.90599872e-01]
[0.63502877 0.04684752 0.21228246 0.06157826 0.41971526]
[ 0.03751302  0.65270875  0.33207871 -0.00192812  0.43753091]
[0.02388265 0.04394523 0.82468166 0.03431571 0.02488769]
[0.73031217 0.02469908 0.27687637 0.07275347 0.14047198]
[0.83186836 0.42956857 0.1348066  0.21571499 0.02347316]
[0.00235566 0.22414752 0.61768922 0.03792456 0.12291476]
[-1.12361380e-04  4.58895603e-03  6.25214232e-04  4.43019881e-02
  6.54526075e-01]
[0.02114988 0.01927749 0.74462326 0.02968718 0.09656623]
[0.22939563 0.23801116 0.76904414 0.05358396 0.03902893]
[4.52750538e-03 4.69146444e-03 4.00982440e-04 6.43560369e-01
 4.38810769e-01]
[0.00490573 0.00879151 0.74393122 0.07107827 0.02621148]
[0.07991159 0.0162038  0.03534013 0.00623881 0.61276434]
[0.01042106 0.00148359 0.03045709 0.69042948 0.06272369]
[0.39485842 0.41232215 0.02615894 0.00112299 0.42113228]
[5.16109286e-05 7.60053245e-03 6.57294428e-01 2.37235043e-02
 4.03075581e-01]
[0.56005793 0.49242127 0.10707747 0.04230974 0.27531536]
[0.03510193 0.901489   0.35185849 0.20613347 0.03826274]
[0.89534185 0.12469923 0.11427852 0.40292844 0.02478129]
[ 4.73389545e-04 -1.00253485e-05  2.24497383e-02 -1.18836228e-03
  6.33476753e-01]
[0.77786262 0.02634668 0.09072211 0.07223255 0.15943335]
[0.55021529 0.82612055 0.54403736 0.00834633 0.00271469]
[0.02119871 0.01925286 0.74526322 0.20574817 0.01074903]
[0.59727716 0.12483997 0.26400744 0.06043763 0.29488297]
[0.71333664 0.13058222 0.22672115 0.02391486 0.04806006]
[ 2.66542898e-04 -1.93049179e-04  5.80277901e-01  2.19425969e-02
  4.03477452e-01]
[ 0.17089449  0.65655361  0.31713633 -0.00066627  0.24948293]
[0.02539394 0.65320433 0.61157565 0.20239541 0.03300502]
[ 3.83640591e-04 -2.34861227e-04  4.44594422e-02 -3.98315808e-04
  6.96546024e-01]
[ 3.68204799e-04 -3.52423984e-04  1.37569555e-01  4.87738137e-04
  6.78288646e-01]
[0.68659    0.35890199 0.32733582 0.19023587 0.03855462]
[0.18126942 0.14780156 0.35985184 0.02959654 0.45178213]
[2.96643636e-04 2.11456590e-02 4.79467330e-01 1.72420870e-02
 5.30936566e-01]
[-7.98200397e-05  5.68360997e-03  4.55404336e-04  4.54992013e-02
  6.72506820e-01]
[0.22716475 0.23617542 0.79779868 0.05535766 0.0413373 ]
[0.03160549 0.01905933 0.02023117 0.08988579 0.56963379]
[3.55536295e-04 2.05419468e-01 5.75620896e-01 3.74273250e-02
 4.15168942e-01]
[0.00420289 0.20002371 0.458711   0.0177833  0.53948792]
[0.59962706 0.08068189 0.16405741 0.47272329 0.03613778]
[0.00618605 0.22469546 0.62025091 0.03422077 0.12337129]
[ 9.88376490e-04  1.68462258e-04  1.33763352e-01 -1.77004876e-03
  7.23086113e-01]
[0.02415474 0.49914336 0.16875878 0.00057545 0.50420879]
[4.82643814e-03 4.40534635e-04 2.66911193e-02 2.55162582e-02
 6.08343845e-01]
[0.70028823 0.17306687 0.16761857 0.05720424 0.32548978]
[5.85148801e-05 7.85589406e-03 7.13168331e-01 2.59226231e-02
 3.55211621e-01]
[0.02119911 0.03897412 0.73266788 0.36062957 0.02731046]
[0.02878014 0.99913563 0.23966778 0.09991005 0.04723773]
[0.54894337 0.8235599  0.5106319  0.04488101 0.01589043]
[0.31471797 0.5097389  0.45835645 0.22467671 0.0069883 ]
[0.00237922 0.04235457 0.01988721 0.09305943 0.58929024]
[0.31470862 0.29341652 0.4408485  0.02193247 0.40330765]
[7.10161792e-01 3.73051603e-01 8.32738590e-02 4.04412884e-01
 1.97015116e-04]
[0.00522141 0.8719457  0.0978301  0.34700029 0.1479245 ]
[0.037243   0.63460408 0.3229038  0.02085999 0.42572268]
[0.58552244 0.55708284 0.56660053 0.01987137 0.0737793 ]
