[0.66938811 0.54597565 0.61015338 0.02158419 0.0795494 ]
[0.41863119 0.01366943 0.08061687 0.72100103 0.03638096]
[0.00420289 0.20002371 0.458711   0.0177833  0.53948792]
[ 2.66925776e-01 -2.42065105e-05  3.93327832e-02  8.52844966e-01
  1.62141624e-01]
[0.43975444 0.47254578 0.03323839 0.00861395 0.55159308]
[0.02095017 0.03851298 0.72413237 0.4357859  0.00433104]
[0.64176333 0.3060568  0.12867548 0.04844292 0.32844125]
[0.63502877 0.04684752 0.21228246 0.06157826 0.41971526]
[4.52750538e-03 4.69146444e-03 4.00982440e-04 6.43560369e-01
 4.38810769e-01]
[ 4.73389545e-04 -1.00253485e-05  2.24497383e-02 -1.18836228e-03
  6.33476753e-01]
[ 0.18365552  0.40687968  0.40650535 -0.00214544  0.52041798]
[0.14334138 0.62473849 0.2990973  0.19774446 0.24499366]
[0.20978438 0.1711261  0.40383661 0.00925983 0.51948209]
[0.43527506 0.08023488 0.19170135 0.15743698 0.4251704 ]
[0.57595035 0.59106579 0.33680877 0.054084   0.15429245]
[0.01018716 0.06882289 0.02901832 0.32924427 0.5776761 ]
[0.22038031 0.04302088 0.63530778 0.2296712  0.0405953 ]
[0.28416236 0.24961736 0.58445168 0.04287935 0.27884782]
[0.05486156 0.04429764 0.0564388  0.81426917 0.0293286 ]
[0.37849255 0.30850596 0.03700595 0.00836688 0.47879662]
[0.04258113 0.00537054 0.00593798 0.88907924 0.18164482]
[0.89534185 0.12469923 0.11427852 0.40292844 0.02478129]
[0.63381472 0.41062015 0.58753259 0.24850978 0.00627212]
[ 1.65805519e-01  7.22625585e-01  3.45924072e-01 -5.31564249e-04
  2.73188053e-01]
[0.70631548 0.35592074 0.08223148 0.34765509 0.10424473]
[0.06457657 0.04396321 0.01395116 0.0033541  0.65633245]
[0.36319376 0.12191647 0.6371406  0.03393144 0.25120084]
[0.59727716 0.12483997 0.26400744 0.06043763 0.29488297]
[0.03604169 0.61420799 0.31253395 0.02355492 0.41213312]
[0.45864051 0.00193617 0.39085142 0.18877513 0.44941465]
[0.14582633 0.02764494 0.01994621 0.78995925 0.1470066 ]
[0.01924897 0.71766771 0.57899462 0.0025664  0.50544237]
[0.53354971 0.01320026 0.14307849 0.05933914 0.57187259]
[0.68659    0.35890199 0.32733582 0.19023587 0.03855462]
[0.66732569 0.12212209 0.21209736 0.02223402 0.46174187]
[0.89004626 0.0225739  0.23868473 0.1004113  0.21430159]
[0.00235566 0.22414752 0.61768922 0.03792456 0.12291476]
[-2.48589990e-05  1.23393327e-02  3.55408969e-02  7.35033961e-01
  1.93283343e-01]
[0.61935771 0.69546231 0.12122043 0.08020594 0.22949245]
[0.07991159 0.0162038  0.03534013 0.00623881 0.61276434]
[0.57660644 0.86576261 0.57011038 0.0366574  0.00359161]
[5.67352402e-04 5.25000119e-02 1.65778792e-02 4.39950455e-01
 5.96186302e-01]
[0.58292553 0.09000304 0.08662279 0.4544125  0.13155848]
[0.28292826 0.4582162  0.4120576  0.41381556 0.01436547]
[0.43916412 0.45652343 0.90890332 0.06920563 0.02470922]
[0.01311931 0.0139892  0.09184358 0.78150224 0.07451855]
[0.12634851 0.19157723 1.14548712 0.0635294  0.00341532]
[-3.95331420e-05  1.10336914e-02  3.19523820e-02  6.60716131e-01
  3.27307878e-01]
[0.74275568 0.02513024 0.2815938  0.16394312 0.14555553]
[0.13365885 0.89654714 0.3710012  0.10198713 0.13162412]
[0.34969075 0.2849939  0.03418704 0.28771693 0.54217501]
[0.44237814 0.63890588 0.39430206 0.00175799 0.32287859]
[ 1.47896888e-04 -3.97450461e-04  2.60767349e-02  1.25107335e-01
  6.76602468e-01]
[0.03569622 0.84488311 0.6028895  0.25499467 0.00644493]
[4.82643814e-03 4.40534635e-04 2.66911193e-02 2.55162582e-02
 6.08343845e-01]
[0.09340401 0.00286746 0.04425998 0.5437591  0.38040172]
[0.71037489 0.02400826 0.53126174 0.18697006 0.16579163]
[0.19414853 0.39341111 0.43100483 0.0235421  0.39435663]
[0.01175697 0.3044346  0.77078145 0.21072293 0.03798518]
[0.55633017 0.62464739 0.10888252 0.07182743 0.38186211]
[0.58887353 0.63919521 0.21913165 0.09201136 0.19671662]
[0.03510193 0.901489   0.35185849 0.20613347 0.03826274]
[0.31471797 0.5097389  0.45835645 0.22467671 0.0069883 ]
[ 2.72159010e-01 -4.38664803e-04  3.69235145e-02  8.67941204e-01
  5.11378383e-02]
[0.44550846 0.82498429 0.09222937 0.02104616 0.02664042]
[0.64809818 0.3453218  0.15653481 0.33493563 0.14382573]
[0.00246822 0.03768326 0.02594986 0.69685936 0.06346825]
[0.26353195 0.27705361 0.5852774  0.04293014 0.28228681]
[0.02119911 0.03897412 0.73266788 0.36062957 0.02731046]
[0.01552199 0.03277885 0.64219598 0.0016852  0.39727946]
[0.32745803 0.64711584 0.36241702 0.0013645  0.29673968]
[0.00096223 0.08092742 0.05373237 0.81230044 0.12989404]
[0.62715483 0.11248978 0.27599137 0.06327807 0.30828413]
[0.00505211 0.08739793 0.04079327 0.42448356 0.54068376]
[-1.51958846e-04  1.03054279e-03  4.46510237e-03  4.12968977e-02
  6.44245592e-01]
[0.01174742 0.30419054 0.74510232 0.20429797 0.04225517]
[0.31470862 0.29341652 0.4408485  0.02193247 0.40330765]
[ 3.46026102e-02 -3.74959112e-04  2.56979819e-02  9.50264943e-02
  6.71631298e-01]
[0.00112681 0.02603955 0.47543648 0.00224629 0.54237967]
[0.56189998 0.37430181 0.03571469 0.0094146  0.58740323]
[0.0214183  0.01429921 0.00830167 0.00972024 0.71916519]
[ 2.35395106e-02 -3.88181450e-04  5.27756886e-01  5.46471176e-01
  5.15372486e-01]
[0.27379274 0.00164832 0.04034643 0.87484839 0.03812716]
[0.05406953 0.05935398 0.00500672 0.58652067 0.40293924]
[0.0312751  0.02793781 0.71992033 0.35096861 0.02677964]
[0.03160549 0.01905933 0.02023117 0.08988579 0.56963379]
[0.00179782 0.00386512 0.08760338 0.69987709 0.42559739]
[-1.68047705e-04  1.03072209e-03  4.46523820e-03  4.12982033e-02
  6.44264964e-01]
[0.00210081 0.00461415 0.10203896 0.81548716 0.06469419]
[0.00237922 0.04235457 0.01988721 0.09305943 0.58929024]
[1.94202363e-05 1.62791058e-02 4.02655185e-02 2.43202036e-03
 6.43528518e-01]
[ 5.35687251e-03 -4.91528195e-04  3.89694417e-01  7.22242620e-01
  5.76854902e-01]
[0.03588265 0.0578207  0.05242834 0.75631198 0.02721763]
[0.00359977 0.00322106 0.50495243 0.34425865 0.52923104]
[-1.18484208e-04  4.37509326e-03  4.34211713e-04  3.56778730e-02
  6.87893427e-01]
[5.27236223e-05 7.64168849e-03 6.60588737e-01 2.38531720e-02
 4.05097639e-01]
[ 1.45957340e-02 -1.00138206e-04  3.09094098e-01  5.68512579e-01
  4.61137675e-01]
[ 3.38625032e-02 -3.12339242e-04  2.01151272e-01  7.03123976e-01
  5.17156005e-01]
[0.00366572 0.0032442  0.36210703 0.65830722 0.52825412]
[4.95680724e-03 1.37397014e-04 3.64434033e-01 6.64190189e-01
 5.03258657e-01]
