[0.15569949 0.1442842  0.62013628 0.17779304 0.00927781]
[ 8.60216336e-06 -6.06198152e-04  3.36746554e-03  5.71073491e-01
  3.89175211e-01]
[0.55682075 0.01003846 0.47358513 0.34018685 0.02496125]
[0.04391316 0.76366844 0.0712066  0.01662722 0.43787313]
[ 5.56956276e-01  5.81518680e-01  3.69083282e-02  3.13853346e-02
 -2.33486660e-04]
[0.02079832 0.01236173 0.01333003 0.06794816 0.5720077 ]
[0.52433078 0.01296169 0.13782893 0.05818494 0.56113047]
[0.69024591 0.34781113 0.03162367 0.34231369 0.10206157]
[0.00214446 0.0814399  0.71143667 0.03806641 0.11962032]
[-1.28801104e-04  4.94911451e-04  7.57186904e-01  5.33174911e-02
  8.93372186e-04]
[0.01042106 0.00148359 0.03045709 0.69042948 0.06272369]
[7.10161792e-01 3.73051603e-01 8.32738590e-02 4.04412884e-01
 1.97015116e-04]
[ 0.29975112  0.72075795  0.40682005 -0.00127281  0.02761985]
[0.01417259 0.62462572 0.49605906 0.2340066  0.04322394]
[0.0235338  0.59337807 0.56078945 0.0162857  0.02922673]
[0.39628405 0.32302988 0.36746937 0.14404601 0.41937637]
[0.56926855 0.00454297 0.1056702  0.03918908 0.43256022]
[0.40975667 0.38217066 0.24072698 0.02209375 0.38562664]
[-1.36012379e-04  6.60769250e-04  4.63326634e-01  6.65208863e-04
  5.10275346e-01]
[0.0989032  0.00636306 0.52225785 0.03626012 0.42111417]
[0.02708804 0.69348717 0.06524305 0.19055405 0.4476565 ]
[0.40429678 0.32957099 0.37841403 0.01233806 0.41708911]
[0.69028808 0.09584675 0.10246703 0.53496631 0.02226979]
[0.00788952 0.7214134  0.17455918 0.30158003 0.0276788 ]
[0.71333664 0.13058222 0.22672115 0.02391486 0.04806006]
[0.0527654  0.02336379 0.74851562 0.20696338 0.00086532]
[0.40686381 0.37776544 0.56628739 0.2059704  0.01076096]
[0.68898179 0.14513894 0.41630449 0.00588206 0.00198166]
[ 0.01845102  0.51511189  0.45678958 -0.0021448   0.43802654]
[0.02297947 0.5794875  0.54263717 0.17934051 0.02923898]
[0.06337356 0.75093162 0.21093385 0.07678722 0.0360664 ]
[0.00235566 0.22414752 0.61768922 0.03792456 0.12291476]
[0.37849255 0.30850596 0.03700595 0.00836688 0.47879662]
[0.01072679 0.31400326 0.30924094 0.00165387 0.4647275 ]
[0.53283117 0.51015158 0.29867124 0.02735836 0.03139868]
[0.02147158 0.91667401 0.08992595 0.36109083 0.09189093]
[0.0143578  1.09601012 0.13512996 0.06486907 0.05315038]
[5.88236135e-04 2.62789486e-02 7.36625441e-01 3.92750160e-02
 1.40571955e-01]
[0.40571832 0.37839972 0.2397158  0.02188156 0.4696453 ]
[0.18949472 0.63550201 0.31075763 0.07254421 0.24610686]
[0.25768407 0.23970959 0.53965729 0.02421051 0.2604901 ]
[3.29379302e-06 3.83092630e-03 6.30315491e-01 1.58437100e-01
 4.52753725e-01]
[0.77786262 0.02634668 0.09072211 0.07223255 0.15943335]
[0.46417671 0.08792718 0.15702509 0.41335764 0.41211538]
[0.35535226 0.0069117  0.48690248 0.00110316 0.5059573 ]
[0.8166343  0.0661119  0.07164808 0.09242861 0.01143903]
[0.43527506 0.08023488 0.19170135 0.15743698 0.4251704 ]
[0.18126942 0.14780156 0.35985184 0.02959654 0.45178213]
[0.6777684  0.0942537  0.09497712 0.04214152 0.2620213 ]
[0.58292553 0.09000304 0.08662279 0.4544125  0.13155848]
[0.04939528 0.87815761 0.08400023 0.01897767 0.04177873]
[0.39485842 0.41232215 0.02615894 0.00112299 0.42113228]
[0.02554199 0.95043206 0.07225887 0.07804561 0.39066872]
[7.84492938e-04 8.49309707e-02 2.06327588e-02 7.84648029e-01
 4.09200682e-02]
[0.60295888 0.09311628 0.08960076 0.44823656 0.07213398]
[0.23928571 0.92422317 0.04282464 0.26635268 0.02800531]
[0.14334138 0.62473849 0.2990973  0.19774446 0.24499366]
[0.23218533 0.79056219 0.08855443 0.02495235 0.15066114]
[0.12732588 0.11653965 0.52584278 0.03188327 0.43968845]
[0.66996767 0.02539274 0.25402975 0.07259817 0.11857952]
[0.30176615 0.51036757 0.45267102 0.22186349 0.00689657]
[0.00522141 0.8719457  0.0978301  0.34700029 0.1479245 ]
[0.45931326 0.08469791 0.202287   0.02101365 0.42418858]
[0.35948397 0.06616318 0.29651475 0.15685373 0.42361503]
[0.02736554 0.64778684 0.08464543 0.01131144 0.54249243]
[0.53559185 0.01172669 0.0567857  0.16559503 0.38871658]
[ 3.81377955e-03  2.24895108e-04  1.70612246e-03 -6.84973334e-04
  5.78665224e-01]
[0.28067471 0.59447351 0.08139362 0.02450089 0.34448939]
[0.35132562 0.84480465 0.08908962 0.02126121 0.02765157]
[0.48123606 0.08848108 0.21192318 0.40899093 0.21851269]
[0.02424293 0.90794527 0.21587907 0.09193016 0.04286771]
[0.57503951 0.25851053 0.50098678 0.20564967 0.00077988]
[0.59727716 0.12483997 0.26400744 0.06043763 0.29488297]
[0.03547029 0.16626765 0.28286888 0.1045113  0.49060483]
[0.24498446 0.52011925 0.14188189 0.41317843 0.02477995]
[ 3.48559437e-03 -4.85098951e-04  6.56270849e-01  2.37442032e-02
  1.43927030e-01]
[0.6930694  0.311681   0.32189095 0.20570079 0.00078017]
[0.31471797 0.5097389  0.45835645 0.22467671 0.0069883 ]
[ 0.27911335  0.60116323  0.08200877 -0.00187002  0.3467118 ]
[ 0.31596699  0.05600431  0.44818632 -0.00081597  0.46357684]
[-6.98172993e-05  4.42135232e-03  1.83196778e-03 -5.45076944e-04
  6.33941878e-01]
[3.57501352e-05 7.01387746e-03 5.48533398e-01 3.08452089e-03
 4.82290018e-01]
[0.13689172 0.01770997 0.01202961 0.79618802 0.01360001]
[0.02513883 0.00423929 0.02948503 0.78701602 0.02594906]
[0.40826207 0.38077502 0.23984909 0.0511944  0.38562664]
[ 2.15693010e-03 -1.69692258e-04  3.91280045e-02  8.15862389e-01
  2.69124752e-02]
[ 5.53992231e-01  5.86509997e-01  3.69495971e-02 -1.65512976e-03
 -2.33483890e-04]
[ 9.88376490e-04  1.68462258e-04  1.33763352e-01 -1.77004876e-03
  7.23086113e-01]
[0.00618605 0.22469546 0.62025091 0.03422077 0.12337129]
[0.06293252 0.85564623 0.08513053 0.33802797 0.08604692]
[ 0.03751302  0.65270875  0.33207871 -0.00192812  0.43753091]
[0.44550846 0.82498429 0.09222937 0.02104616 0.02664042]
[ 2.53585257e-04 -2.05269715e-04  5.63182760e-01  3.00402155e-03
  3.62454971e-01]
[0.59962706 0.08068189 0.16405741 0.47272329 0.03613778]
[0.72683384 0.13306398 0.23104357 0.00360959 0.04894662]
[0.886586   0.12326999 0.13161408 0.00337985 0.02473463]
[ 0.17089449  0.65655361  0.31713633 -0.00066627  0.24948293]
[0.73031217 0.02469908 0.27687637 0.07275347 0.14047198]
[0.60602381 0.00275464 0.06424542 0.18760986 0.43978504]
[0.15053896 0.24325182 0.20367033 0.61419306 0.00696778]
