[0.04722504 0.29188988 0.00546427 0.75643323 0.25494685]
[0.18341871 0.80154745 0.46118566 0.14207924 0.23368583]
[0.64165787 0.16832871 0.67309485 0.12610158 0.46526827]
[0.04952892 0.81346448 0.19410043 0.78627874 0.00452786]
[0.0386444  0.23097586 0.50254374 0.60417471 0.17005001]
[0.14251434 0.33474764 0.20679017 0.33069341 0.54163402]
[0.02602432 0.03130673 0.06042869 0.74287727 0.48463596]
[0.37026156 0.35206182 0.56950064 0.32468086 0.34896882]
[0.44115798 0.18336484 0.19465858 0.6170017  0.03373598]
[0.01359838 0.78674771 0.27136848 0.132753   0.48972264]
[0.01500665 0.01058335 0.19737411 0.03240342 0.61311462]
[0.10867018 0.07252984 0.28577782 0.54873165 0.49133834]
[0.01589933 0.24433791 0.24747753 0.18963074 0.54067769]
[-9.67690972e-05 -4.18519589e-04  3.60031424e-03  1.46768593e-02
  8.13706953e-01]
[1.95927561e-04 1.48164216e-02 1.36259816e-02 8.46439036e-01
 4.42741290e-01]
[0.00446647 0.00380423 0.24935488 0.59812634 0.39705677]
[0.15349076 0.02280484 0.07169088 0.28891428 0.60023955]
[0.28968481 0.02322992 0.93994331 0.05238149 0.15522846]
[0.09573859 0.25489214 0.11831907 0.55438384 0.42116683]
[0.01450122 0.01021053 0.19079938 0.07469132 0.62786761]
[0.16059782 0.0964376  0.01243632 1.12638455 0.05348353]
[0.11175556 0.05041613 0.08304989 0.24802564 0.586385  ]
[0.03343141 0.04767967 0.01532592 0.4015686  0.60506516]
[0.44604902 0.42597014 0.74901311 0.02807447 0.35937966]
[0.47259773 0.53862191 0.69686589 0.31490735 0.07584156]
[0.34360468 0.32668286 0.53236865 0.30253202 0.41537753]
[0.07894674 0.07508204 0.02524949 0.04248964 0.68996561]
[0.49178943 0.96254181 0.26499003 0.51552355 0.00813348]
[0.02544126 0.0337957  0.29830852 0.0194605  0.66927598]
[0.2626767  0.2988301  0.5893649  0.22990444 0.47139085]
[0.2049016  0.08608345 0.05588423 0.5556019  0.52833495]
[0.56578774 0.40946595 0.19526746 0.73609356 0.0042137 ]
[0.00832887 0.00512682 0.00184855 0.41337548 0.65613406]
[0.1714976  0.02554892 0.04731684 0.30100794 0.62519626]
[0.25137476 1.17664852 0.22821164 0.15287394 0.07509788]
[0.024573   0.35466035 0.19325388 0.1414934  0.55065735]
[0.04976421 0.7837398  0.27097584 0.13255785 0.49146284]
[0.80143746 0.21127287 0.84085449 0.19572395 0.07141492]
[7.68794642e-03 5.26842439e-03 4.44710165e-04 9.96735111e-01
 1.79453135e-01]
[0.45561162 0.46409634 0.15422447 0.4842434  0.16027471]
[0.300509   0.96314822 0.06128255 0.47564129 0.07461561]
[0.07786692 0.0243903  0.4191828  0.51190544 0.50106813]
[0.55524401 0.85481772 0.47038029 0.00354546 0.43944603]
[0.34803473 0.06092651 0.2052988  0.74337575 0.02667967]
[0.04395763 0.66270628 0.22902413 0.66748197 0.00305232]
[0.23702778 0.00359975 0.11416002 0.5348301  0.44370945]
[0.05159942 0.08860438 0.00455728 0.66596781 0.59936024]
[ 2.98282313e-01  1.40730804e-01  1.48701139e-01 -1.65125970e-04
  6.31193019e-01]
[0.21143056 1.04063271 0.30773592 0.23276627 0.25513246]
[0.72925981 0.41271783 0.22366392 0.40961452 0.4027702 ]
[0.2699377  0.17258005 0.17564454 0.52452478 0.47429133]
[0.00109621 0.02049481 0.20405037 0.03398311 0.63407048]
[ 1.10490134e-03 -2.03605277e-04  2.51161137e-01  6.09795846e-01
  4.04035736e-01]
[0.22730257 0.72553323 0.42873117 0.16284971 0.22523049]
[0.04300328 0.70657432 0.1707794  0.6834493  0.0412182 ]
[0.22059659 0.02495558 0.23828565 0.68857989 0.31045469]
[0.26950917 0.40669589 0.07341014 0.42154367 0.49261078]
[0.0917449  0.01173747 0.77626881 0.04829037 0.43363876]
[3.02265301e-04 7.53749308e-03 2.97406463e-01 5.50767166e-01
 3.84066835e-01]
[0.68593042 0.03045662 0.26704325 0.01285591 0.54205511]
[0.09995039 0.42300464 0.24371391 0.17128529 0.51268359]
[0.06628868 0.19948069 0.5476465  0.62545743 0.17858157]
[0.11844118 0.46074541 0.56849485 0.26856742 0.46088402]
[0.05688701 0.09771659 0.10331351 1.06297447 0.05844526]
[0.55956161 0.21376084 0.24193046 0.2985178  0.45282954]
[ 5.69941165e-04 -5.85348764e-04  4.82124584e-04 -1.37417115e-03
  6.99907530e-01]
[0.17289546 0.66441343 0.80426684 0.22699696 0.37507512]
[0.10964885 0.35695826 1.0844978  0.0424953  0.1787627 ]
[0.02091023 0.05198066 0.49178596 0.15971347 0.5750361 ]
[ 5.01686408e-02  8.24900666e-01  3.59968526e-01  8.15858523e-01
 -2.80586283e-04]
[-1.49312509e-04 -5.46227490e-04 -8.93240757e-06  2.19880475e-02
  6.94898273e-01]
[0.31058202 0.13221144 0.14328669 0.51689331 0.55126733]
[0.30938667 0.74336407 0.19079198 0.28348148 0.51164333]
[0.04453408 0.12044298 0.07996133 0.2888385  0.62622462]
[0.74737813 0.16400768 0.55253113 0.2719874  0.193079  ]
[0.12547937 0.09057128 0.33017344 0.35777167 0.41630817]
[0.01383022 0.09843655 0.05597168 0.94324267 0.26233671]
[2.39487555e-04 1.88659782e-02 1.12350113e-02 8.04640102e-01
 4.24919998e-01]
[0.27421765 0.19628992 0.02431693 0.15426008 0.61135018]
[0.96669693 0.71978194 0.03334536 0.16647235 0.19807163]
[0.44414616 0.00846857 0.53011749 0.55325102 0.38389539]
[0.40500025 0.39625244 0.16287875 0.21423054 0.56167391]
[0.26476317 0.89951239 0.49078094 0.39417551 0.05032838]
[-9.65143088e-05 -4.15835794e-04  3.64514961e-03  1.46666619e-02
  8.13706953e-01]
[0.02829884 0.04821663 0.1245884  0.78238407 0.1656075 ]
[0.50087606 0.74648811 0.14617461 0.40862871 0.21003677]
[0.34648733 0.00802151 0.39432851 0.31565676 0.45484282]
[0.04233053 0.05123815 0.07118507 0.97153051 0.24990434]
[0.66950404 0.26956415 0.18560573 0.35240791 0.52404178]
[0.0114805  0.21623228 0.40072582 0.40920122 0.49488199]
[0.12822086 0.1639039  0.05695844 0.59343966 0.58871712]
[0.12388599 0.14156629 0.90051708 0.30893512 0.24801773]
[0.02509091 0.03016936 0.05827345 0.71632933 0.49351877]
[0.00674454 0.04064612 0.10012804 0.47670181 0.57257961]
[0.04675515 0.01226562 0.02502757 1.09804892 0.07194007]
[0.22557866 0.22005797 0.33943023 0.26317342 0.50794527]
[0.28830965 0.02311681 0.93996254 0.0523631  0.1661606 ]
[0.00298087 0.00167597 0.00281342 0.15315734 0.65531362]
[0.01750994 0.00192036 0.82239383 0.01688785 0.26443759]
[0.89404599 0.34990036 0.41498435 0.00432547 0.18925388]
[0.07961904 0.23843721 0.01728537 0.64249749 0.04520144]
[0.04078548 0.03710997 0.00211663 0.9292184  0.34954741]
[0.67940723 0.0195891  0.45413265 0.28974681 0.11874836]
[2.51462171e-04 1.46028160e-02 1.34383293e-02 8.34799393e-01
 4.58557565e-01]
[0.88257288 0.34540316 0.02815015 0.05510091 0.20422046]
[0.03202371 0.03861704 0.07422666 0.91301159 0.06073412]
[0.06945991 0.20165738 0.45287558 0.86848319 0.05965045]
[-1.18993808e-04 -4.76839155e-04  4.00392520e-03  1.65225057e-02
  9.03000021e-01]
[0.26447555 0.32757613 0.24079074 0.17813433 0.4691211 ]
[0.18308197 0.12437463 0.2434798  0.18570973 0.52189486]
[0.94810928 0.3720554  0.43954028 0.06236931 0.13657327]
[0.10836156 0.24328994 0.11835175 0.54725059 0.41576339]
[0.01198277 0.08229376 0.62092278 0.40669669 0.41143074]
[-1.70039960e-04 -6.11364119e-04 -3.99690478e-05  3.00681811e-02
  7.29335979e-01]
[0.03086414 0.4577994  0.18843315 0.76252533 0.00721888]
[0.05127787 0.08805024 0.00830571 0.66397174 0.60654864]
[0.51923187 0.21591151 0.22698953 0.72541104 0.00228879]
[ 0.00103329  0.00275449  0.01708449 -0.00169125  0.83969425]
[0.24806992 0.01980694 0.80313212 0.53146002 0.2214828 ]
[0.00501131 0.16398301 0.16950746 0.36179134 0.65281901]
[0.23680911 0.93502242 0.44701149 0.35532269 0.06454253]
[0.31037327 0.30436561 0.69226429 0.26141633 0.19311885]
[0.04123654 0.24427058 0.00581665 0.66757025 0.04668693]
[0.00560001 0.00477047 0.30768092 0.73850489 0.36948912]
[0.01569799 0.01014743 0.00348331 0.77433334 0.32104531]
[0.90077228 0.35253691 0.28253662 0.05918907 0.19236091]
[0.3617019  0.351647   0.42142964 0.32780428 0.17860517]
[ 2.09117859e-05 -6.04804372e-04  3.69888123e-03  1.64825214e-02
  8.98111425e-01]
[0.01921923 0.02077932 0.76639994 0.7023392  0.18250292]
[-8.98325473e-05 -4.27056574e-05  1.96393167e-04  2.19823044e-02
  8.46392405e-01]
[0.25568752 0.00131583 0.06530423 0.64952605 0.52207992]
[0.45056273 0.02322235 0.0300148  0.60319573 0.56272768]
[0.01244209 0.01172429 0.74569156 0.01754404 0.43479096]
[0.33749467 0.11837816 0.02645955 0.14141583 0.64502591]
[0.02363328 0.02839323 0.05490781 0.75227891 0.49032048]
[0.03956462 0.23646635 0.51445938 0.6185495  0.17409124]
[0.46219989 0.19213658 0.20394224 0.646522   0.0353639 ]
[0.0140971  0.81526662 0.28003124 0.13994216 0.50746132]
[0.02292133 0.01642149 0.30454189 0.05151181 0.62357004]
[0.0159027  0.01121774 0.20434382 0.03362899 0.62879346]
[3.55668141e-04 1.50220859e-02 1.38133676e-02 8.58062158e-01
 4.54414344e-01]
[0.01745057 0.25482932 0.09787437 0.3608903  0.61955488]
[0.03766874 0.06459732 0.06874502 0.71558936 0.64874204]
[0.06029237 0.08628337 0.02762113 0.56485763 0.65246918]
[0.10255959 0.03011889 0.14543683 0.45864539 0.61854786]
[0.53413216 0.51017686 0.7519564  0.03783074 0.38607868]
[0.22173219 0.09319866 0.06047523 0.60137754 0.57172972]
[0.00851608 0.00557493 0.00190835 0.4286922  0.68361817]
[0.0042542  0.00974218 0.00195378 0.42564431 0.67398595]
[0.14000826 0.3384416  0.2079737  0.3667522  0.56340066]
[0.1896505  0.17702333 0.23717522 0.19561923 0.55757342]
[0.28935246 0.19645451 0.20924208 0.33779843 0.55314582]
[0.09950754 0.05986964 0.00546074 1.04176776 0.20511419]
[0.47831347 0.56458513 0.18979252 0.59537424 0.40482085]
[0.43243521 0.51039261 0.29015573 0.57738731 0.3926225 ]
[0.50216899 0.59845011 0.2002584  0.5467931  0.40396503]
[ 3.15321386e-01  1.48800245e-01  1.57193819e-01 -5.17774315e-05
  6.67251965e-01]
[0.30741529 0.14505604 0.18213518 0.00642125 0.67222153]
[0.07491154 0.0713302  0.26277093 0.66697216 0.44316075]
[0.43850164 0.49973231 0.62870169 0.28652685 0.23083899]
[0.45290155 0.31596469 0.09148303 0.45557403 0.50739071]
[ 7.75906985e-04 -5.73720536e-04  6.31597423e-04 -1.28647203e-03
  7.11651353e-01]
[ 1.21915322e-03 -1.49800012e-04  1.57189703e-02  6.10210222e-04
  7.07709206e-01]
[0.04622533 0.05416211 0.02679243 0.0414536  0.70525223]
[0.00241207 0.0012057  0.00396933 0.17549168 0.70939569]
[2.57454491e-04 1.33077809e-03 2.20733503e-05 2.91008884e-02
 8.10692051e-01]
[0.84441732 0.18537691 0.645609   0.28542017 0.37231716]
[0.28768907 0.27960041 0.33291588 0.45233421 0.48915976]
[0.13602327 0.09822291 0.35770338 0.38821343 0.45259119]
[0.32159081 0.25029945 0.37654009 0.1837171  0.61983756]
[0.3250777  0.25301854 0.37498688 0.18198026 0.62090284]
[0.34008922 0.81715322 0.20972058 0.31181109 0.56290701]
[0.08978241 0.02814877 0.48312221 0.58891078 0.57675561]
[0.15145391 0.04786696 0.43309092 0.61014872 0.572979  ]
[0.02420704 0.03493142 0.10705772 0.50729379 0.5925635 ]
[0.00447238 0.01778141 0.12721941 0.26404878 0.68775217]
[0.0816136  0.02668359 0.07809558 0.28612643 0.70355873]
[0.05810361 0.17418171 0.11392122 0.25357488 0.66837731]
[0.05305923 0.05729846 0.03848796 0.28617397 0.68672232]
[0.13184461 0.05921217 0.10026911 0.29252529 0.65609468]
[0.01623831 0.17105979 0.09362782 0.2800717  0.68787749]
[0.21999901 0.25789907 0.00928385 0.25887143 0.70470598]
[0.00456539 0.01814988 0.1230285  0.2554785  0.66560688]
[0.32040162 0.03234343 0.83313316 0.01832047 0.28440363]
[0.72245561 0.02086874 0.49890301 0.36287986 0.15389787]
[0.33589151 0.64994847 0.59022401 0.32592952 0.38677825]
[0.63950398 0.07448367 0.67234333 0.3026334  0.24134028]
[0.03209307 0.03870156 0.07444143 0.91548427 0.11411848]
[0.30147111 0.29424286 0.24276175 0.18014619 0.47502272]
[0.24057638 0.11819927 0.59284317 0.19482983 0.53597047]
[0.11694342 0.27477981 0.2723996  0.33232548 0.54429188]
[0.36677234 0.00302294 0.15824057 0.57104174 0.51484553]
[0.27604464 0.19885011 0.14139948 0.58583567 0.50826193]
[0.42301946 0.19067357 0.1213824  0.58540388 0.50203679]
[0.14872591 0.39612281 0.16462575 0.59416265 0.49054171]
[0.39728673 0.01999733 0.17119466 0.59870659 0.50542906]
[0.38319929 0.16946996 0.17787058 0.56107723 0.49183923]
[0.08015091 0.01017976 0.67456522 0.43973575 0.44633778]
[3.77966481e-03 3.02637953e-03 1.66250529e-04 8.76875823e-02
 7.89700566e-01]
[-4.63081990e-06 -1.12131401e-04  3.34009919e-04  7.08527355e-01
  7.51579167e-01]
[0.15581729 0.52112216 0.28515964 0.83529456 0.02701829]
[0.14400331 0.04453245 0.07798299 0.66713155 0.63328067]
[0.15506677 0.58086952 0.71698905 0.34163149 0.43925447]
[0.08553591 0.25616413 0.01810306 0.6982453  0.04908957]
[0.22086896 0.06860092 0.11908552 1.00780239 0.06789277]
[0.21662321 0.64890127 0.08158804 0.67196607 0.05949281]
[0.18171553 0.13981015 0.59725067 0.69765133 0.05201506]
[0.08871121 0.26567732 0.01877578 0.6959818  0.04912603]
[0.25713849 0.11537306 0.00775512 0.79381601 0.05008849]
[0.04799568 0.2966459  0.03331974 0.77557407 0.26095982]
[0.06139285 0.14729428 0.03788888 0.84585955 0.58326359]
[0.03232    0.00248231 0.00998783 0.88931985 0.46759974]
[0.16986625 0.01558096 0.05113692 0.79798299 0.57972293]
[0.17124697 0.05286936 0.09231544 0.7808724  0.40673514]
[0.98082699 0.3839165  0.45526577 0.06825746 0.21168934]
[0.80755053 0.51060274 0.47033027 0.1846082  0.45342963]
[0.21763158 1.24570689 0.33847985 0.32224397 0.39903945]
[0.82371279 0.72774573 0.45880514 0.06981019 0.20858296]
[0.41274238 0.40133154 0.48087816 0.37434294 0.18310789]
[0.33563744 0.64945663 0.58977775 0.3350584  0.38788368]
[0.18633398 0.55056484 0.6859037  0.44087751 0.35102542]
[0.24052281 0.74759804 0.50235151 0.35049689 0.37842433]
[1.92588111e-04 4.77057906e-04 6.19292554e-04 2.31099029e-01
 9.37732853e-01]
[0.18938819 0.51746447 0.03304094 0.65800941 0.62319015]
[0.18006604 0.0837844  0.89710128 0.29109177 0.48739654]
[0.03479465 0.04199345 0.08031768 0.76212251 0.49871051]
[0.05055306 0.26856505 0.07040476 0.79221692 0.51453179]
[0.03719174 0.06312345 0.06751341 0.79647311 0.60170348]
[0.48784202 0.20282602 0.21525552 0.68249609 0.03734773]
[0.01472131 0.85096167 0.2935047  0.1437552  0.52969576]
[0.71460446 0.19240381 0.75061545 0.14087123 0.5260728 ]
[0.063081   0.2772186  0.5028192  0.14280609 0.68608601]
[0.00384447 0.32966182 0.34000393 0.06547328 0.68719344]
[0.05756076 0.25297107 0.5342157  0.1508517  0.67340122]
[0.06432307 0.17109702 0.87953886 0.13437257 0.64641124]
[0.1795547  0.0362506  0.18652129 0.86443045 0.45957954]
[0.06152653 0.08805705 0.02818605 0.57643129 0.66165845]
[0.03389785 0.14512131 0.26416651 0.47051987 0.64598611]
[0.55253236 0.53884463 0.7847083  0.17435848 0.40792958]
[0.22918902 0.09635108 0.06250929 0.62225623 0.59145005]
[0.39954209 0.12967099 0.08010681 0.63081445 0.57620562]
[0.00891879 0.00555095 0.00197177 0.44260895 0.70064262]
[0.07382704 0.0864289  0.01360411 0.76356    0.67676914]
[0.03329863 0.02208114 0.00740769 0.43332211 0.68836079]
[0.31768357 0.24634734 0.3715285  0.2034546  0.62009454]
[0.29496222 0.39852115 0.28276053 0.07285255 0.70400201]
[0.31682797 0.4289742  0.18870759 0.07121096 0.6920493 ]
[0.337252   0.23783179 0.24451043 0.07552027 0.67378886]
[0.45199402 0.51512156 0.65217361 0.29747056 0.23933652]
[0.34563511 0.51501158 0.0941732  0.49153479 0.5273254 ]
[0.34150033 0.50551495 0.09159255 0.48343509 0.53697324]
[0.07326877 0.05958242 0.00265349 0.18279181 0.76289125]
[0.00704226 0.03851685 0.01046406 0.11350616 0.7720263 ]
[3.63564712e-01 1.78400503e-01 1.82321137e-01 2.83587199e-04
 7.73939671e-01]
[0.01982419 0.02298181 0.01298848 0.01708695 0.7672272 ]
[0.01626717 0.00597375 0.00125256 0.39752443 0.7205594 ]
[0.00985159 0.00360433 0.00255358 0.45224298 0.71582822]
[4.00195734e-04 1.75815240e-05 2.38710948e-02 1.98397865e-02
 7.43381021e-01]
[0.02648299 0.0308547  0.0156843  0.02319608 0.71344511]
[0.01511207 0.07112439 0.00209579 0.17915307 0.7673314 ]
[ 0.01768633  0.00636172  0.0082299  -0.00086941  0.80249469]
[0.05476652 0.00211996 0.00360969 0.07094568 0.77644264]
[ 8.98952308e-04 -5.72713359e-04  7.20764308e-04 -1.16910878e-03
  8.05704843e-01]
[0.06758771 0.06179572 0.00373756 0.03842459 0.76209694]
[0.00538677 0.00372175 0.00731175 0.00128816 0.80282046]
[0.02573215 0.0221335  0.00144186 0.00933037 0.78683376]
[0.00866791 0.04635549 0.02042795 0.09386416 0.7141324 ]
[0.01444823 0.01201957 0.02276723 0.00862493 0.738462  ]
[0.00763239 0.00978294 0.09039839 0.00463636 0.79476873]
[0.44257593 0.0364043  0.13313167 0.01403725 0.72271573]
[0.02864023 0.00625551 0.02114862 0.10856662 0.74213309]
[0.34707456 0.23301149 0.02269565 0.21102455 0.70918047]
[0.01406256 0.01181832 0.02278877 0.00753966 0.72500401]
[0.14167171 0.06656245 0.34617031 0.00782835 0.70832755]
[0.00344243 0.00336681 0.0581876  0.05139463 0.70931146]
[0.00638771 0.00137306 0.01895028 0.00441933 0.80014855]
[0.0058126  0.00143706 0.01760927 0.00771077 0.79739052]
[0.01728766 0.0061592  0.02337717 0.00879037 0.79665776]
[0.35791474 0.12557399 0.02806299 0.17830118 0.70538046]
[0.34620604 0.22916219 0.02716635 0.20989077 0.70540649]
[0.04449579 0.06255229 0.03727391 0.1733857  0.70641455]
[0.12178771 0.09935083 0.00444279 0.30497736 0.73747778]
[0.12561261 0.1024859  0.00458385 0.31460963 0.7330383 ]
[0.00509104 0.00110404 0.00436772 0.20436736 0.75608423]
[0.13672584 0.09873275 0.35973101 0.38995796 0.45487308]
[0.07376656 0.06976502 0.50058959 0.60482542 0.59451114]
[0.08831579 0.0956552  0.0640167  0.3008741  0.6878574 ]
[0.08250685 0.02698172 0.07786075 0.28728782 0.7063948 ]
[0.00534536 0.17459392 0.18043861 0.38525354 0.69562919]
[0.08214434 0.09173006 0.13480056 0.40287233 0.67777374]
[0.19242188 0.14582462 0.12669721 0.46847978 0.67908642]
[0.22976428 0.15873731 0.15768124 0.46099323 0.67110389]
[0.01762444 0.01026995 0.14363185 0.34106847 0.70329492]
[0.11094735 0.03262801 0.15645071 0.4943855  0.6665551 ]
[0.31722962 0.03656105 0.85852081 0.01885545 0.29184666]
[0.23232857 0.2644446  0.84826158 0.01871179 0.29149324]
[0.81290009 0.02650053 0.56074188 0.40843054 0.17527527]
[0.87355824 0.01627511 0.60153627 0.43870582 0.17366087]
[0.05593024 0.18137807 0.10654635 1.05547946 0.22514567]
[0.03926057 0.11984755 0.14998001 0.97381273 0.18411691]
[0.12601701 0.009669   0.1267067  0.95608792 0.20418102]
[0.03154131 0.11767511 0.14620882 0.94310286 0.44374649]
[0.33006832 0.32219664 0.26724075 0.19869072 0.52130695]
[0.45779444 0.54258997 0.81510393 0.21147669 0.47580315]
[0.53726128 0.36546077 0.25776841 0.35927355 0.50383554]
[0.38311147 0.00318479 0.16528911 0.59651653 0.54580465]
[4.43301208e-03 3.62813423e-03 2.02818097e-04 1.02546889e-01
 9.20385234e-01]
[ 8.99942524e-06 -7.10525446e-05  3.65979037e-04  7.66956333e-01
  7.99708459e-01]
[0.15584434 0.58378211 0.72230427 0.34180458 0.44182141]
[0.15920394 0.58320238 0.72295592 0.34211487 0.44055517]
[0.01061832 0.34208671 0.35298637 0.75560329 0.16441207]
[0.15749326 0.52672778 0.28822405 0.84429226 0.04927246]
[0.21079696 0.14741079 0.67325943 0.88040129 0.06258986]
[0.1158413  0.34695898 0.02452361 0.77564588 0.0558363 ]
[0.30097098 0.07731946 0.3335337  0.74293186 0.43327596]
[0.12983731 0.43444611 0.25578756 0.70885809 0.23334861]
[0.07940182 0.30479459 0.02527016 0.93600932 0.24962174]
[0.21597301 0.14191147 0.67845679 0.88721377 0.06073559]
[0.01156832 0.65034795 0.03838952 0.76469732 0.63247459]
[0.21107316 0.14602402 0.67214453 0.87754091 0.0674079 ]
[0.08353389 0.32065387 0.02950456 0.98579656 0.08122117]
[0.49790666 0.29763628 0.03857497 0.99088868 0.05276239]
[0.49635388 0.29402678 0.03837857 0.99232952 0.05276239]
[0.19885921 0.23465579 0.02143325 0.85574729 0.5288551 ]
[0.0851386  0.32681293 0.03007125 0.85352638 0.07129936]
[0.31366712 0.18731382 0.43057425 1.02824448 0.05476252]
[0.8458883  0.53486709 0.49265669 0.19347254 0.47497063]
[0.18344041 0.05688114 0.09898586 0.83693903 0.55833302]
[0.07544044 0.1687978  0.20642335 0.86387181 0.53190657]
[0.12303311 0.1450238  0.21912376 0.85046693 0.52725236]
[0.25022729 0.11809252 0.1380936  0.8665514  0.5502404 ]
[0.05607516 0.21183006 0.09667155 0.89959399 0.63496408]
[0.37268287 0.12091646 0.07489932 0.59369623 0.66518978]
[0.21162312 0.00307032 0.02863012 0.59707376 0.66299039]
[0.04879842 0.10893974 0.03054433 0.62730864 0.67045947]
[0.06462194 0.3906537  0.35126733 0.55500553 0.66351542]
[0.01644245 0.08066256 0.06073457 0.66044333 0.69800664]
[0.45907185 0.52319445 0.66269599 0.3022393  0.24267061]
[0.89348388 0.19618198 0.66053212 0.29938273 0.38894316]
[0.34025306 0.50698652 0.09743746 0.48463358 0.53829958]
[0.01502528 0.00961596 0.00483188 0.46094473 0.73337359]
[0.00619417 0.04433376 0.01882044 0.4626602  0.72752063]
[4.56660235e-04 7.84397309e-05 2.47051578e-02 2.06077223e-02
 7.69355290e-01]
[0.00237728 0.00625141 0.03627201 0.08647503 0.75643129]
[0.00583607 0.52778755 0.02306542 0.08151231 0.7230575 ]
[0.07482232 0.06085578 0.00343333 0.18676243 0.7792789 ]
[2.88353975e-01 4.43763200e-01 6.23269557e-02 4.74898134e-04
 8.42688315e-01]
[0.00409068 0.00238707 0.00377985 0.21556143 0.83238536]
[ 2.88900473e-01  4.44604897e-01  5.59817854e-02 -5.43773804e-04
  8.42715220e-01]
[ 0.0092322   0.02615221  0.14206543 -0.0010071   0.94583053]
[0.00171193 0.01267424 0.0031561  0.41499392 0.81669827]
[0.00573846 0.02724505 0.01654331 0.20111971 0.82407041]
[0.00866348 0.02409297 0.13145077 0.00136897 0.83179729]
[0.02661681 0.00182733 0.14966508 0.00185644 0.90889969]
[0.00386823 0.06586459 0.01206829 0.1575359  0.79505647]
[0.06131325 0.0590867  0.00458199 0.06151584 0.83115986]
[0.00404302 0.06874165 0.01256526 0.16442981 0.78717955]
[0.02894247 0.03817174 0.33743342 0.02317186 0.75722987]
[0.11736582 0.00192173 0.02947277 0.09094071 0.74745693]
[0.01094736 0.06192947 0.02942959 0.09870411 0.7572151 ]
[0.24124896 0.07996181 0.23063847 0.01734613 0.75910439]
[0.3584248  0.16921335 0.17867878 0.02415504 0.76775301]
[0.3522925  0.47703459 0.16813298 0.0764891  0.73815553]
[0.00462992 0.01840553 0.13634145 0.29011827 0.75159904]
[0.00823403 0.35333247 0.30891357 0.11207049 0.73001672]
[0.23561745 0.07626143 0.22479125 0.0566455  0.7507098 ]
[0.1710553  0.29538014 0.31194661 0.00494309 0.81213843]
[0.0073277  0.00193877 0.02206999 0.01014356 0.99786834]
[0.01555781 0.01319932 0.02524043 0.00969369 0.81174639]
[0.01523111 0.01300083 0.025348   0.00965221 0.80890241]
[0.0960774  0.03789312 0.02916655 0.00924452 0.88770518]
[0.00437281 0.02441783 0.12044481 0.01655242 0.94254457]
[0.36122566 0.12674073 0.02872949 0.17906488 0.71123047]
[0.35208883 0.23638505 0.0277302  0.21428296 0.72002662]
[0.10364592 0.03767108 0.05643164 0.2075719  0.73121773]
[0.08005812 0.05998848 0.09290447 0.28319615 0.74237369]
[0.0050369  0.02361095 0.02203968 0.21425957 0.8588104 ]
[0.01176001 0.00918719 0.00953108 0.21652694 0.82240022]
[0.37220444 0.24991865 0.02275173 0.22695756 0.76079971]
[0.14742247 0.09824576 0.37500866 0.54435904 0.55070347]
[0.138078   0.11164765 0.37644027 0.40538581 0.47416344]
[0.12435082 0.12056731 0.07555814 0.36651688 0.69502549]
[0.05640779 0.17621659 0.0773128  0.33592222 0.72724773]
[0.08642866 0.02829062 0.08269672 0.30309886 0.74500506]
[0.31528749 0.40360396 0.14002702 0.54689879 0.68057886]
[0.113011   0.03324533 0.16023868 0.50552527 0.68151839]
[0.44015811 0.05095802 0.95465003 0.0204115  0.32734846]
[0.84940327 0.02464234 0.58655766 0.42700675 0.18100558]
[0.28655289 0.6976066  0.68071912 0.41193133 0.20739075]
[0.49423468 0.47806376 0.57447236 0.44291305 0.22357002]
[0.04302991 0.16258522 0.19544434 0.99600977 0.3748823 ]
[0.04640994 0.15058604 0.14566931 1.08698742 0.23186515]
[0.03619263 0.13675618 0.17045259 1.01260189 0.37807386]
[0.03893676 0.12678535 0.15463393 1.0541038  0.22149563]
[0.13703502 0.03998809 0.18970309 0.95649894 0.45567747]
[0.0452927  0.14695952 0.18555624 0.99020661 0.4800304 ]
[0.38536533 0.56058872 0.31426503 0.35884988 0.52345625]
[0.33974072 0.33165141 0.277105   0.20565404 0.53803138]
[0.4714576  0.55618273 0.27285641 0.44109963 0.63744004]
[0.24554571 0.91978193 0.65666863 0.39905216 0.50460956]
[0.38514472 0.14441394 0.21001729 0.71221251 0.59656207]
[0.03655386 0.59735981 0.26492022 0.63004268 0.58173519]
[1.01386689e-01 4.18529354e-02 3.73866180e-04 2.82745872e-01
 9.53115086e-01]
[0.15338177 0.24223367 0.63537238 0.76049691 0.24791457]
[0.14605674 0.48847591 0.26731303 0.78289345 0.07214949]
[0.40677999 0.30014708 0.02571748 0.78892671 0.16615131]
[0.58539924 0.01344782 0.03097657 0.82762114 0.23793862]
[0.3242154  0.13564055 0.07161031 0.82886366 0.57933533]
[0.37507012 0.60677639 0.17452432 0.81772542 0.08592107]
[0.14264026 0.24261163 0.70324087 0.92353525 0.06554874]
[0.30771264 0.14135116 0.08474448 0.8725701  0.09500426]
[0.47079336 0.28140086 0.03427269 0.93402317 0.10639555]
[0.22578331 0.26681271 0.06717642 0.88342295 0.26885155]
[0.12509286 0.14745857 0.22278805 0.894176   0.55256292]
[0.27808213 0.17810849 0.16261046 0.89241012 0.42977021]
[0.52890688 0.17670674 0.24193076 0.915178   0.21156537]
[0.11795281 0.03054914 0.12456922 0.02150278 0.82419888]
[0.33366667 0.11693365 0.18201592 0.19112928 0.7532344 ]
[0.33686471 0.24847582 0.40503601 0.96544243 0.20454467]
[0.27410156 0.42181214 0.15055046 0.01027586 0.84145974]
[0.56019627 0.1820348  0.11232573 0.88521847 0.13692957]
[0.10995962 0.48002414 0.21555595 0.09675036 0.74580611]
[0.00524003 0.028109   0.13842968 0.83591937 0.74505897]
[0.3248826  0.3308404  0.20264596 0.01496642 0.82412989]
[0.27016085 0.09465037 0.27363167 0.19450637 0.76142214]
[0.4333831  0.31980825 0.02664331 0.84056535 0.17491418]
[0.0195028  0.01141858 0.15879895 0.38014719 0.7825088 ]
[1.07043335e-01 9.87602428e-05 9.45081615e-02 5.04384853e-02
 7.76514123e-01]
[0.01207987 0.03189185 0.08411027 0.56641442 0.77530824]
[0.12156712 0.11585723 0.42000621 0.34799588 0.7418021 ]
[0.43341388 0.32472625 0.16363139 0.12660275 0.76082691]
[0.1323314  0.169171   0.39494427 0.5161784  0.63974852]
[0.15214801 0.26626245 0.45423573 0.17570558 0.74305827]
[0.50050971 0.3516444  0.09804135 0.90019098 0.14726763]
[0.20679983 0.35602658 0.33135809 0.25643748 0.73580941]
[0.30552061 0.12720874 0.0961803  0.88360968 0.67411822]
[0.31011452 0.53918881 0.12952892 0.17517954 0.77348105]
[0.25564106 0.71109419 0.33989889 0.39148374 0.56753846]
[0.87629683 0.02544177 0.60512708 0.52263613 0.19257561]
[0.00500123 0.02008395 0.14304491 0.3064007  0.79265083]
[0.15442854 0.26834297 0.47470668 0.17539353 0.77078918]
[0.04218955 0.01925082 0.20771383 0.06576047 0.81784883]
[0.22475555 0.28874386 0.1040958  0.54446299 0.73344631]
[0.42879705 0.32126203 0.16188845 0.12852359 0.75387177]
[0.07057406 0.18716525 0.48614801 0.21246228 0.74935957]
[0.01049735 0.01359957 0.12361016 0.33696844 0.78939476]
[0.91696433 0.1979114  0.67825719 0.30725124 0.39644309]
[0.2829044  0.19045894 0.06308921 0.86959013 0.66344203]
[0.13888275 0.19909902 0.03068669 0.63462534 0.76120453]
[0.05573037 0.06538356 0.0322926  0.04624958 0.8311742 ]
[0.04768518 0.15472541 0.14594633 1.1015276  0.23496604]
[0.05267302 0.19820681 0.18429339 1.03981341 0.39511777]
[0.3057166  0.12729069 0.07960311 0.87108173 0.66457791]
[0.53767301 0.02720236 0.03582446 0.71353214 0.67563784]
[0.13806711 0.01054348 0.00996809 0.21286663 0.78554682]
