[0.04722504 0.29188988 0.00546427 0.75643323 0.25494685]
[0.04952892 0.81346448 0.19410043 0.78627874 0.00452786]
[0.37026156 0.35206182 0.56950064 0.32468086 0.34896882]
[0.44115798 0.18336484 0.19465858 0.6170017  0.03373598]
[0.01359838 0.78674771 0.27136848 0.132753   0.48972264]
[0.01500665 0.01058335 0.19737411 0.03240342 0.61311462]
[0.10867018 0.07252984 0.28577782 0.54873165 0.49133834]
[0.01589933 0.24433791 0.24747753 0.18963074 0.54067769]
[-9.67690972e-05 -4.18519589e-04  3.60031424e-03  1.46768593e-02
  8.13706953e-01]
[0.00446647 0.00380423 0.24935488 0.59812634 0.39705677]
[0.15349076 0.02280484 0.07169088 0.28891428 0.60023955]
[0.28968481 0.02322992 0.93994331 0.05238149 0.15522846]
[0.09573859 0.25489214 0.11831907 0.55438384 0.42116683]
[0.01450122 0.01021053 0.19079938 0.07469132 0.62786761]
[0.16059782 0.0964376  0.01243632 1.12638455 0.05348353]
[0.11175556 0.05041613 0.08304989 0.24802564 0.586385  ]
[0.03343141 0.04767967 0.01532592 0.4015686  0.60506516]
[0.44604902 0.42597014 0.74901311 0.02807447 0.35937966]
[0.47259773 0.53862191 0.69686589 0.31490735 0.07584156]
[0.34360468 0.32668286 0.53236865 0.30253202 0.41537753]
[0.2626767  0.2988301  0.5893649  0.22990444 0.47139085]
[0.2049016  0.08608345 0.05588423 0.5556019  0.52833495]
[0.00832887 0.00512682 0.00184855 0.41337548 0.65613406]
[0.1714976  0.02554892 0.04731684 0.30100794 0.62519626]
[0.024573   0.35466035 0.19325388 0.1414934  0.55065735]
[0.04976421 0.7837398  0.27097584 0.13255785 0.49146284]
[0.80143746 0.21127287 0.84085449 0.19572395 0.07141492]
[7.68794642e-03 5.26842439e-03 4.44710165e-04 9.96735111e-01
 1.79453135e-01]
[0.45561162 0.46409634 0.15422447 0.4842434  0.16027471]
[0.300509   0.96314822 0.06128255 0.47564129 0.07461561]
[0.55524401 0.85481772 0.47038029 0.00354546 0.43944603]
[0.34803473 0.06092651 0.2052988  0.74337575 0.02667967]
[0.04395763 0.66270628 0.22902413 0.66748197 0.00305232]
[0.05159942 0.08860438 0.00455728 0.66596781 0.59936024]
[ 2.98282313e-01  1.40730804e-01  1.48701139e-01 -1.65125970e-04
  6.31193019e-01]
[0.00109621 0.02049481 0.20405037 0.03398311 0.63407048]
[ 1.10490134e-03 -2.03605277e-04  2.51161137e-01  6.09795846e-01
  4.04035736e-01]
[0.22059659 0.02495558 0.23828565 0.68857989 0.31045469]
[0.26950917 0.40669589 0.07341014 0.42154367 0.49261078]
[3.02265301e-04 7.53749308e-03 2.97406463e-01 5.50767166e-01
 3.84066835e-01]
[0.68593042 0.03045662 0.26704325 0.01285591 0.54205511]
[0.09995039 0.42300464 0.24371391 0.17128529 0.51268359]
[0.11844118 0.46074541 0.56849485 0.26856742 0.46088402]
[0.55956161 0.21376084 0.24193046 0.2985178  0.45282954]
[ 5.69941165e-04 -5.85348764e-04  4.82124584e-04 -1.37417115e-03
  6.99907530e-01]
[0.10964885 0.35695826 1.0844978  0.0424953  0.1787627 ]
[0.02091023 0.05198066 0.49178596 0.15971347 0.5750361 ]
[ 5.01686408e-02  8.24900666e-01  3.59968526e-01  8.15858523e-01
 -2.80586283e-04]
[-1.49312509e-04 -5.46227490e-04 -8.93240757e-06  2.19880475e-02
  6.94898273e-01]
[0.12547937 0.09057128 0.33017344 0.35777167 0.41630817]
[0.27421765 0.19628992 0.02431693 0.15426008 0.61135018]
[0.96669693 0.71978194 0.03334536 0.16647235 0.19807163]
[0.44414616 0.00846857 0.53011749 0.55325102 0.38389539]
[-9.65143088e-05 -4.15835794e-04  3.64514961e-03  1.46666619e-02
  8.13706953e-01]
[0.02829884 0.04821663 0.1245884  0.78238407 0.1656075 ]
[0.34648733 0.00802151 0.39432851 0.31565676 0.45484282]
[0.66950404 0.26956415 0.18560573 0.35240791 0.52404178]
[0.12388599 0.14156629 0.90051708 0.30893512 0.24801773]
[0.00674454 0.04064612 0.10012804 0.47670181 0.57257961]
[0.04675515 0.01226562 0.02502757 1.09804892 0.07194007]
[0.22557866 0.22005797 0.33943023 0.26317342 0.50794527]
[0.28830965 0.02311681 0.93996254 0.0523631  0.1661606 ]
[0.00298087 0.00167597 0.00281342 0.15315734 0.65531362]
[0.01750994 0.00192036 0.82239383 0.01688785 0.26443759]
[0.89404599 0.34990036 0.41498435 0.00432547 0.18925388]
[0.07961904 0.23843721 0.01728537 0.64249749 0.04520144]
[0.67940723 0.0195891  0.45413265 0.28974681 0.11874836]
[0.88257288 0.34540316 0.02815015 0.05510091 0.20422046]
[0.03202371 0.03861704 0.07422666 0.91301159 0.06073412]
[0.06945991 0.20165738 0.45287558 0.86848319 0.05965045]
[0.26447555 0.32757613 0.24079074 0.17813433 0.4691211 ]
[0.18308197 0.12437463 0.2434798  0.18570973 0.52189486]
[0.94810928 0.3720554  0.43954028 0.06236931 0.13657327]
[0.10836156 0.24328994 0.11835175 0.54725059 0.41576339]
[0.01198277 0.08229376 0.62092278 0.40669669 0.41143074]
[-1.70039960e-04 -6.11364119e-04 -3.99690478e-05  3.00681811e-02
  7.29335979e-01]
[0.03086414 0.4577994  0.18843315 0.76252533 0.00721888]
[0.51923187 0.21591151 0.22698953 0.72541104 0.00228879]
[ 0.00103329  0.00275449  0.01708449 -0.00169125  0.83969425]
[0.24806992 0.01980694 0.80313212 0.53146002 0.2214828 ]
[0.31037327 0.30436561 0.69226429 0.26141633 0.19311885]
[0.04123654 0.24427058 0.00581665 0.66757025 0.04668693]
[0.01569799 0.01014743 0.00348331 0.77433334 0.32104531]
[0.90077228 0.35253691 0.28253662 0.05918907 0.19236091]
[0.3617019  0.351647   0.42142964 0.32780428 0.17860517]
[ 2.09117859e-05 -6.04804372e-04  3.69888123e-03  1.64825214e-02
  8.98111425e-01]
[0.01244209 0.01172429 0.74569156 0.01754404 0.43479096]
[0.33749467 0.11837816 0.02645955 0.14141583 0.64502591]
[0.52963447 0.14141839 0.82671769 0.12027615 0.18231415]
[0.0503651  0.1006889  0.02741054 0.89112225 0.00660736]
[0.43831717 0.49952191 0.72247985 0.37401029 0.07670806]
[0.4171061  0.58837483 0.12122779 0.5661016  0.17933397]
[-1.54983958e-04 -5.94305008e-04  9.00532669e-01  4.52212292e-01
  1.70637747e-01]
[-1.53643544e-04 -5.59679695e-04  1.76808812e-06  2.17618796e-02
  6.88383557e-01]
[5.15417669e-05 8.26583715e-05 4.83201745e-04 9.81200688e-01
 4.54412447e-01]
[ 2.79085135e-01  1.31639319e-01  2.17252077e-01 -4.39450716e-05
  6.67301129e-01]
[0.34696836 0.23817563 0.67934157 0.44035182 0.20306874]
[0.00793231 0.04244648 0.0187232  0.08587302 0.65466241]
[0.276034   0.82689581 0.06432248 0.12566301 0.04998119]
[-1.20024099e-04 -4.88307364e-04  3.70135110e-03  1.51304614e-02
  8.35652393e-01]
[0.04489442 0.06415394 0.02057294 0.35908321 0.54714029]
[0.01062939 0.66272908 0.14983047 0.46978357 0.50406283]
[0.02053064 0.00235298 0.96290949 0.02066611 0.18973454]
[0.08095525 0.01028783 0.68513862 0.03277344 0.38239244]
[0.13570946 0.83797267 0.30444609 0.05508297 0.24817377]
[4.21031072e-02 4.35082636e-04 8.62768585e-03 1.13174054e-01
 6.81125266e-01]
[0.21728145 0.08795353 0.00612303 0.59407995 0.46282212]
[0.16238543 0.57763149 0.54632268 0.28910554 0.37163018]
[0.20598624 0.14944201 0.54223331 0.04745369 0.48962148]
[0.21863093 0.24882885 0.79828316 0.01832301 0.2731642 ]
[0.14680908 0.08811389 0.01136498 1.02959254 0.14127356]
[0.01760567 0.09342615 0.13440373 0.64021743 0.42532293]
[0.52594084 0.01732352 0.48573933 0.12441091 0.52760455]
[0.01054476 0.59358721 0.03503735 0.48492109 0.46773854]
[0.36139111 0.27068429 0.13644144 0.10521552 0.63437808]
[0.26111635 0.09145896 0.14245754 0.14893545 0.58874276]
[0.18266213 0.55793089 0.72197809 0.15452732 0.16689169]
[0.12241483 0.29588796 0.18186462 0.36775023 0.52924916]
[0.00511972 0.00432249 0.28206717 0.67152381 0.33644392]
[0.77588968 0.02100048 0.5349862  0.05718893 0.15614103]
[0.00913216 0.00971913 0.39131789 0.35931001 0.56406834]
[0.0557447  0.81179499 0.50786864 0.24139216 0.28352146]
[0.45783101 0.43723362 0.64456534 0.03212121 0.33140337]
[0.20940467 0.66839909 0.48508856 0.16165164 0.22359214]
[0.05311649 0.07097541 0.59805651 0.0434159  0.42634808]
[0.11740861 0.01730624 0.05484382 0.22056752 0.61456769]
[0.03004876 0.05146562 0.00263735 0.67018299 0.59964825]
[0.25629335 0.25026264 0.32675031 0.15914346 0.53740634]
[0.5101844  0.00981818 0.45414792 0.54003187 0.36647128]
[0.16599794 0.72543057 0.42210188 0.1288592  0.21222892]
[0.01751114 0.26890656 0.24002836 0.19824554 0.55646564]
[1.02674723e-03 1.05218725e-04 1.47028032e-02 4.32361072e-04
 6.62091476e-01]
[0.01025707 0.14910866 0.06921757 0.64227385 0.32931171]
[0.23982598 0.81478713 0.45780115 0.35995799 0.04594798]
[0.32289589 1.03187206 0.56999352 0.0398532  0.16815955]
[0.28436683 0.02781881 0.92541968 0.19595575 0.1556671 ]
[0.01339737 0.77525305 0.29032973 0.14945403 0.49129811]
[0.00851348 0.02622677 0.7155665  0.68671518 0.17403883]
[0.23094485 0.00349175 0.1130425  0.52289441 0.43383787]
[0.01020682 0.19252683 0.35691237 0.36409489 0.44066094]
[0.16017976 0.14334363 0.05915163 0.66534826 0.43182032]
[0.00389974 0.33420875 0.30833856 0.06206703 0.60401467]
[0.60463511 0.43761369 0.14740901 0.76874151 0.00441808]
[0.40541725 0.27243273 0.03194176 0.24708918 0.6048972 ]
[0.04568553 0.05816849 0.0501459  0.88651483 0.13197166]
[0.10144924 0.13387377 0.44151294 0.24440937 0.60700124]
[0.45950268 0.17766881 0.61691231 0.28925857 0.18818207]
[0.11389835 0.25156657 0.07633185 0.52798783 0.40117186]
[0.11333515 0.55792554 0.1600921  0.12344943 0.61829408]
[0.01809741 0.21933377 0.07481591 0.6334831  0.45255021]
[0.30606548 0.41438921 0.14314562 0.02866128 0.63481648]
[0.03499288 0.05009781 0.13731047 0.89565489 0.05894169]
[0.01124125 0.35012617 0.13598446 0.18889195 0.53859329]
[0.22141735 0.86611717 0.34926878 0.31750559 0.05767144]
[0.46594059 0.63104681 0.27749939 0.10571941 0.51884889]
[0.00195584 0.18643838 0.01043653 0.3676488  0.64703722]
[0.01214711 0.00847405 0.17493571 0.09043855 0.66140024]
[0.0454214  0.88934071 0.52765231 0.33426172 0.11503716]
[0.02127469 0.01523734 0.00130329 0.87275948 0.15907974]
[0.4566777  0.19101277 0.13215912 0.60782906 0.03323014]
[0.11631203 0.79200879 0.19168533 0.44731692 0.4438379 ]
[0.38949015 0.58040293 0.11153824 0.37250057 0.53504128]
[0.35161134 0.15192226 0.16272042 0.51124254 0.48982674]
[0.25708273 0.77945609 0.04430887 0.14553574 0.2015536 ]
[0.17579958 0.07249176 0.09644321 0.88428086 0.07494118]
[0.6109566  0.34568165 0.18737992 0.42559832 0.35587454]
[ 4.00534980e-01  3.80883943e-01  6.20539757e-01 -2.77817021e-04
  4.42693545e-01]
[0.20590481 0.1390056  0.16944813 0.16257747 0.63468622]
[0.2734113  0.88608463 0.06352491 0.43722434 0.06858334]
[0.10836454 0.70870498 0.17448043 0.50590852 0.16756461]
[0.12256271 0.00303654 0.0817065  0.8330314  0.11699108]
[0.30332157 0.21144818 0.06126215 0.54791854 0.47956258]
[0.06163049 0.02515117 0.47597439 0.57639948 0.00180302]
[0.05108091 0.0494864  0.36815749 0.29153798 0.47117548]
[0.81915597 0.32534728 0.02690212 0.34928397 0.14815062]
[0.00844242 0.05077649 0.12472673 0.43833404 0.54873545]
[ 1.05784246e-04 -2.11906108e-04  1.18912166e-03  3.68287987e-03
  7.49061806e-01]
[ 0.33458296  0.51496344  0.07232211 -0.00159835  0.80781107]
[0.01712479 0.04253667 0.3815068  0.29492131 0.53886936]
[0.01076852 0.01193699 0.07939332 0.91625521 0.04880708]
[0.6984005  0.52264451 0.54787511 0.02268592 0.22751509]
[ 1.86184824e-03 -1.24779176e-04  1.48836183e-03  8.09382100e-01
  1.60451713e-01]
[0.03131401 0.03773507 0.07257164 0.91035357 0.06467876]
[0.01624659 0.02146392 0.72179654 0.66134182 0.35998927]
[0.48744254 0.95403151 0.26382991 0.51113082 0.008061  ]
[0.49089226 0.35519874 0.17525055 0.64041743 0.00361476]
[0.26280514 0.01325034 0.26495383 0.32318476 0.52940605]
[ 3.90481968e-05 -4.55040766e-04 -4.03236661e-05  9.03415008e-03
  7.31950167e-01]
[ 0.005351    0.01425177  0.00471796 -0.00137975  0.70532182]
[0.02273495 0.0272986  0.05283356 0.64932144 0.44745349]
[0.00240184 0.00448784 0.08163796 0.48753122 0.52449423]
[0.01774403 0.00696533 0.00460061 0.62660065 0.47489356]
[0.01767405 0.08668786 0.06524121 0.70956493 0.43499454]
[0.47546579 0.02986505 0.03169243 0.63696875 0.45041259]
[0.0311366  0.87245359 0.30072642 0.03154171 0.53428522]
[9.76535587e-04 6.47146923e-04 1.57342223e-03 7.57923540e-01
 3.75962818e-01]
[0.44912649 0.18668668 0.19821805 0.62820428 0.04034848]
[0.0140971  0.81526662 0.28003124 0.13994216 0.50746132]
[0.02292133 0.01642149 0.30454189 0.05151181 0.62357004]
[0.0159027  0.01121774 0.20434382 0.03362899 0.62879346]
[0.06080977 0.16423322 0.07318224 0.29496455 0.60096112]
[0.29530929 0.0207641  0.95760999 0.13608615 0.15937905]
[0.19117534 0.00621884 0.13872222 0.35064254 0.61097961]
[0.00851608 0.00557493 0.00190835 0.4286922  0.68361817]
[0.0042542  0.00974218 0.00195378 0.42564431 0.67398595]
[0.17149677 0.02597223 0.04733045 0.30109503 0.62537597]
[0.35285635 0.14655453 0.45541501 0.74878389 0.04088868]
[ 3.15321386e-01  1.48800245e-01  1.57193819e-01 -5.17774315e-05
  6.67251965e-01]
[0.3109976  0.14675257 0.15554876 0.00523895 0.65415324]
[0.45290155 0.31596469 0.09148303 0.45557403 0.50739071]
[0.6183769  0.15879816 0.27363811 0.10592337 0.56275514]
[0.57453499 0.21949552 0.24834855 0.30654968 0.46423622]
[ 7.75906985e-04 -5.73720536e-04  6.31597423e-04 -1.28647203e-03
  7.11651353e-01]
[ 1.21915322e-03 -1.49800012e-04  1.57189703e-02  6.10210222e-04
  7.07709206e-01]
[0.28768907 0.27960041 0.33291588 0.45233421 0.48915976]
[0.11368957 0.04257279 0.00894845 0.34129629 0.6788414 ]
[0.32040162 0.03234343 0.83313316 0.01832047 0.28440363]
[0.72245561 0.02086874 0.49890301 0.36287986 0.15389787]
[0.30147111 0.29424286 0.24276175 0.18014619 0.47502272]
[0.08015091 0.01017976 0.67456522 0.43973575 0.44633778]
[0.15581729 0.52112216 0.28515964 0.83529456 0.02701829]
[0.52962939 0.22591194 0.23225585 0.74228693 0.00235133]
[0.08553591 0.25616413 0.01810306 0.6982453  0.04908957]
[0.21662321 0.64890127 0.08158804 0.67196607 0.05949281]
[0.08871121 0.26567732 0.01877578 0.6959818  0.04912603]
[0.25713849 0.11537306 0.00775512 0.79381601 0.05008849]
[0.04799568 0.2966459  0.03331974 0.77557407 0.26095982]
[0.27065209 0.16155647 0.37155161 0.89056242 0.04734845]
[0.33076498 0.05787443 0.16898724 0.68247759 0.27872396]
[0.00846179 0.32855922 0.29075168 0.67032552 0.13173726]
[0.11278954 0.01012267 0.12165075 0.79522005 0.33243681]
[0.98082699 0.3839165  0.45526577 0.06825746 0.21168934]
[0.82371279 0.72774573 0.45880514 0.06981019 0.20858296]
[0.99652605 0.41589941 0.31486086 0.0662054  0.2160543 ]
[0.41274238 0.40133154 0.48087816 0.37434294 0.18310789]
[0.04588653 0.17337665 0.19775865 1.08387834 0.03927863]
[0.00241207 0.0012057  0.00396933 0.17549168 0.70939569]
[0.05290342 0.02672859 0.00158965 0.15958099 0.7014315 ]
[0.25137476 1.17664852 0.22821164 0.15287394 0.07509788]
[0.52726413 0.78583481 0.15387591 0.14055181 0.18168603]
[0.88550399 0.62899044 0.22261934 0.14907599 0.06770139]
[0.56062951 0.56697809 0.28861511 0.1407149  0.16068979]
[-1.18993808e-04 -4.76839155e-04  4.00392520e-03  1.65225057e-02
  9.03000021e-01]
[ 9.99914900e-05 -5.55702739e-04  8.04519688e-03  2.57531338e-02
  8.89888157e-01]
[0.12822086 0.1639039  0.05695844 0.59343966 0.58871712]
[0.04344398 0.09755145 0.02661332 0.55316396 0.59166256]
[0.19349928 0.01500709 0.02623922 0.54712824 0.6088168 ]
[0.27928869 0.09786693 0.0212296  0.39906144 0.59236692]
[0.0917449  0.01173747 0.77626881 0.04829037 0.43363876]
[0.84556153 0.33089557 0.39248359 0.05804845 0.29669449]
[0.05322875 0.00085405 0.0133617  0.156217   0.69578464]
[0.45056273 0.02322235 0.0300148  0.60319573 0.56272768]
[0.22173219 0.09319866 0.06047523 0.60137754 0.57172972]
[0.14921587 0.40830171 0.02998796 0.60192199 0.505094  ]
[0.28294526 0.45712658 0.58123867 0.3306396  0.41822624]
[0.24057638 0.11819927 0.59284317 0.19482983 0.53597047]
[0.07491154 0.0713302  0.26277093 0.66697216 0.44316075]
[0.17289546 0.66441343 0.80426684 0.22699696 0.37507512]
[0.00560001 0.00477047 0.30768092 0.73850489 0.36948912]
[0.74737813 0.16400768 0.55253113 0.2719874  0.193079  ]
[0.53413216 0.51017686 0.7519564  0.03783074 0.38607868]
[0.52590431 0.14144781 0.68190564 0.11733138 0.44486512]
[0.14265495 0.06626656 0.74482991 0.39244236 0.43265237]
[0.04453408 0.12044298 0.07996133 0.2888385  0.62622462]
[0.05380063 0.14316839 0.06730399 0.30901381 0.64062217]
[0.00495913 0.16232551 0.16779994 0.35812638 0.64689067]
[0.11623903 0.05246018 0.08637885 0.25804707 0.65822554]
[0.18341871 0.80154745 0.46118566 0.14207924 0.23368583]
[0.22730257 0.72553323 0.42873117 0.16284971 0.22523049]
[0.07894674 0.07508204 0.02524949 0.04248964 0.68996561]
[0.02544126 0.0337957  0.29830852 0.0194605  0.66927598]
[0.30741529 0.14505604 0.18213518 0.00642125 0.67222153]
[0.04622533 0.05416211 0.02679243 0.0414536  0.70525223]
[0.09477918 0.03931016 0.15452591 0.31812468 0.66245979]
[0.03984384 0.04798295 0.01656261 0.58339849 0.66560684]
[0.28118631 0.20129065 0.02667963 0.16244123 0.67462067]
[0.20334747 0.20076051 0.1699031  0.05700449 0.67205452]
[0.34195788 0.12901047 0.02785194 0.17025602 0.67773576]
[0.00113274 0.00573605 0.05194459 0.15491231 0.66468269]
[0.04583174 0.03152367 0.02758268 0.09390849 0.68667539]
[0.04198102 0.15972472 0.19935663 0.04001153 0.68948761]
[0.13845749 0.06504025 0.33832467 0.00457619 0.69214291]
[0.1564322  0.04824725 0.08433621 0.7132075  0.3715519 ]
[0.26476317 0.89951239 0.49078094 0.39417551 0.05032838]
[0.11452189 0.50317155 0.92652166 0.26418801 0.27594203]
[0.01921923 0.02077932 0.76639994 0.7023392  0.18250292]
[0.23702778 0.00359975 0.11416002 0.5348301  0.44370945]
[0.2699377  0.17258005 0.17564454 0.52452478 0.47429133]
[0.13602327 0.09822291 0.35770338 0.38821343 0.45259119]
[0.32159081 0.25029945 0.37654009 0.1837171  0.61983756]
[0.3250777  0.25301854 0.37498688 0.18198026 0.62090284]
[0.33123211 0.25781779 0.3820835  0.1437281  0.61916911]
[0.63950398 0.07448367 0.67234333 0.3026334  0.24134028]
[0.15506677 0.58086952 0.71698905 0.34163149 0.43925447]
[0.18633398 0.55056484 0.6859037  0.44087751 0.35102542]
[0.43291022 0.42079192 0.69009055 0.34203286 0.21696367]
[0.14853576 0.21712048 0.12749708 0.59562629 0.4401643 ]
[0.14251434 0.33474764 0.20679017 0.33069341 0.54163402]
[0.40500025 0.39625244 0.16287875 0.21423054 0.56167391]
[0.1896505  0.17702333 0.23717522 0.19561923 0.55757342]
[0.34825163 0.44107358 0.15373646 0.21876601 0.59758512]
[0.213702   0.14525888 0.27853272 0.21448574 0.60189999]
[0.23711547 0.16122792 0.20318866 0.19356438 0.54373293]
[0.11029573 0.46227159 0.27070034 0.18956765 0.56385856]
[0.23680911 0.93502242 0.44701149 0.35532269 0.06454253]
[0.38553319 0.74604656 0.67741758 0.3825212  0.06433956]
[0.45732931 0.13103408 0.04610202 0.36982706 0.64922559]
[0.04300328 0.70657432 0.1707794  0.6834493  0.0412182 ]
[0.46219989 0.19213658 0.20394224 0.646522   0.0353639 ]
[0.72925981 0.41271783 0.22366392 0.40961452 0.4027702 ]
[0.30938667 0.74336407 0.19079198 0.28348148 0.51164333]
[0.41983982 0.60301318 0.19325703 0.24581295 0.54208125]
[0.52895968 0.72473231 0.27805523 0.15673556 0.26721513]
[0.70276333 0.33228674 0.33005745 0.26091269 0.2160304 ]
[0.34344017 0.82520674 0.1916472  0.21219681 0.54268462]
[0.64165787 0.16832871 0.67309485 0.12610158 0.46526827]
[0.43554841 0.37928892 0.70593617 0.09162977 0.44792123]
[0.6577359  0.17256073 0.6899575  0.01674798 0.47249624]
[0.47831347 0.56458513 0.18979252 0.59537424 0.40482085]
[0.43243521 0.51039261 0.29015573 0.57738731 0.3926225 ]
[0.50216899 0.59845011 0.2002584  0.5467931  0.40396503]
[0.0386444  0.23097586 0.50254374 0.60417471 0.17005001]
[0.06628868 0.19948069 0.5476465  0.62545743 0.17858157]
[0.18171553 0.13981015 0.59725067 0.69765133 0.05201506]
[0.04008987 0.65885264 0.48085344 0.8192544  0.00600781]
[0.16158039 0.15909532 0.48420755 0.58757305 0.16526431]
[0.07786692 0.0243903  0.4191828  0.51190544 0.50106813]
[0.0114805  0.21623228 0.40072582 0.40920122 0.49488199]
[0.03027317 0.18734187 0.38381053 0.41466289 0.48981065]
[0.50087606 0.74648811 0.14617461 0.40862871 0.21003677]
[1.02015503 0.60350275 0.04896765 0.57960922 0.24054729]
[0.49128845 0.73219223 0.20651487 0.40831083 0.21653455]
[0.10255959 0.03011889 0.14543683 0.45864539 0.61854786]
[0.05688701 0.09771659 0.10331351 1.06297447 0.05844526]
[0.01383022 0.09843655 0.05597168 0.94324267 0.26233671]
[0.04233053 0.05123815 0.07118507 0.97153051 0.24990434]
[0.09950754 0.05986964 0.00546074 1.04176776 0.20511419]
[0.00682346 0.00481086 0.00518849 1.078084   0.19410094]
[0.00794079 0.02212263 0.2649024  0.95147223 0.18665674]
[0.04024761 0.03661458 0.00208811 0.91698686 0.34495149]
[0.07142691 0.07066174 0.00353818 0.89995343 0.2225779 ]
[0.01274816 0.00887821 0.16545335 0.90321757 0.35620715]
[0.0074195  0.02178125 0.00403943 0.88921916 0.37091826]
[0.01545    0.09258702 0.20220805 0.8603891  0.18492985]
[0.03209307 0.03870156 0.07444143 0.91548427 0.11411848]
[0.22086896 0.06860092 0.11908552 1.00780239 0.06789277]
[0.49178943 0.96254181 0.26499003 0.51552355 0.00813348]
[0.56578774 0.40946595 0.19526746 0.73609356 0.0042137 ]
[0.11694342 0.27477981 0.2723996  0.33232548 0.54429188]
[-8.98325473e-05 -4.27056574e-05  1.96393167e-04  2.19823044e-02
  8.46392405e-01]
[2.57454491e-04 1.33077809e-03 2.20733503e-05 2.91008884e-02
 8.10692051e-01]
[3.77966481e-03 3.02637953e-03 1.66250529e-04 8.76875823e-02
 7.89700566e-01]
[-4.63081990e-06 -1.12131401e-04  3.34009919e-04  7.08527355e-01
  7.51579167e-01]
[-7.64136297e-05  5.34417694e-05  1.12897984e-02  3.68098136e-01
  7.39938662e-01]
[-5.74357747e-05 -3.12224729e-04  2.48249227e-02  1.11072150e-01
  7.52995766e-01]
[ 2.87391042e-04 -1.23171985e-04  1.88403543e-02  1.52160371e-02
  7.33897298e-01]
[-3.35878466e-05  3.54484132e-04  3.81742894e-04  3.90408153e-02
  7.76014094e-01]
[0.03021894 0.02837753 0.28503933 0.68938375 0.45961744]
[0.31058202 0.13221144 0.14328669 0.51689331 0.55126733]
[0.02420704 0.03493142 0.10705772 0.50729379 0.5925635 ]
[0.00585786 0.01272337 0.09740024 0.56625956 0.61134387]
[0.08674551 0.02839637 0.08394845 0.52305176 0.62027802]
[0.00391438 0.00376756 0.23154897 0.55527126 0.63542692]
[0.02602432 0.03130673 0.06042869 0.74287727 0.48463596]
[0.02509091 0.03016936 0.05827345 0.71632933 0.49351877]
[0.05127787 0.08805024 0.00830571 0.66397174 0.60654864]
[0.25568752 0.00131583 0.06530423 0.64952605 0.52207992]
[0.02363328 0.02839323 0.05490781 0.75227891 0.49032048]
[0.10219155 0.00120569 0.28215451 0.64524409 0.53502886]
[0.03766874 0.06459732 0.06874502 0.71558936 0.64874204]
[0.03053393 0.0990532  0.09600207 0.71577594 0.60995109]
[0.80434775 0.10747893 0.34787068 0.0829085  0.56472815]
[1.95927561e-04 1.48164216e-02 1.36259816e-02 8.46439036e-01
 4.42741290e-01]
[2.39487555e-04 1.88659782e-02 1.12350113e-02 8.04640102e-01
 4.24919998e-01]
[2.51462171e-04 1.46028160e-02 1.34383293e-02 8.34799393e-01
 4.58557565e-01]
[0.16986625 0.01558096 0.05113692 0.79798299 0.57972293]
[2.13633408e-04 1.32385644e-02 1.39855167e-02 8.20456173e-01
 4.50692052e-01]
[0.0048216  0.01363499 0.01352546 0.840204   0.44060498]
[0.01403804 0.05345597 0.06675791 0.7656828  0.44103213]
[0.09145496 0.02678089 0.12974853 0.83011541 0.39065612]
[0.07940182 0.30479459 0.02527016 0.93600932 0.24962174]
[0.02703773 0.1492836  0.71390099 0.12371157 0.66497526]
[0.063081   0.2772186  0.5028192  0.14280609 0.68608601]
[0.1158413  0.34695898 0.02452361 0.77564588 0.0558363 ]
[0.34464985 0.13490013 0.00807132 1.00924232 0.13938505]
[0.03389785 0.14512131 0.26416651 0.47051987 0.64598611]
[0.80755053 0.51060274 0.47033027 0.1846082  0.45342963]
[0.04802892 0.20186379 0.36748444 0.36003063 0.63100474]
[0.12056804 0.14348517 0.47312739 0.17958147 0.63116337]
[0.06321362 0.19303525 0.24519514 0.89445557 0.21985019]
[0.00456539 0.01814988 0.1230285  0.2554785  0.66560688]
[0.18361733 0.2283857  0.06974672 0.77216293 0.08335871]
[0.30630138 0.36468386 0.20651668 0.74700896 0.39892916]
[0.00344243 0.00336681 0.0581876  0.05139463 0.70931146]
[0.04131886 0.43605866 0.24433699 0.72135498 0.21411727]
[0.59522796 0.82607256 0.64942401 0.14541225 0.169318  ]
[0.337252   0.23783179 0.24451043 0.07552027 0.67378886]
[0.06432307 0.17109702 0.87953886 0.13437257 0.64641124]
[0.01061832 0.34208671 0.35298637 0.75560329 0.16441207]
[0.59457957 0.23005732 0.78991895 0.37365883 0.15831498]
[0.30097098 0.07731946 0.3335337  0.74293186 0.43327596]
[0.21999901 0.25789907 0.00928385 0.25887143 0.70470598]
[0.21143056 1.04063271 0.30773592 0.23276627 0.25513246]
[0.05305923 0.05729846 0.03848796 0.28617397 0.68672232]
[0.04078548 0.03710997 0.00211663 0.9292184  0.34954741]
[0.23232857 0.2644446  0.84826158 0.01871179 0.29149324]
[0.21597301 0.14191147 0.67845679 0.88721377 0.06073559]
[0.03926057 0.11984755 0.14998001 0.97381273 0.18411691]
[0.24052281 0.74759804 0.50235151 0.35049689 0.37842433]
[0.024195   0.03475736 0.10476598 0.28930968 0.69557071]
[ 8.99942524e-06 -7.10525446e-05  3.65979037e-04  7.66956333e-01
  7.99708459e-01]
[0.17384114 0.41834728 0.66210584 0.25708734 0.54703638]
[0.29496222 0.39852115 0.28276053 0.07285255 0.70400201]
[0.45779444 0.54258997 0.81510393 0.21147669 0.47580315]
[0.12079255 0.40397448 0.22111893 0.70168165 0.40351622]
[0.14167171 0.06656245 0.34617031 0.00782835 0.70832755]
[0.07716081 0.2052765  0.86873266 0.13362331 0.64286135]
[0.05096578 0.19012967 0.04573573 0.89756575 0.42225137]
[0.31682797 0.4289742  0.18870759 0.07121096 0.6920493 ]
[0.19885921 0.23465579 0.02143325 0.85574729 0.5288551 ]
[0.14400331 0.04453245 0.07798299 0.66713155 0.63328067]
[0.03076843 0.5260032  0.21632174 0.71424825 0.12505317]
[0.18006604 0.0837844  0.89710128 0.29109177 0.48739654]
[0.31722962 0.03656105 0.85852081 0.01885545 0.29184666]
[0.00384447 0.32966182 0.34000393 0.06547328 0.68719344]
[0.28935246 0.19645451 0.20924208 0.33779843 0.55314582]
[0.05756076 0.25297107 0.5342157  0.1508517  0.67340122]
[0.21669088 0.64910402 0.08161353 0.6721765  0.05951151]
[0.06918333 0.22450747 0.06374156 1.13780564 0.2427028 ]
[0.13286058 0.20462811 0.54155927 0.88170442 0.14275156]
[0.08852067 0.02052858 0.0454009  0.05169014 0.70864139]
[0.38217878 0.37223478 0.2469009  0.21692408 0.56867077]
[0.01559151 0.05428407 0.38397172 0.95243497 0.37452178]
[0.14000826 0.3384416  0.2079737  0.3667522  0.56340066]
[0.53726128 0.36546077 0.25776841 0.35927355 0.50383554]
[0.15749326 0.52672778 0.28822405 0.84429226 0.04927246]
[0.12601701 0.009669   0.1267067  0.95608792 0.20418102]
[0.31189535 0.13297523 0.14376033 0.51908258 0.55359423]
[0.00612171 0.00147997 0.10799869 0.2791984  0.68664062]
[0.04409225 0.06198163 0.03693666 0.1717998  0.70002872]
[0.43400166 0.41977652 0.50449311 0.38870288 0.19628881]
[0.81183202 0.17820123 0.62069845 0.2752115  0.35801828]
[0.27124123 0.26351519 0.17860178 0.10645311 0.67940396]
[0.21079696 0.14741079 0.67325943 0.88040129 0.06258986]
[0.19336384 0.23336825 0.14779613 0.16686634 0.69791013]
[0.12983731 0.43444611 0.25578756 0.70885809 0.23334861]
[1.67247288e-04 4.01047955e-04 5.72232828e-04 2.14816238e-01
 9.22359237e-01]
[0.34150033 0.50551495 0.09159255 0.48343509 0.53697324]
[0.36040656 0.52425778 0.28033096 0.33334395 0.48340485]
[0.42301946 0.19067357 0.1213824  0.58540388 0.50203679]
[0.49201161 0.58076572 0.1978188  0.61389116 0.41709391]
[0.23931854 0.86287537 0.50367191 0.15536467 0.2552489 ]
[0.33116118 0.23352764 0.23991155 0.1192952  0.67604479]
[0.77149618 0.0223265  0.53006577 0.50709411 0.1729854 ]
[0.34008922 0.81715322 0.20972058 0.31181109 0.56290701]
