[0.04178365 0.82447362 0.18135049 0.07594839 0.1039493 ]
[0.0689626  0.09046297 0.57131565 0.04079147 0.41418564]
[0.03969484 0.17479928 0.8448007  0.00499555 0.03727644]
[ 4.43712321e-03  2.91421169e-03  7.03010243e-01  2.66492374e-01
 -5.83791242e-05]
[0.4687691  0.17246768 0.01152633 0.52348184 0.22465039]
[0.13899019 0.03640061 0.49451565 0.50299698 0.15234003]
[0.0110505  0.1686572  0.01146752 0.68139881 0.04648045]
[0.49762063 0.06187036 0.25407365 0.41794725 0.31343033]
[0.650824   0.46695849 0.01740148 0.04867524 0.09375917]
[0.24807819 0.6262718  0.40308087 0.01165958 0.10057284]
[0.70633914 0.03341218 0.26343029 0.4204125  0.00205653]
[0.28798544 0.28910827 0.10766503 0.44919036 0.29701812]
[0.00158793 0.01085084 0.10482736 0.55058913 0.35237834]
[ 1.89631334e-03 -5.22000195e-04  5.58163952e-01  2.20853302e-01
  3.71979845e-01]
[0.27590888 0.18768678 0.02440882 0.17672109 0.496904  ]
[0.14859806 0.02568007 0.08848057 0.00388017 0.62344622]
[0.51386143 0.0718295  0.53312785 0.11032271 0.00111337]
[0.01301952 0.50925032 0.26741917 0.07541612 0.40867314]
[ 0.13687061  0.79531045  0.10339584 -0.00205055  0.36886599]
[0.0142458  0.06074676 0.54258786 0.48949525 0.12950381]
[0.16704579 0.11343723 0.21775892 0.1672266  0.52470567]
[0.00525765 0.01413303 0.00065668 0.54897641 0.42138088]
[0.32134321 0.17757431 0.09535376 0.6188207  0.113119  ]
[0.04623855 0.04472641 0.64296193 0.11038801 0.01059971]
[0.24673561 0.18226915 0.33453944 0.26789704 0.38642826]
[0.65697315 0.34550483 0.41479607 0.01686847 0.00729181]
[ 0.77753587  0.23202026  0.14165681 -0.00103095  0.04361376]
[0.10192332 0.4385075  0.00492227 0.68109839 0.03092001]
[0.00147935 0.9184224  0.31684964 0.15529466 0.00180144]
[0.42203208 0.17614829 0.19003605 0.59247406 0.00179609]
[ 2.63451656e-02  2.92284484e-01  1.28045562e-01  9.44985137e-01
 -2.96745661e-04]
[0.06432425 0.38196026 0.1030788  0.13234093 0.52542958]
[0.05132635 0.15367237 0.01089008 0.69106481 0.0094913 ]
[0.00468384 0.1390636  0.28500972 0.15780599 0.50379547]
[0.48007913 0.3563896  0.01245791 0.09056229 0.44330073]
[0.19580957 0.14580078 0.57777341 0.10569146 0.30196287]
[ 5.46754208e-04 -5.31685832e-04  1.10591319e-04  8.31122429e-01
  1.35733343e-01]
[0.10168217 0.03871923 0.01291883 0.32440519 0.50793661]
[0.31422541 0.38933735 0.43185158 0.20710478 0.07106992]
[0.64653375 0.07758573 0.00964219 0.32777691 0.07426174]
[0.03392234 0.01255335 0.09233919 0.32046008 0.50146217]
[0.0443521  0.24319362 0.24463686 0.58586093 0.05161436]
[0.1297417  0.81370591 0.01087548 0.40403576 0.03345237]
[0.02589551 0.56321813 0.44116767 0.34325599 0.1187915 ]
[0.00173292 0.02672582 0.45034671 0.56620341 0.16813305]
[ 1.65760716e-04 -1.04035592e-04  3.56829490e-05 -1.73856185e-03
  6.93332917e-01]
[0.60765603 0.21431949 0.46710691 0.00809064 0.04950879]
[0.75608677 0.35633625 0.01956827 0.41591695 0.00211537]
[6.63502080e-02 1.20724410e-02 2.18256627e-01 6.74918757e-01
 5.84026482e-04]
[0.32465711 0.06872515 0.37993303 0.28153796 0.35322209]
[-1.37141093e-04  4.87549770e-03  3.16575629e-01  5.88304799e-01
  5.45488611e-02]
[0.45438271 0.19643373 0.01288811 0.54481005 0.0012213 ]
[0.58699494 0.02656278 0.23267688 0.3670576  0.40644546]
[0.01593672 0.01043143 0.72722008 0.02671203 0.0096142 ]
[0.36124691 0.23399413 0.02294389 0.51680952 0.40556161]
[0.11819731 0.43160621 0.50874322 0.0025571  0.31790553]
[0.24400999 0.27806739 0.43213183 0.50239602 0.23570756]
[0.74377878 0.03349371 0.20523386 0.0501712  0.00788549]
[0.00105507 0.00472093 0.71150315 0.32122355 0.04286811]
[0.10164635 0.34140335 0.93767101 0.00600007 0.01595603]
[0.1700384  0.38799443 0.11377847 0.58162675 0.02958721]
[0.00809057 0.77676339 0.20320465 0.14237094 0.19711194]
[0.02158419 0.00386633 0.59703522 0.36302797 0.00317905]
[0.00645137 0.02598344 0.43251307 0.55271985 0.07182399]
[0.04593309 0.73943721 0.32901147 0.28881591 0.11885443]
[4.20566081e-04 1.51668460e-03 1.94680262e-03 6.80229270e-01
 2.76751756e-01]
[0.18069146 0.04700249 0.58043879 0.38444285 0.15134314]
[0.37731288 0.01363519 0.22591257 0.59837276 0.03629852]
[0.04773785 0.76711713 0.18682587 0.03202043 0.41725676]
[0.40967849 0.49385723 0.6050696  0.00885375 0.00373789]
[0.0904801  0.38592817 0.22231435 0.56534623 0.13666859]
[0.04228328 0.74165067 0.30489251 0.11698153 0.13663034]
[-7.92371003e-05 -5.50771819e-04  6.14676670e-02 -1.18237605e-03
  6.36258596e-01]
[0.00192138 0.02862114 0.62891005 0.01895292 0.3231266 ]
[0.2616229  0.11799319 0.01434731 0.57079579 0.25490584]
[0.07659942 0.33183982 0.00382871 0.52660369 0.36422321]
[0.10265933 0.43453296 0.32276769 0.51040925 0.14135655]
[0.34341475 0.09046864 0.40608642 0.32186068 0.30915032]
[0.04837267 0.13803307 0.16969866 0.66988029 0.04693967]
[0.45185774 0.44833645 0.52736388 0.01622609 0.0093303 ]
[0.03068521 0.19267946 0.38536416 0.18513786 0.45536822]
[0.16313119 0.6988653  0.03384143 0.32357152 0.0720659 ]
[0.01313624 0.00689165 0.18144075 0.65108063 0.11391153]
[0.28649062 0.29851741 0.01105775 0.21382293 0.45600565]
[4.16022132e-04 1.26343992e-02 4.17135314e-01 1.42718887e-03
 5.16715361e-01]
[0.47227363 0.02166998 0.33653228 0.51466238 0.12375597]
[0.25222575 0.31240321 0.15512113 0.48894106 0.28728481]
[ 9.28395839e-03 -2.27411424e-04  8.39764464e-01  4.76766535e-02
 -3.72146614e-04]
[4.56978230e-04 2.16705704e-03 1.54584581e-01 4.82092817e-01
 4.69170804e-01]
[0.32896142 0.31942289 0.21042053 0.27082309 0.33291391]
[0.01015288 0.06689143 0.61754042 0.25556353 0.13615195]
[0.00549872 0.7419956  0.01954305 0.03882853 0.48299577]
[0.03871813 0.24300067 0.48570367 0.2339619  0.40936246]
[0.14462708 0.37005607 0.45554687 0.21066312 0.30358803]
[0.23105498 0.1552469  0.59993159 0.26675995 0.08985997]
[-1.69464513e-04 -6.10734424e-04 -1.73121618e-05  7.91757880e-02
  6.66268533e-01]
[0.16697631 0.53903312 0.23778254 0.0261607  0.40023589]
[0.02402484 0.35541103 0.36294341 0.15664007 0.48050856]
[0.03444839 0.59999651 0.14538109 0.42042139 0.03143696]
[0.93775764 0.69548011 0.01834395 0.04282979 0.13664999]
[0.25177582 0.80829642 0.20442181 0.00865437 0.21114939]
[1.12097607e-03 2.81011367e-04 5.56942960e-01 4.71438244e-01
 2.61541826e-02]
[0.00788114 0.00154874 0.28137742 0.52796238 0.36483428]
[0.41410058 0.01660111 0.19953395 0.17824644 0.43909972]
[0.01182276 0.20281592 0.70372081 0.00222369 0.21498871]
[ 7.02912625e-01  3.05086013e-01  3.45108514e-01 -8.18841845e-06
  1.24523964e-01]
[0.26564362 0.19266064 0.01198934 0.5550264  0.34107606]
[8.25463046e-02 9.33729262e-02 2.71979977e-04 5.83186167e-01
 5.14475331e-01]
[0.49478723 0.37975872 0.03890183 0.20961422 0.29632383]
[0.19586302 0.19826933 0.16751876 0.48958665 0.39049576]
[0.03619582 0.13129807 0.06475883 0.61519251 0.31493005]
[0.0138309  0.25997729 0.4470639  0.46478728 0.25803148]
[0.02933593 0.08366186 0.10312783 0.40441557 0.46624986]
[0.00626177 0.28595691 0.72870527 0.06831525 0.0026035 ]
[0.13055064 0.01931683 0.01036679 0.26648328 0.54793508]
[ 3.15883286e-03 -5.14900947e-04  1.38095020e-04  7.97982319e-01
  5.33332460e-02]
[0.40403377 0.15016987 0.03975701 0.0601135  0.48468742]
[-1.66701217e-04 -6.00645606e-04  2.97635101e-04  1.50311099e-01
  5.95127459e-01]
[0.04961894 0.36608201 0.18147425 0.56480332 0.21136103]
[2.04118002e-01 1.30312183e-01 2.61848610e-01 5.90025489e-04
 6.05279861e-01]
[0.13959753 0.83454679 0.04235862 0.32138846 0.03337716]
[0.00091483 0.01809835 0.5897488  0.00290747 0.37636274]
[0.15624484 0.42090727 0.40576541 0.62422477 0.00107285]
[0.02772474 0.45261843 0.16634594 0.62425981 0.08824261]
[0.01819398 0.01705739 0.21263585 0.26881869 0.5390912 ]
[0.25072967 0.10394247 0.11063701 0.58836866 0.2996367 ]
[0.00184396 0.0018224  0.49283701 0.36119277 0.33574645]
[0.30838289 0.14250506 0.09404807 0.36386953 0.44526802]
[0.05474281 0.07173004 0.45379193 0.03191052 0.46125782]
[0.12107959 0.08216684 0.16041308 0.20603157 0.52687705]
[0.03379217 0.09645247 0.62412216 0.21628065 0.00082355]
[0.07825671 0.24719651 0.01752343 0.17171353 0.54321838]
[0.02679875 0.35719934 0.16407556 0.61682876 0.18285742]
[0.8474426  0.13665996 0.263867   0.13336311 0.00174182]
[0.20948166 0.13891217 0.29541033 0.12241944 0.53712651]
[0.04123654 0.24427058 0.00581665 0.66757025 0.04668693]
[0.13473678 0.57586084 0.14401898 0.41646371 0.03379148]
[0.45506031 0.07395203 0.63902077 0.08961799 0.14609719]
[0.19811487 0.7601598  0.02168507 0.02820248 0.14935762]
[0.03582325 0.58896532 0.11997569 0.56276758 0.1152808 ]
[0.45597157 0.1933299  0.28753489 0.17897005 0.37112134]
[0.54472534 0.12712356 0.15389328 0.08924509 0.46698727]
[0.31199593 0.01119592 0.08760911 0.27042249 0.48284292]
[0.07683839 0.23056924 0.06539305 0.6508194  0.04579022]
[0.24613544 0.16412162 0.07011803 0.69823975 0.00085497]
[0.00382938 0.00319487 0.36120631 0.46932973 0.36430742]
[0.15584751 0.08647366 0.00631686 0.2912442  0.50576341]
[0.68951607 0.08331329 0.04408187 0.2407411  0.19787132]
[0.00971213 0.00898251 0.53582061 0.28310624 0.4514982 ]
[0.0048045  0.00987529 0.34684865 0.24876597 0.47393381]
[ 4.78153023e-02  7.86308163e-01  3.43137989e-01  7.65380117e-01
 -2.87523438e-04]
[0.43124628 0.03205157 0.0115     0.61982479 0.20239447]
[0.13705576 0.02137518 0.0656532  0.52761387 0.41126377]
[0.02062683 0.01959408 0.71450555 0.21487295 0.01883791]
[0.00847125 0.0249577  0.2172232  0.67120401 0.04722388]
[0.43303108 0.14910818 0.04603655 0.00458267 0.5276867 ]
[0.00088058 0.00057761 0.06347499 0.49520899 0.43314686]
[9.81405431e-04 7.01336955e-04 8.16334748e-01 1.18389826e-01
 2.65544634e-01]
[0.24273723 0.72152809 0.0220272  0.3608768  0.05441035]
[0.11325282 0.38039094 0.84933752 0.01656298 0.01475511]
[-1.53276853e-04 -5.92297834e-04  1.04906371e+00  6.59983830e-02
  6.56744283e-02]
[0.19173544 0.14624707 0.51584543 0.21123839 0.29770992]
[4.92245534e-03 3.23303704e-03 6.76136556e-04 7.14305762e-01
 5.89262292e-03]
[0.408202   0.39682972 0.45431961 0.11937369 0.0110919 ]
[0.0875224  0.28967668 0.54117331 0.35055664 0.05561719]
[0.05409047 0.05046243 0.01276328 0.68699543 0.21269587]
[6.98958402e-01 5.00025778e-01 5.65656247e-02 3.07413234e-01
 6.28066085e-04]
[0.10357126 0.32718358 0.02319731 0.01481703 0.53915817]
[0.00131451 0.00106612 0.51016682 0.1089001  0.51120836]
[0.13282508 0.36124884 0.36593797 0.03959428 0.40530748]
[0.22428993 1.03379533 0.21816121 0.03186018 0.00241853]
[0.01113268 0.01461492 0.17246345 0.52299095 0.30857371]
[0.59467468 0.39723036 0.16941731 0.33864029 0.00310394]
[0.57511165 0.00439752 0.01992962 0.47849742 0.05360865]
[0.29854367 0.36321072 0.63656599 0.03161789 0.00736678]
[0.74960325 0.12219624 0.05593496 0.06650764 0.10405922]
[0.64926527 0.64301237 0.04366588 0.04975182 0.00673252]
[0.43349678 0.42127809 0.55604681 0.0010506  0.30591013]
[0.50226419 0.21622351 0.05745458 0.01752413 0.43385547]
[-1.65709253e-04 -6.06610624e-04  1.30795953e-04  4.00192327e-01
  5.98163053e-01]
[0.4514624  0.07604352 0.03909075 0.02626536 0.53329053]
[2.82261918e-02 2.67432286e-02 4.19237378e-01 6.88888517e-01
 4.13259294e-04]
[ 0.00769573  0.38100099  0.42925463 -0.00126703  0.36529176]
[0.25121001 0.24604873 0.13726406 0.52390752 0.28873335]
[0.02036579 0.2718506  0.24536014 0.5827663  0.27429727]
[ 1.84669340e-04 -2.69232015e-04  4.12695432e-01  7.64876991e-02
  5.85766751e-01]
[0.0123557  0.00103054 0.573653   0.10770502 0.40312022]
[0.00647619 0.02608311 0.43413412 0.55479923 0.01762663]
[0.48715948 0.10796808 0.40103632 0.32372251 0.12981838]
[0.19059168 0.22165884 0.61943386 0.03568057 0.15819675]
[-1.57194876e-04 -3.90559989e-04  2.00136972e-01  5.17377938e-01
  3.78192610e-01]
[0.07051745 0.09435236 0.59420494 0.09297743 0.33426821]
[0.49232424 0.23262605 0.40779548 0.00165632 0.40837009]
[0.02886797 0.4818144  0.50329098 0.39620772 0.00116384]
[0.29823964 0.06170108 0.28910026 0.52172683 0.00153388]
[0.06913019 0.06606527 0.80424741 0.03517126 0.00564136]
[0.21489419 0.20949069 0.61759781 0.11484511 0.01103566]
[0.1801356  0.17134659 0.53312421 0.34428708 0.1761104 ]
[0.63551554 0.62938568 0.04274023 0.14165194 0.00668   ]
[0.10161901 0.25642941 0.64280004 0.00725341 0.09795294]
[0.07944814 0.28602767 0.07770514 0.40000752 0.43482335]
[0.41753102 1.13073203 0.0202081  0.08249478 0.04331901]
[0.23206634 0.22546267 0.48524207 0.18940383 0.32454916]
[0.86474818 0.40162593 0.1600674  0.01701465 0.0080301 ]
[0.00525611 0.6569875  0.22285616 0.11385008 0.48388385]
[0.18387398 0.03581464 0.60529614 0.3313619  0.00296441]
[0.05530679 0.33878763 0.18715599 0.12638129 0.54922717]
[0.02590366 0.0248607  0.34508875 0.34420155 0.39551928]
[0.24761894 0.07097278 0.62879268 0.0340624  0.33423212]
[0.67612586 0.15187401 0.28383002 0.00612099 0.32732407]
[0.44601561 0.18538984 0.52208535 0.00292523 0.17192277]
[0.0011931  0.00068638 0.00204866 0.62790234 0.34742827]
[0.01750994 0.00192036 0.82239383 0.01688785 0.26443759]
[0.05807926 0.07764254 0.65411608 0.01568599 0.36152596]
[0.00074749 0.03116073 0.3079771  0.43631075 0.35607125]
[-1.58279697e-04 -6.10345677e-04  2.62355025e-04  7.12119623e-01
  1.89297442e-01]
[0.82753126 0.04704278 0.07578379 0.12777911 0.04897774]
[ 9.17551428e-03 -2.28935289e-04  2.69228082e-01  2.93120992e-01
  4.78157759e-01]
[0.68910206 0.03844715 0.41919899 0.06219685 0.14487849]
[0.29914689 0.01269944 0.67491754 0.00135172 0.22828122]
[0.46265956 0.04481739 0.55361934 0.01405331 0.22500595]
[ 0.21752152  0.25156873  0.19753857 -0.00094423  0.50850093]
[0.01573642 0.00147379 0.75898278 0.06344275 0.14276961]
[0.14758424 0.4014063  0.406554   0.1820332  0.37596576]
[0.00071608 0.03104128 0.29313664 0.17496609 0.49930334]
[0.31429299 0.36211445 0.1161989  0.38690322 0.3552995 ]
[0.14048862 0.84542155 0.05238656 0.28301733 0.05842918]
[0.33420887 1.01989228 0.02888486 0.17522463 0.08049872]
[0.15559019 0.08571232 0.04900249 0.30354164 0.5222682 ]
[0.03593758 0.23536756 0.51034373 0.4060215  0.33126526]
[0.00202896 0.27310145 0.27928658 0.34038525 0.41388439]
[0.06978611 0.2954233  0.312789   0.41737198 0.37243792]
[0.03989969 0.11936527 0.05144039 0.53157428 0.34778393]
[0.01129347 0.1639895  0.06219287 0.67424797 0.17487687]
[-3.63255773e-05 -1.34066641e-04  7.12506121e-05  5.19107496e-01
  5.51149037e-01]
[0.54899808 0.12812519 0.13551342 0.0931662  0.46661748]
[0.59094434 0.07534231 0.61228812 0.02165377 0.05684718]
[0.11860856 0.35111912 0.36940327 0.00111174 0.51091781]
[0.2458356  0.25522829 0.03005997 0.2849738  0.45774427]
[0.07961904 0.23843721 0.01728537 0.64249749 0.04520144]
[0.0983881  0.26909768 0.61700659 0.27083169 0.20981068]
[0.58842005 0.40312682 0.20686011 0.34289884 0.00314782]
[0.1617074  0.05669259 0.70675163 0.01113883 0.12344602]
[0.00797582 0.9264017  0.18170732 0.07325696 0.00680911]
[0.76676257 0.4544919  0.04352357 0.10233929 0.04565837]
[0.09117422 0.59889787 0.38994118 0.05454257 0.17605098]
[0.26841967 0.11322564 0.0810552  0.21994027 0.51465659]
[ 6.13216624e-03  1.77322285e-02  7.29573679e-01 -5.05508928e-04
  4.09898325e-02]
[0.43153773 0.57935757 0.03729591 0.01462359 0.33996784]
[0.28923135 0.05986973 0.36166831 0.5095981  0.26843637]
[0.0504979  0.24672403 0.65331919 0.04222859 0.1973563 ]
[0.38021527 0.06073378 0.1817148  0.38491527 0.41964561]
[0.35496797 0.43831596 0.4858532  0.2822759  0.00483802]
[0.0698047  0.06778891 0.50267747 0.44797101 0.03100129]
[0.6062686  0.20901227 0.05430745 0.10726524 0.37504756]
[0.14344694 0.77325753 0.40812694 0.03298208 0.03135968]
[0.07962286 0.34071823 0.64200657 0.01722306 0.18622947]
[0.00957229 0.03851803 0.63638662 0.2572007  0.01731169]
[0.00298452 0.42681839 0.43708454 0.22722796 0.31300027]
[0.22536968 0.72351586 0.04419035 0.25758623 0.19623082]
[0.0014471  0.0012471  0.00193508 0.32752881 0.52659594]
[0.34648733 0.00802151 0.39432851 0.31565676 0.45484282]
[0.0237878  0.44414134 0.35124866 0.4384463  0.30024281]
[ 2.41426698e-01  1.84274058e-01  6.49430387e-01  2.66492374e-01
 -5.83791242e-05]
[0.16588355 0.48269721 0.071852   0.42677435 0.40167206]
[0.17500009 0.11678136 0.52431078 0.50358819 0.00883331]
[0.01968368 0.04844919 0.58902555 0.20811263 0.36720532]
[0.67750463 0.484663   0.05482814 0.29791383 0.00670648]
[0.23179157 0.22265028 0.34002411 0.11575678 0.44180045]
[-1.68710548e-04 -6.10811993e-04 -3.66430121e-05  5.18787362e-02
  6.06492735e-01]
[0.05100075 0.15074713 0.15918971 0.63628253 0.04475361]
[0.21597839 0.99549229 0.24742614 0.05231186 0.00234808]
[0.12527969 0.31617795 0.20366601 0.00754935 0.50886138]
[-1.63729840e-04 -5.91385545e-04  7.93674834e-01  6.43851555e-01
  4.58417649e-02]
[0.0890488  0.37687941 0.19112182 0.59673156 0.19832033]
[0.12097452 0.38881172 0.4552503  0.35619768 0.18970934]
[0.16149986 0.05661911 0.70225798 0.00790402 0.20909301]
[0.69472492 0.04070686 0.40984889 0.06214094 0.13127821]
[0.01726173 0.00297657 0.47839827 0.29585268 0.35667954]
[6.68646436e-01 6.62220103e-01 4.49706425e-02 5.13007419e-02
 6.41831351e-04]
[0.27845109 0.13133904 0.67223062 0.00624429 0.30919958]
[0.02905052 0.07889396 0.66157449 0.22854833 0.0008927 ]
[0.52595961 0.05535865 0.38017962 0.0512     0.19878233]
[0.08239197 0.51939928 0.56096511 0.01664113 0.19715856]
[0.0107486  0.00683549 0.6193307  0.27269499 0.0306182 ]
[0.11025845 0.35938161 0.52956052 0.36114226 0.05729864]
[0.05129618 0.87392673 0.0851227  0.10537227 0.11699135]
[0.49085295 0.1574267  0.25229761 0.00235178 0.33133666]
[0.22406847 0.60368325 0.1743311  0.63739632 0.00110398]
[0.00146773 0.00049242 0.45331814 0.18559289 0.48405648]
[0.2480104  0.53463449 0.0960498  0.00700172 0.50791807]
[0.32085753 0.33437909 0.0393049  0.22224173 0.42301727]
[1.87859918e-03 4.39175141e-05 4.03561690e-01 1.59091937e-01
 5.38723414e-01]
[0.41375847 0.01701817 0.1597769  0.53543225 0.23410634]
[0.16154962 0.10968859 0.2423384  0.17672154 0.49690523]
[0.22269051 0.09040867 0.09803388 0.52113343 0.39034641]
[0.01623178 0.0018039  0.32587997 0.65962476 0.03802432]
[-1.15226121e-04 -5.48110088e-04  7.05633751e-04  7.23898056e-01
  1.68219263e-01]
[0.26812605 0.33210311 0.24411294 0.15715845 0.46742061]
[0.2782263  0.25214412 0.5050641  0.36064868 0.18444702]
[0.69090358 0.03266884 0.27456503 0.41444801 0.00202451]
[0.13398748 0.43012069 0.02577757 0.58158282 0.19786149]
[0.00338653 0.18228859 0.46884592 0.53516028 0.15317397]
[0.21638435 0.03408554 0.10363812 0.48914481 0.40625136]
[0.00143876 0.67459637 0.32324295 0.34706113 0.38595566]
[0.0549261  0.02281407 0.03459519 0.50046184 0.41305942]
[0.01433706 0.44613802 0.03560392 0.21791057 0.46464175]
[0.01311904 0.00759596 0.66704098 0.0131037  0.03380592]
[0.29659875 0.36795559 0.13364203 0.15005975 0.45288896]
[0.04849719 0.8081569  0.33228929 0.12291381 0.1202846 ]
[0.13422539 0.80244652 0.01175583 0.36518287 0.03251266]
[0.15398339 0.7369468  0.51495192 0.0283792  0.00445987]
[0.16827295 0.50505651 0.14310104 0.51470928 0.04166062]
[0.0006158  0.00263896 0.07387706 0.57691053 0.39611431]
[ 2.74775649e-03 -2.19750181e-04 -4.32790903e-05  8.91939091e-01
  1.48840749e-01]
[0.00462428 0.00293177 0.83199283 0.14582322 0.15640748]
[ 4.21185585e-02 -2.53671578e-04  5.13198151e-01  8.76176439e-02
  4.24057824e-01]
[0.05086354 0.15228579 0.01079172 0.68483478 0.02973115]
[0.05108091 0.0494864  0.36815749 0.29153798 0.47117548]
[0.19024689 0.48023473 0.54601046 0.01174647 0.10120816]
[0.14119597 0.4229215  0.03289463 0.64731521 0.01121105]
[0.00464967 0.0799786  0.63117832 0.39292511 0.00080164]
[0.1197039  0.04169304 0.49457701 0.00515934 0.42005449]
[ 1.57514802e-03 -5.31002415e-05  6.16783835e-01  4.67288654e-03
  3.82607415e-01]
[0.41719883 0.47921302 0.15366616 0.50356444 0.03050659]
[0.01815743 0.03874799 0.50520577 0.52277114 0.13956535]
[0.00049444 0.01000157 0.41508066 0.00734222 0.46911495]
[0.57963249 0.24109073 0.26329588 0.02422351 0.2872398 ]
[-1.70332993e-04 -6.11685760e-04 -5.15236954e-05  5.02409079e-03
  6.89476193e-01]
[0.41766691 0.06220308 0.53500255 0.0008981  0.33633382]
[0.00700198 0.29587365 0.07672191 0.41680899 0.44606569]
[9.29772116e-03 6.45134093e-03 6.02647526e-04 7.54404892e-01
 4.31262430e-02]
[0.64861107 0.0796341  0.02898586 0.03852189 0.47523647]
[0.05760332 0.37103988 0.20963296 0.61615087 0.16027836]
[0.00629364 0.09220071 0.0339525  0.3771905  0.50249365]
[7.57957671e-04 8.02688761e-06 2.42998377e-01 5.10342020e-01
 4.32858985e-01]
[0.00191219 0.00840697 0.28076354 0.52680605 0.36436275]
[0.19072803 0.2399753  0.89570619 0.00662385 0.01358402]
[0.36105633 0.14997286 0.16364857 0.5009723  0.28775165]
[0.18911695 0.12603553 0.3399639  0.00408099 0.5688718 ]
[0.29191787 0.15440973 0.00752167 0.34172298 0.50180352]
[0.2944372  0.0114564  0.02729924 0.29737196 0.48504757]
[0.08878361 0.38034696 0.4016394  0.31831294 0.33106051]
[0.03641446 0.60653027 0.32482658 0.0893208  0.36940709]
[0.13832461 0.82091856 0.31845179 0.02776601 0.09913808]
[-1.69015821e-04 -5.79033310e-04  4.66159109e-03  7.05568345e-01
  4.13120690e-01]
[0.04885126 0.53854406 0.32836944 0.51985462 0.01579465]
[0.21309539 0.08972352 0.06434339 0.26454674 0.51953357]
[0.03208721 0.02318256 0.43887012 0.55703164 0.01051962]
[0.04292004 0.61809156 0.33120877 0.24678801 0.28696814]
[0.6414439  0.93993058 0.00393319 0.07981112 0.21618134]
[0.00608683 0.24066057 0.47272904 0.0409726  0.45135164]
[0.03543957 0.5826806  0.14085052 0.56333734 0.0893843 ]
[0.0336835  0.22063629 0.47618995 0.43669009 0.32642524]
[0.53397702 0.3963769  0.01039275 0.10141346 0.49307192]
[0.75533007 0.3559791  0.01954863 0.41748317 0.00211558]
[0.45588383 0.07408692 0.64017687 0.08820517 0.14632823]
[0.01260529 0.30029444 0.16963478 0.49579601 0.39543186]
[0.00168328 0.00606407 0.00560432 0.50514337 0.42785572]
[0.31579838 0.05659053 0.28218877 0.08259324 0.60188219]
[0.09255423 0.60795504 0.39583309 0.04638133 0.17851769]
[0.18247373 0.86502134 0.01019515 0.39778302 0.04960407]
[0.44074625 0.27095006 0.54518369 0.04109272 0.03405249]
[0.04913169 0.21028682 0.3843597  0.00951199 0.50545058]
[0.66471985 0.48983424 0.04319489 0.12584641 0.05058476]
[0.44059916 0.09150379 0.00530815 0.55523209 0.27269143]
[0.01700931 0.01617187 0.262119   0.42915963 0.50786835]
[0.02018539 0.29166186 0.15897549 0.24368638 0.57098157]
[0.50503968 0.49844223 0.43718261 0.03274398 0.00923776]
[0.34789709 0.27981341 0.36528272 0.03774136 0.41141811]
[0.03193799 0.03074689 0.38721336 0.61432336 0.03762087]
[0.05690182 0.24086386 0.1222381  0.37979625 0.48895468]
[0.02848438 0.45229565 0.47758775 0.37078764 0.00231428]
[0.0094847  0.4677897  0.52689081 0.00985018 0.32930398]
[0.02237813 0.27092462 0.27826793 0.33686165 0.41238613]
[0.25887409 0.32110409 0.22915339 0.16710691 0.45343646]
[0.00727446 0.00647359 0.35652653 0.46332828 0.35966498]
[0.42358882 0.14584481 0.03793122 0.07430457 0.52492124]
[0.32370954 0.13759647 0.14120852 0.54343737 0.29951796]
[0.02331256 0.09931398 0.06094534 0.5681996  0.36039674]
[0.00551504 0.01820872 0.45359032 0.28963698 0.38885727]
[0.00948755 0.13805974 0.0652053  0.61496432 0.31491484]
[0.00811585 0.00742239 0.00129896 0.48076301 0.49314499]
[0.41895027 0.17410711 0.02980039 0.56676514 0.01752815]
[0.01386534 0.78578726 0.08357989 0.03783147 0.35938425]
[0.10465772 0.48248008 0.68260726 0.02287644 0.02438342]
[0.07186509 0.06869663 0.83598861 0.03664413 0.0051523 ]
[0.00850923 0.00748399 0.46282909 0.38920819 0.44915582]
[0.02075706 0.0670113  0.66256498 0.1138219  0.01093558]
[0.05228218 0.15653605 0.0113444  0.67409476 0.04597943]
[0.024573   0.35466035 0.19325388 0.1414934  0.55065735]
[0.02146398 0.00944666 0.00560523 0.77596669 0.0030261 ]
[0.23464318 0.22795205 0.48494157 0.18985508 0.32535098]
[0.00108504 0.04421558 0.30655988 0.17269611 0.51603389]
[3.88477393e-04 8.31008018e-03 3.48919037e-01 3.13649979e-01
 5.13996121e-01]
[0.30056589 0.34261372 0.53223283 0.02820223 0.21376211]
[0.80547958 0.13075978 0.04426816 0.12902274 0.06263587]
[0.24065939 0.17415651 0.64022433 0.12099211 0.01699145]
[0.47994253 0.16915919 0.36616683 0.00591524 0.39296632]
[0.69698943 0.26168159 0.08351227 0.01005383 0.01707841]
[0.15648145 0.1516705  0.07612862 0.63093002 0.00826537]
[0.10876013 0.4602791  0.12963876 0.1437694  0.47906627]
[0.48340225 0.04482909 0.50020458 0.10988467 0.00513522]
[0.26543778 0.84135707 0.11075023 0.00772637 0.23361613]
[0.18870872 0.14427321 0.50808783 0.263745   0.30390235]
[0.71228582 0.52381367 0.26210928 0.03475869 0.00175379]
[0.11150289 0.41233044 0.44016332 0.18745017 0.30108728]
[0.03942803 0.82280532 0.05370663 0.10757808 0.46974659]
[0.17058919 0.12318961 0.43910484 0.23400079 0.43877359]
[0.20474498 0.08601064 0.26782415 0.12275456 0.52176208]
[ 1.57341390e-04 -4.15479331e-04 -3.94069939e-05  4.84298921e-02
  6.77065176e-01]
[0.22963098 0.02837388 0.4468981  0.46461413 0.25793564]
[0.18193796 0.1387494  0.52516075 0.21299192 0.30476046]
[0.35918881 0.1494029  0.15849551 0.49962009 0.29354083]
[0.21594635 0.00836783 0.10406658 0.47654858 0.40466076]
[0.01736363 0.01651801 0.26259237 0.42772669 0.50692407]
[0.19649474 0.19223613 0.25701325 0.54612684 0.30103891]
[0.29661176 0.36796232 0.13364602 0.14986165 0.4528371 ]
[0.57821235 0.24037688 0.26587228 0.02454666 0.2980663 ]
[0.01652064 0.00282402 0.52602179 0.3254687  0.39331176]
[0.43490134 0.09031302 0.01099407 0.54745016 0.26344077]
[0.00637654 0.04219825 0.3916195  0.55338756 0.13667331]
[0.17388596 0.43172056 0.54274167 0.02196742 0.17220962]
[-8.77603226e-05  1.03325609e-03  1.43093419e-03  6.91409762e-01
  3.43026778e-01]
[ 1.17328105e-04 -3.94547549e-04  5.83695804e-03  7.39646412e-01
  6.11546381e-03]
[-1.53209953e-04 -5.92221801e-04  1.00598770e+00  7.79451202e-04
  5.27850320e-02]
[0.32094836 0.06548942 0.37537674 0.29742123 0.35498709]
[0.43114338 0.09016682 0.41655256 0.04570209 0.36680299]
[0.00117922 0.00512377 0.7664247  0.34618315 0.03654087]
[0.00145607 0.00048305 0.44992741 0.18599704 0.47072977]
[0.23769856 0.75192236 0.40610256 0.03319764 0.03352216]
[6.90180459e-01 6.83561426e-01 1.05376967e-01 4.74700030e-02
 6.81894892e-04]
[0.03455901 0.01703244 0.3363262  0.01079136 0.49104612]
[0.12545537 0.78711047 0.01227724 0.36398353 0.04395567]
[0.00335419 0.12523771 0.28556548 0.27333139 0.47783604]
[0.0431566  0.02859302 0.41498799 0.17079657 0.45001086]
[0.08655704 0.32067392 0.12846249 0.39381858 0.42886595]
[0.14324406 0.07265144 0.00329084 0.47368148 0.45155545]
[0.07743715 0.23190027 0.01681119 0.65320091 0.04576454]
[0.05359955 0.01386326 0.00179611 0.54014506 0.42187599]
[0.22670475 0.21293927 0.66562011 0.00130348 0.22513114]
[0.14953332 0.53597355 0.19368066 0.52113225 0.00240035]
[0.45527342 0.43552195 0.0802218  0.00449798 0.54702159]
[0.00564298 0.11290906 0.54477033 0.08506403 0.3932663 ]
[0.00991594 0.02779734 0.39918787 0.42558288 0.45378672]
[0.05960339 0.78296142 0.2745461  0.00684561 0.16045349]
[0.4378145  0.18560991 0.27608717 0.04111192 0.42697251]
[0.05771815 0.94211444 0.02873474 0.10549642 0.12520424]
[ 0.01427903 -0.00052551  0.43825196  0.43050025  0.38647439]
[0.05012957 0.03649123 0.68621922 0.03159552 0.01029676]
[0.12547937 0.09057128 0.33017344 0.35777167 0.41630817]
[0.42951869 0.03192077 0.03795829 0.61990301 0.20241998]
[0.01988867 0.01280407 0.63778749 0.32742143 0.00968278]
[0.43101651 0.01705117 0.02786165 0.15885314 0.47259102]
[0.01804926 0.00698346 0.02154047 0.67761657 0.16832246]
