[0.69090358 0.03266884 0.27456503 0.41444801 0.00202451]
[0.23089036 0.68630853 0.02463268 0.34325201 0.05564972]
[0.19393783 0.23394848 0.44011519 0.37557107 0.34904883]
[0.05054306 0.84100045 0.34578774 0.11677524 0.1249098 ]
[0.03017074 0.42574741 0.43478052 0.18806462 0.38829076]
[0.74423643 0.03820275 0.27824383 0.29993205 0.06152146]
[0.12547937 0.09057128 0.33017344 0.35777167 0.41630817]
[0.03722318 0.00678923 0.12293861 0.71549457 0.00132461]
[2.74417847e-02 5.35503941e-04 2.04645028e-01 6.98812134e-01
 1.62903360e-01]
[0.04952503 0.01491067 0.00370775 0.72208049 0.00258066]
[0.27294484 0.81764071 0.06360246 0.12499938 0.04942641]
[0.00929615 0.33740096 0.12788126 0.18112568 0.51668179]
[0.24405466 0.08738347 0.03150039 0.78169391 0.00090663]
[0.01726173 0.00297657 0.47839827 0.29585268 0.35667954]
[0.13705576 0.02137518 0.0656532  0.52761387 0.41126377]
[0.01129347 0.1639895  0.06219287 0.67424797 0.17487687]
[0.8474426  0.13665996 0.263867   0.13336311 0.00174182]
[0.05758376 0.35490825 0.19600838 0.1680988  0.54773784]
[-1.56356404e-04 -5.95797809e-04  8.22023851e-01  6.66924302e-01
  4.75017263e-02]
[0.00728499 0.90285135 0.23427474 0.15229638 0.07004041]
[ 1.17328105e-04 -3.94547549e-04  5.83695804e-03  7.39646412e-01
  6.11546381e-03]
[0.45185774 0.44833645 0.52736388 0.01622609 0.0093303 ]
[0.64187322 0.44325749 0.15617365 0.30532726 0.02817575]
[0.48340225 0.04482909 0.50020458 0.10988467 0.00513522]
[0.34976175 0.33981709 0.23123709 0.00113953 0.51527322]
[0.02235149 0.29819569 0.26464959 0.63355987 0.18981147]
[0.43124628 0.03205157 0.0115     0.61982479 0.20239447]
[ 9.17551428e-03 -2.28935289e-04  2.69228082e-01  2.93120992e-01
  4.78157759e-01]
[4.76567161e-04 1.71837601e-03 2.10032421e-03 7.38179771e-01
 1.91095780e-01]
[0.01681956 0.95130706 0.10068342 0.04624284 0.43507691]
[0.19580957 0.14580078 0.57777341 0.10569146 0.30196287]
[0.4687691  0.17246768 0.01152633 0.52348184 0.22465039]
[0.57511165 0.00439752 0.01992962 0.47849742 0.05360865]
[0.05690182 0.24086386 0.1222381  0.37979625 0.48895468]
[0.0136478  0.0071801  0.18841806 0.67619308 0.30943345]
[0.02402484 0.35541103 0.36294341 0.15664007 0.48050856]
[0.67014482 0.41223729 0.13943726 0.04124686 0.0314805 ]
[0.15559019 0.08571232 0.04900249 0.30354164 0.5222682 ]
[0.00948755 0.13805974 0.0652053  0.61496432 0.31491484]
[0.14048862 0.84542155 0.05238656 0.28301733 0.05842918]
[2.82261918e-02 2.67432286e-02 4.19237378e-01 6.88888517e-01
 4.13259294e-04]
[0.16149986 0.05661911 0.70225798 0.00790402 0.20909301]
[0.07659942 0.33183982 0.00382871 0.52660369 0.36422321]
[ 1.95977761e-02  3.15749114e-01  1.37933272e-01  1.01809188e+00
 -2.88176937e-04]
[0.00637654 0.04219825 0.3916195  0.55338756 0.13667331]
[0.18069146 0.04700249 0.58043879 0.38444285 0.15134314]
[0.00388016 0.0032432  0.36579253 0.47531519 0.36893749]
[0.42203208 0.17614829 0.19003605 0.59247406 0.00179609]
[0.0875224  0.28967668 0.54117331 0.35055664 0.05561719]
[0.53739322 0.2491206  0.4972968  0.2825545  0.05322666]
[0.00455063 0.00094771 0.71700643 0.32884926 0.29583542]
[9.81405431e-04 7.01336955e-04 8.16334748e-01 1.18389826e-01
 2.65544634e-01]
[0.05807926 0.07764254 0.65411608 0.01568599 0.36152596]
[0.28923135 0.05986973 0.36166831 0.5095981  0.26843637]
[0.26564362 0.19266064 0.01198934 0.5550264  0.34107606]
[0.2458356  0.25522829 0.03005997 0.2849738  0.45774427]
[0.03969484 0.17479928 0.8448007  0.00499555 0.03727644]
[0.04292004 0.61809156 0.33120877 0.24678801 0.28696814]
[-3.63255773e-05 -1.34066641e-04  7.12506121e-05  5.19107496e-01
  5.51149037e-01]
[0.00850923 0.00748399 0.46282909 0.38920819 0.44915582]
[0.07683839 0.23056924 0.06539305 0.6508194  0.04579022]
[0.2940043  0.13266352 0.01843518 0.64196405 0.28764255]
[0.00131451 0.00106612 0.51016682 0.1089001  0.51120836]
[0.01385921 0.02891839 0.72175023 0.01429405 0.13956134]
[0.08487883 0.28507917 0.78324324 0.02043214 0.01253796]
[0.62511737 0.08756173 0.64853477 0.02306283 0.06023629]
[0.01750994 0.00192036 0.82239383 0.01688785 0.26443759]
[ 5.46754208e-04 -5.31685832e-04  1.10591319e-04  8.31122429e-01
  1.35733343e-01]
[0.37731288 0.01363519 0.22591257 0.59837276 0.03629852]
[ 1.57341390e-04 -4.15479331e-04 -3.94069939e-05  4.84298921e-02
  6.77065176e-01]
[0.47227363 0.02166998 0.33653228 0.51466238 0.12375597]
[0.00147935 0.9184224  0.31684964 0.15529466 0.00180144]
[0.02679875 0.35719934 0.16407556 0.61682876 0.18285742]
[0.12107959 0.08216684 0.16041308 0.20603157 0.52687705]
[ 7.85326261e-01  2.58891593e-01  1.44105117e-01 -7.81656655e-04
  1.43552929e-01]
[0.0406708  0.1210066  0.05218059 0.54501087 0.35732996]
[0.45506031 0.07395203 0.63902077 0.08961799 0.14609719]
[0.64926527 0.64301237 0.04366588 0.04975182 0.00673252]
[ 2.41426698e-01  1.84274058e-01  6.49430387e-01  2.66492374e-01
 -5.83791242e-05]
[0.0107486  0.00683549 0.6193307  0.27269499 0.0306182 ]
[0.20901932 0.14011616 0.29558797 0.13972172 0.54517694]
[0.2592635  0.32111266 0.23604743 0.17458372 0.459874  ]
[0.28257326 0.11228683 0.08047772 0.63242828 0.28401847]
[0.3868522  0.18356227 0.13735325 0.45507345 0.37414598]
[0.36105633 0.14997286 0.16364857 0.5009723  0.28775165]
[0.22428993 1.03379533 0.21816121 0.03186018 0.00241853]
[0.75608677 0.35633625 0.01956827 0.41591695 0.00211537]
[0.05086354 0.15228579 0.01079172 0.68483478 0.02973115]
[0.03582325 0.58896532 0.11997569 0.56276758 0.1152808 ]
[0.13473678 0.57586084 0.14401898 0.41646371 0.03379148]
[0.29751053 0.13839007 0.49159084 0.11350406 0.38929456]
[0.02073847 0.01970255 0.71834131 0.21603793 0.03923921]
[0.00071608 0.03104128 0.29313664 0.17496609 0.49930334]
[0.07961904 0.23843721 0.01728537 0.64249749 0.04520144]
[0.10382282 0.33327289 0.39303706 0.54819143 0.21022432]
[0.01260529 0.30029444 0.16963478 0.49579601 0.39543186]
[0.32134321 0.17757431 0.09535376 0.6188207  0.113119  ]
[0.01988867 0.01280407 0.63778749 0.32742143 0.00968278]
[0.24761894 0.07097278 0.62879268 0.0340624  0.33423212]
[0.11325282 0.38039094 0.84933752 0.01656298 0.01475511]
[0.15320976 0.3920269  0.48255203 0.22579684 0.32204427]
[0.31093288 0.29179401 0.31623597 0.51020445 0.14129991]
[0.22670475 0.21293927 0.66562011 0.00130348 0.22513114]
[0.67451979 0.11862622 0.4030513  0.07591885 0.0724556 ]
[0.02108099 0.01939155 0.06229895 0.69689776 0.21575795]
[0.02589551 0.56321813 0.44116767 0.34325599 0.1187915 ]
[0.0011931  0.00068638 0.00204866 0.62790234 0.34742827]
[0.25177582 0.80829642 0.20442181 0.00865437 0.21114939]
[0.00797582 0.9264017  0.18170732 0.07325696 0.00680911]
[0.11438841 0.10841499 0.34370301 0.48135376 0.37360865]
[4.20566081e-04 1.51668460e-03 1.94680262e-03 6.80229270e-01
 2.76751756e-01]
[0.12527969 0.31617795 0.20366601 0.00754935 0.50886138]
[0.10357126 0.32718358 0.02319731 0.01481703 0.53915817]
[0.46265956 0.04481739 0.55361934 0.01405331 0.22500595]
[0.27590888 0.18768678 0.02440882 0.17672109 0.496904  ]
[0.28649062 0.29851741 0.01105775 0.21382293 0.45600565]
[0.20925376 0.60892851 0.09265906 0.53914364 0.05150868]
[0.00173292 0.02672582 0.45034671 0.56620341 0.16813305]
[0.36124691 0.23399413 0.02294389 0.51680952 0.40556161]
[0.00525765 0.01413303 0.00065668 0.54897641 0.42138088]
[0.0138309  0.25997729 0.4470639  0.46478728 0.25803148]
[0.19063799 0.43171546 0.13024934 0.64997258 0.0304602 ]
[0.19811487 0.7601598  0.02168507 0.02820248 0.14935762]
[0.04593309 0.73943721 0.32901147 0.28881591 0.11885443]
[0.00404847 0.23724987 0.24325021 0.18717769 0.51763103]
[0.024573   0.35466035 0.19325388 0.1414934  0.55065735]
[0.24755879 0.5336605  0.09587492 0.00905505 0.50735883]
[0.65193788 0.4954883  0.01773595 0.04964908 0.09556345]
[0.00344632 0.05427628 0.03966636 0.76158242 0.00404655]
[0.33388841 0.02468043 0.20037352 0.57175804 0.27821775]
[0.25121001 0.24604873 0.13726406 0.52390752 0.28873335]
[0.29854367 0.36321072 0.63656599 0.03161789 0.00736678]
[0.05960339 0.78296142 0.2745461  0.00684561 0.16045349]
[0.18589005 0.1258858  0.01669744 0.31382188 0.52181861]
[0.1617074  0.05669259 0.70675163 0.01113883 0.12344602]
[0.14324406 0.07265144 0.00329084 0.47368148 0.45155545]
[0.20479838 0.24902612 0.43676961 0.56482836 0.00741524]
[0.00608683 0.24066057 0.47272904 0.0409726  0.45135164]
[0.03392234 0.01255335 0.09233919 0.32046008 0.50146217]
[0.06432425 0.38196026 0.1030788  0.13234093 0.52542958]
[ 6.13216624e-03  1.77322285e-02  7.29573679e-01 -5.05508928e-04
  4.09898325e-02]
[0.0048045  0.00987529 0.34684865 0.24876597 0.47393381]
[0.57963249 0.24109073 0.26329588 0.02422351 0.2872398 ]
[0.02886797 0.4818144  0.50329098 0.39620772 0.00116384]
[-1.57194876e-04 -3.90559989e-04  2.00136972e-01  5.17377938e-01
  3.78192610e-01]
[0.33420887 1.01989228 0.02888486 0.17522463 0.08049872]
[0.00338653 0.18228859 0.46884592 0.53516028 0.15317397]
[0.22536968 0.72351586 0.04419035 0.25758623 0.19623082]
[0.012475   0.0011703  0.61741806 0.62625835 0.28053079]
[0.41753102 1.13073203 0.0202081  0.08249478 0.04331901]
[0.25072967 0.10394247 0.11063701 0.58836866 0.2996367 ]
[0.64653375 0.07758573 0.00964219 0.32777691 0.07426174]
[0.00206867 0.00595013 0.6191661  0.61594742 0.04876565]
[0.14857425 0.62873472 0.22472675 0.108477   0.4059559 ]
[0.22775475 0.2820867  0.3130611  0.14935011 0.46579638]
[0.02970071 0.79193993 0.19089685 0.04345783 0.36864424]
[0.0123557  0.00103054 0.573653   0.10770502 0.40312022]
[0.47681826 0.1757789  0.13758723 0.02306772 0.51569174]
[-5.56068301e-05 -5.91230821e-04  3.08924498e-01  1.21283475e-01
  6.16094593e-01]
[2.77298122e-03 3.30272860e-04 5.79744452e-01 2.29475925e-01
 3.86482207e-01]
[0.4514624  0.07604352 0.03909075 0.02626536 0.53329053]
[0.00194036 0.01093435 0.35517367 0.66696683 0.05855579]
[0.2782263  0.25214412 0.5050641  0.36064868 0.18444702]
[0.0904801  0.38592817 0.22231435 0.56534623 0.13666859]
[0.68910206 0.03844715 0.41919899 0.06219685 0.14487849]
[0.14093701 0.38332017 0.38826134 0.04214047 0.43005369]
[0.63551554 0.62938568 0.04274023 0.14165194 0.00668   ]
[0.19059168 0.22165884 0.61943386 0.03568057 0.15819675]
[0.07051745 0.09435236 0.59420494 0.09297743 0.33426821]
[0.53397702 0.3963769  0.01039275 0.10141346 0.49307192]
[0.09881937 0.41821924 0.21205796 0.16309716 0.48845986]
[0.74761519 0.29501026 0.05925982 0.33923016 0.04031797]
[0.01240413 0.00929039 0.63025185 0.70834156 0.00131348]
[0.04623855 0.04472641 0.64296193 0.11038801 0.01059971]
[0.24744886 0.83117204 0.44471701 0.0182402  0.01289581]
[0.40403377 0.15016987 0.03975701 0.0601135  0.48468742]
[0.49232424 0.23262605 0.40779548 0.00165632 0.40837009]
[0.23984126 0.23341875 0.17073063 0.31027918 0.46561287]
[0.00091483 0.01809835 0.5897488  0.00290747 0.37636274]
[0.06913019 0.06606527 0.80424741 0.03517126 0.00564136]
[ 4.43712321e-03  2.91421169e-03  7.03010243e-01  2.66492374e-01
 -5.83791242e-05]
[0.02905052 0.07889396 0.66157449 0.22854833 0.0008927 ]
[0.01015288 0.06689143 0.61754042 0.25556353 0.13615195]
[0.12097452 0.38881172 0.4552503  0.35619768 0.18970934]
[0.45438271 0.19643373 0.01288811 0.54481005 0.0012213 ]
[0.54899808 0.12812519 0.13551342 0.0931662  0.46661748]
[0.03068521 0.19267946 0.38536416 0.18513786 0.45536822]
[ 1.65760716e-04 -1.04035592e-04  3.56829490e-05 -1.73856185e-03
  6.93332917e-01]
[-1.66701217e-04 -6.00645606e-04  2.97635101e-04  1.50311099e-01
  5.95127459e-01]
[0.0698047  0.06778891 0.50267747 0.44797101 0.03100129]
[ 3.15883286e-03 -5.14900947e-04  1.38095020e-04  7.97982319e-01
  5.33332460e-02]
[0.05416863 0.050536   0.01278174 0.68798813 0.21300284]
[0.00158793 0.01085084 0.10482736 0.55058913 0.35237834]
[0.00549872 0.7419956  0.01954305 0.03882853 0.48299577]
[0.76676257 0.4544919  0.04352357 0.10233929 0.04565837]
[0.03032666 0.02873075 0.35389391 0.01481123 0.51784081]
[0.67750463 0.484663   0.05482814 0.29791383 0.00670648]
[0.74960325 0.12219624 0.05593496 0.06650764 0.10405922]
[4.56978230e-04 2.16705704e-03 1.54584581e-01 4.82092817e-01
 4.69170804e-01]
[0.44601561 0.18538984 0.52208535 0.00292523 0.17192277]
[0.16697631 0.53903312 0.23778254 0.0261607  0.40023589]
[0.10951214 0.51542513 0.28338242 0.30131198 0.4123661 ]
[0.00191219 0.00840697 0.28076354 0.52680605 0.36436275]
[0.16321543 1.0133976  0.12772282 0.00923926 0.26946278]
[0.59467468 0.39723036 0.16941731 0.33864029 0.00310394]
[ 8.45554832e-01  2.64517395e-01  1.34842435e-01 -1.96754603e-04
  3.77245339e-01]
[0.16378794 0.58381309 0.5832829  0.03333837 0.00534429]
[0.13422539 0.80244652 0.01175583 0.36518287 0.03251266]
[0.0689626  0.09046297 0.57131565 0.04079147 0.41418564]
[0.52268377 0.06501626 0.32433739 0.52735237 0.00969436]
[0.04837267 0.13803307 0.16969866 0.66988029 0.04693967]
[0.43349678 0.42127809 0.55604681 0.0010506  0.30591013]
[0.09117422 0.59889787 0.38994118 0.05454257 0.17605098]
[0.04913169 0.21028682 0.3843597  0.00951199 0.50545058]
[0.00847125 0.0249577  0.2172232  0.67120401 0.04722388]
[0.00626177 0.28595691 0.72870527 0.06831525 0.0026035 ]
[ 9.28395839e-03 -2.27411424e-04  8.39764464e-01  4.76766535e-02
 -3.72146614e-04]
[0.04123654 0.24427058 0.00581665 0.66757025 0.04668693]
[0.00462428 0.00293177 0.83199283 0.14582322 0.15640748]
[0.19173544 0.14624707 0.51584543 0.21123839 0.29770992]
[0.04976989 0.04807183 0.3966978  0.63356796 0.12443941]
[0.00049444 0.01000157 0.41508066 0.00734222 0.46911495]
[0.13055064 0.01931683 0.01036679 0.26648328 0.54793508]
[0.15624484 0.42090727 0.40576541 0.62422477 0.00107285]
[0.07944814 0.28602767 0.07770514 0.40000752 0.43482335]
[0.58699494 0.02656278 0.23267688 0.3670576  0.40644546]
[0.14758424 0.4014063  0.406554   0.1820332  0.37596576]
[0.03596754 0.23556335 0.5107672  0.40636015 0.33154044]
[0.00971213 0.00898251 0.53582061 0.28310624 0.4514982 ]
[0.01665272 0.28575214 0.20909981 0.56305643 0.30947269]
[ 4.00534980e-01  3.80883943e-01  6.20539757e-01 -2.77817021e-04
  4.42693545e-01]
[0.00826611 0.79328249 0.20752388 0.14544199 0.2014254 ]
[0.00297584 0.00243351 0.00351799 0.32991276 0.53045366]
[0.00088058 0.00057761 0.06347499 0.49520899 0.43314686]
[0.24964398 0.18442335 0.33848071 0.271078   0.39098491]
[0.24807819 0.6262718  0.40308087 0.01165958 0.10057284]
[ 1.22919365e-03 -5.62296361e-05  1.04861111e-03 -2.12119653e-03
  7.27348797e-01]
[0.13398748 0.43012069 0.02577757 0.58158282 0.19786149]
[0.10265933 0.43453296 0.32276769 0.51040925 0.14135655]
[0.32331528 0.01263935 0.01118965 0.26829157 0.48296161]
[0.23464318 0.22795205 0.48494157 0.18985508 0.32535098]
[0.13007562 0.12798861 0.40591003 0.42025876 0.31262379]
[0.34648733 0.00802151 0.39432851 0.31565676 0.45484282]
[0.31382609 0.08464756 0.37139703 0.29424566 0.35121978]
[-1.53209953e-04 -5.92221801e-04  1.00598770e+00  7.79451202e-04
  5.27850320e-02]
[ 1.71250014e-03 -3.58826628e-04  1.36268724e-03  7.40412978e-01
  1.46780868e-01]
[0.02913119 0.06591713 0.04350461 0.69795931 0.20169629]
[0.45966161 0.44651053 0.29400153 0.00317805 0.40035264]
[0.35702429 0.25792399 0.22197755 0.4384805  0.32728823]
[ 1.00645788e-03 -2.35112647e-04  2.31769453e-01  5.62558919e-01
  3.72615138e-01]
[0.03942803 0.82280532 0.05370663 0.10757808 0.46974659]
[0.77588968 0.02100048 0.5349862  0.05718893 0.15614103]
[0.15414937 0.10340827 0.400376   0.17732028 0.46700102]
[ 0.02444309 -0.00049358  0.46916008  0.46133715  0.41389064]
[0.23105498 0.1552469  0.59993159 0.26675995 0.08985997]
[0.00912432 0.00847383 0.00159779 0.5422677  0.52505397]
[0.00117922 0.00512377 0.7664247  0.34618315 0.03654087]
[0.47994253 0.16915919 0.36616683 0.00591524 0.39296632]
[0.21597839 0.99549229 0.24742614 0.05231186 0.00234808]
[0.42358882 0.14584481 0.03793122 0.07430457 0.52492124]
[0.05129618 0.87392673 0.0851227  0.10537227 0.11699135]
[0.69453283 0.51182532 0.04513416 0.13158566 0.0505784 ]
[0.69472492 0.04070686 0.40984889 0.06214094 0.13127821]
[0.0100448  0.18951135 0.35275947 0.36131023 0.43619086]
[0.13177316 0.78779366 0.03998426 0.39254415 0.03217806]
[0.10096918 0.50508223 0.14503356 0.00409387 0.52560838]
[0.64074154 0.44555248 0.15228828 0.30500251 0.02814556]
[1.94256949e-03 6.44950202e-05 5.92723267e-01 2.34659464e-01
 3.95034355e-01]
[ 4.78153023e-02  7.86308163e-01  3.43137989e-01  7.65380117e-01
 -2.87523438e-04]
[0.00991594 0.02779734 0.39918787 0.42558288 0.45378672]
[0.26812605 0.33210311 0.24411294 0.15715845 0.46742061]
[0.09359687 0.46697987 0.13411891 0.10323121 0.5170688 ]
[0.00803346 0.00471358 0.57971006 0.09200785 0.45047581]
[0.38232711 0.01753005 0.25571969 0.16223072 0.51241803]
[ 3.94278612e-04 -2.33954642e-04  3.80966701e-01  3.84536728e-03
  5.47346882e-01]
[-8.77603226e-05  1.03325609e-03  1.43093419e-03  6.91409762e-01
  3.43026778e-01]
[0.00511972 0.00432249 0.28206717 0.67152381 0.33644392]
[0.44074625 0.27095006 0.54518369 0.04109272 0.03405249]
[0.08655704 0.32067392 0.12846249 0.39381858 0.42886595]
[0.05275467 0.25774038 0.68242051 0.03926361 0.20608088]
[-1.51714481e-04 -5.99847876e-04  8.84997631e-01  4.21591484e-01
  1.66033280e-01]
[6.98958402e-01 5.00025778e-01 5.65656247e-02 3.07413234e-01
 6.28066085e-04]
[0.15189975 0.10310695 0.19802988 0.15188483 0.53742212]
[0.24955764 0.0773018  0.63694547 0.02610005 0.32621464]
[0.00525611 0.6569875  0.22285616 0.11385008 0.48388385]
[0.02075706 0.0670113  0.66256498 0.1138219  0.01093558]
[0.01700931 0.01617187 0.262119   0.42915963 0.50786835]
[0.51386143 0.0718295  0.53312785 0.11032271 0.00111337]
[3.20795246e-04 1.75593615e-02 3.14839209e-01 6.87270614e-01
 9.64086588e-02]
[0.4296738  0.01168714 0.38255573 0.47771091 0.32337904]
[0.23769856 0.75192236 0.40610256 0.03319764 0.03352216]
[0.45119044 0.44524915 0.52534407 0.03296991 0.00930021]
[0.28465518 0.69493715 0.16414981 0.00382083 0.37912502]
[0.0140668  0.00134596 0.66181679 0.54756331 0.27447802]
[0.20276961 0.9346207  0.23230266 0.02369583 0.02548666]
[-1.56393229e-04 -5.95839662e-04  8.19870775e-01  6.65816334e-01
  8.06274834e-02]
[0.39184266 0.4725883  0.65042295 0.00910479 0.13179506]
[0.34341475 0.09046864 0.40608642 0.32186068 0.30915032]
[0.29659875 0.36795559 0.13364203 0.15005975 0.45288896]
[0.18193796 0.1387494  0.52516075 0.21299192 0.30476046]
[0.28477785 0.01122777 0.13722843 0.63290562 0.15949745]
[0.14598105 0.41558751 0.20451266 0.48124554 0.38018391]
[0.44059916 0.09150379 0.00530815 0.55523209 0.27269143]
[0.48094135 0.00987395 0.33996354 0.52714135 0.01602082]
[0.94565617 0.70134208 0.01849889 0.04320858 0.25234412]
[0.04849719 0.8081569  0.33228929 0.12291381 0.1202846 ]
[0.13832461 0.82091856 0.31845179 0.02776601 0.09913808]
[0.58842005 0.40312682 0.20686011 0.34289884 0.00314782]
[0.01323653 0.01189329 0.45284125 0.71558415 0.04386737]
[0.59603596 0.87336709 0.00480327 0.06903833 0.19932691]
[0.18944125 0.00099387 0.50086911 0.01237607 0.42799412]
[0.52595961 0.05535865 0.38017962 0.0512     0.19878233]
[0.54472534 0.12712356 0.15389328 0.08924509 0.46698727]
[0.21594635 0.00836783 0.10406658 0.47654858 0.40466076]
[0.28520424 0.29717509 0.03493362 0.2137725  0.45589909]
[0.4378145  0.18560991 0.27608717 0.04111192 0.42697251]
[0.08239197 0.51939928 0.56096511 0.01664113 0.19715856]
[0.69039182 0.32187052 0.10127536 0.29781974 0.0417217 ]
[6.68646436e-01 6.62220103e-01 4.49706425e-02 5.13007419e-02
 6.41831351e-04]
[0.15811086 0.10734321 0.28424957 0.16703379 0.53203996]
[0.47462844 0.1749691  0.14395766 0.02305856 0.51550427]
[0.41895027 0.17410711 0.02980039 0.56676514 0.01752815]
[0.12545537 0.78711047 0.01227724 0.36398353 0.04395567]
[0.01304402 0.01817676 0.15352049 0.77903012 0.0014851 ]
[0.45123437 0.04369595 0.17478109 0.54980151 0.2262871 ]
[0.00636397 0.00410127 0.7236086  0.06253558 0.41946178]
[0.22406847 0.60368325 0.1743311  0.63739632 0.00110398]
[0.67940723 0.0195891  0.45413265 0.28974681 0.11874836]
[ 2.75820363e-04 -1.75580871e-04  5.21569290e-01  9.32047009e-02
  5.20622280e-01]
[0.22269051 0.09040867 0.09803388 0.52113343 0.39034641]
[0.19072803 0.2399753  0.89570619 0.00662385 0.01358402]
[0.55564509 0.01529149 0.4946846  0.01421338 0.31625338]
[ 5.44396747e-05 -5.24946341e-04  3.38638064e-03  5.95065956e-01
  4.09886181e-01]
[0.02331256 0.09931398 0.06094534 0.5681996  0.36039674]
[ 5.92059766e-01  1.85384786e-01  5.02431982e-01 -3.47092392e-04
  4.88610603e-01]
[3.88477393e-04 8.31008018e-03 3.48919037e-01 3.13649979e-01
 5.13996121e-01]
[0.00159706 0.0005796  0.4638385  0.18994957 0.47038399]
[0.07743715 0.23190027 0.01681119 0.65320091 0.04576454]
[0.24400999 0.27806739 0.43213183 0.50239602 0.23570756]
[0.91553346 0.05974993 0.16150847 0.01666007 0.13683867]
[ 6.75967837e-02 -3.79199897e-05  1.78975357e-01  6.95573480e-01
  4.42925982e-02]
[0.01815743 0.03874799 0.50520577 0.52277114 0.13956535]
[0.32319902 0.1385957  0.14307014 0.54440596 0.30005042]
[6.95473948e-01 3.26225948e-01 3.73805172e-01 4.82358685e-04
 4.36803952e-02]
[0.0034134  0.00292675 0.01067467 0.72318408 0.15076842]
[0.41719883 0.47921302 0.15366616 0.50356444 0.03050659]
[0.01682395 0.65631236 0.35968585 0.09934593 0.36968376]
[7.93939562e-04 1.66051537e-04 2.01182505e-02 7.62615591e-01
 2.54044357e-03]
[0.00647619 0.02608311 0.43413412 0.55479923 0.01762663]
[0.07428045 0.05318201 0.04527918 0.46191417 0.46195731]
[0.02235523 0.02280502 0.00212811 0.35391709 0.55646486]
[0.01340711 0.01767887 0.18910032 0.56922728 0.33152672]
[0.02036579 0.2718506  0.24536014 0.5827663  0.27429727]
[0.00122108 0.00350395 0.00613996 0.73200509 0.02748003]
[0.00071459 0.02735024 0.31921054 0.19046232 0.54302389]
[0.17500009 0.11678136 0.52431078 0.50358819 0.00883331]
[0.00485962 0.00417535 0.52011634 0.46352138 0.42977198]
[0.21309539 0.08972352 0.06434339 0.26454674 0.51953357]
[0.45597157 0.1933299  0.28753489 0.17897005 0.37112134]
[0.02892288 0.00511175 0.7147363  0.02183262 0.13745571]
[0.11025845 0.35938161 0.52956052 0.36114226 0.05729864]
[0.01013378 0.28667696 0.22464013 0.17374963 0.53156232]
[0.04652722 0.05708756 0.41624281 0.69546455 0.04208275]
[0.05359642 0.04956857 0.41941702 0.66997106 0.04105362]
[0.6706129  0.49418115 0.04357822 0.12698087 0.05120114]
[-1.58054433e-04 -6.10319095e-04  2.68241980e-04  7.25376317e-01
  1.92818328e-01]
[0.05833813 0.01513891 0.00912182 0.59555892 0.31867694]
[0.40583892 0.01589353 0.5156387  0.00993606 0.32226661]
[0.09255423 0.60795504 0.39583309 0.04638133 0.17851769]
[0.0094847  0.4677897  0.52689081 0.00985018 0.32930398]
[0.23301003 0.22632352 0.48153322 0.22847957 0.33052369]
[0.01036351 0.00969127 0.55175473 0.46959026 0.41979236]
[0.42951869 0.03192077 0.03795829 0.61990301 0.20241998]
[0.05411454 0.33355266 0.18423114 0.15806753 0.56019353]
[0.03208721 0.02318256 0.43887012 0.55703164 0.01051962]
[-1.63521402e-04 -5.88735225e-04  8.87753060e-01  3.81600295e-01
  5.05222179e-02]
[0.01968368 0.04844919 0.58902555 0.20811263 0.36720532]
[0.00146773 0.00049242 0.45331814 0.18559289 0.48405648]
[0.0336835  0.22063629 0.47618995 0.43669009 0.32642524]
[0.00143876 0.67459637 0.32324295 0.34706113 0.38595566]
[0.68445933 0.05658581 0.34638965 0.02660746 0.33994311]
[0.05228218 0.15653605 0.0113444  0.67409476 0.04597943]
[0.00532551 0.0834017  0.37927891 0.36370991 0.44631246]
[0.65855223 0.09480195 0.39115588 0.05920903 0.12527288]
[ 6.81308269e-04 -5.89560003e-04  8.13545868e-01  4.61184995e-02
  4.84153402e-01]
[0.04773785 0.76711713 0.18682587 0.03202043 0.41725676]
[2.78026041e-04 7.11959649e-03 2.82152576e-01 5.24192054e-01
 3.63370460e-01]
[0.2944372  0.0114564  0.02729924 0.29737196 0.48504757]
[0.16154962 0.10968859 0.2423384  0.17672154 0.49690523]
[-1.69016258e-04 -6.06787859e-04  3.06792756e-04  1.02598615e+00
  1.86730819e-01]
[0.6414439  0.93993058 0.00393319 0.07981112 0.21618134]
[0.16704579 0.11343723 0.21775892 0.1672266  0.52470567]
[0.35918881 0.1494029  0.15849551 0.49962009 0.29354083]
[0.75451797 0.13276429 0.44502188 0.03615767 0.03673825]
[0.11500575 0.72158728 0.00963889 0.32766463 0.07327564]
[0.01447997 0.00618354 0.00379958 0.51048843 0.46475854]
[ 1.94140864e-04 -3.42589161e-04  7.35690181e-03  8.99731121e-01
  6.11385847e-03]
[0.00108504 0.04421558 0.30655988 0.17269611 0.51603389]
[0.09471308 0.40084528 0.22084607 0.15997026 0.47920927]
[-1.52421163e-04 -5.91325325e-04  1.05210595e+00  9.13764511e-04
  4.75017263e-02]
[0.05108091 0.0494864  0.36815749 0.29153798 0.47117548]
[0.0142458  0.06074676 0.54258786 0.48949525 0.12950381]
[0.00168328 0.00606407 0.00560432 0.50514337 0.42785572]
[0.27430925 0.77971426 0.21024939 0.0502342  0.00789548]
[0.30056589 0.34261372 0.53223283 0.02820223 0.21376211]
[ 4.21185585e-02 -2.53671578e-04  5.13198151e-01  8.76176439e-02
  4.24057824e-01]
[0.43114338 0.09016682 0.41655256 0.04570209 0.36680299]
[0.21638435 0.03408554 0.10363812 0.48914481 0.40625136]
[ 7.02912625e-01  3.05086013e-01  3.45108514e-01 -8.18841845e-06
  1.24523964e-01]
[0.29661176 0.36796232 0.13364602 0.14986165 0.4528371 ]
[0.05100075 0.15074713 0.15918971 0.63628253 0.04475361]
[ 4.49436600e-03 -3.45086690e-04  3.33110239e-03  3.45577503e-01
  5.55496492e-01]
[0.08996489 0.29776202 0.55624803 0.3642505  0.05280562]
[-1.70332993e-04 -6.11685760e-04 -5.15236954e-05  5.02409079e-03
  6.89476193e-01]
[0.44836058 0.05362323 0.00667068 0.22667541 0.45135815]
[0.00658531 0.00581772 0.36321978 0.47203453 0.36639972]
[0.28610475 0.12192801 0.12550373 0.40162245 0.43319775]
[0.10164635 0.34140335 0.93767101 0.00600007 0.01595603]
[0.26363797 0.34694697 0.43682888 0.04131156 0.40618184]
[0.02237813 0.27092462 0.27826793 0.33686165 0.41238613]
[0.26841967 0.11322564 0.0810552  0.21994027 0.51465659]
[9.40171046e-01 4.50959447e-01 4.19230514e-02 5.69065354e-02
 2.16003409e-04]
[0.21716154 0.08367871 0.28722315 0.13426352 0.54818383]
[0.27845109 0.13133904 0.67223062 0.00624429 0.30919958]
[0.01351378 0.00959647 0.00089542 0.71313799 0.0476455 ]
[0.01736363 0.01651801 0.26259237 0.42772669 0.50692407]
[0.14953332 0.53597355 0.19368066 0.52113225 0.00240035]
[0.22729203 0.28146479 0.31239635 0.18061567 0.47558345]
[0.48876083 0.01684198 0.3455982  0.53591258 0.01405749]
[0.18247373 0.86502134 0.01019515 0.39778302 0.04960407]
[0.17058919 0.12318961 0.43910484 0.23400079 0.43877359]
[0.17388596 0.43172056 0.54274167 0.02196742 0.17220962]
[0.00948077 0.34399288 0.13037627 0.17366398 0.51889267]
[0.01108112 0.00461938 0.00289086 0.4025479  0.5720053 ]
[0.15173098 0.0467805  0.38640637 0.5291599  0.31851717]
[0.05359955 0.01386326 0.00179611 0.54014506 0.42187599]
[-1.69729302e-04 -5.99806234e-04  1.67113451e-03  7.48574384e-01
  4.30162486e-01]
[ 2.74775649e-03 -2.19750181e-04 -4.32790903e-05  8.91939091e-01
  1.48840749e-01]
[0.32085753 0.33437909 0.0393049  0.22224173 0.42301727]
[0.20937425 0.93151868 0.02924278 0.10739606 0.1274209 ]
[0.74227044 0.13059979 0.4417881  0.03563421 0.07993821]
[ 1.46658787e-04 -1.32885986e-04  3.05396992e-05 -1.65253057e-03
  7.27848825e-01]
[0.15587648 0.09939525 0.20000163 0.15341811 0.53629656]
[0.49762063 0.06187036 0.25407365 0.41794725 0.31343033]
[0.54818293 0.01896322 0.39204513 0.56977606 0.01059789]
[0.00530847 0.00186068 0.01304749 0.83143176 0.00562067]
[0.3363007  0.24783781 0.51182427 0.05619623 0.32191451]
[0.23482727 0.07433553 0.12526725 0.42206542 0.48658615]
[0.01332348 0.00076535 0.00324222 0.54561637 0.49566789]
[-1.64930491e-04 -5.88205926e-04  8.89589218e-01  4.02148305e-01
  5.10360763e-02]
[0.32398045 0.26054465 0.44640299 0.04074706 0.44244767]
[0.32094836 0.06548942 0.37537674 0.29742123 0.35498709]
[0.24225049 0.23581488 0.35712833 0.10706153 0.46081967]
[0.00316692 0.00318377 0.01062105 0.71955942 0.16723373]
[0.03603997 0.59251521 0.14322625 0.57287175 0.03785704]
