[0.44115798 0.18336484 0.19465858 0.6170017  0.03373598]
[0.01589933 0.24433791 0.24747753 0.18963074 0.54067769]
[0.024573   0.35466035 0.19325388 0.1414934  0.55065735]
[0.34803473 0.06092651 0.2052988  0.74337575 0.02667967]
[0.04395763 0.66270628 0.22902413 0.66748197 0.00305232]
[ 1.10490134e-03 -2.03605277e-04  2.51161137e-01  6.09795846e-01
  4.04035736e-01]
[0.68593042 0.03045662 0.26704325 0.01285591 0.54205511]
[ 5.69941165e-04 -5.85348764e-04  4.82124584e-04 -1.37417115e-03
  6.99907530e-01]
[-1.49312509e-04 -5.46227490e-04 -8.93240757e-06  2.19880475e-02
  6.94898273e-01]
[0.12547937 0.09057128 0.33017344 0.35777167 0.41630817]
[0.34648733 0.00802151 0.39432851 0.31565676 0.45484282]
[0.01750994 0.00192036 0.82239383 0.01688785 0.26443759]
[0.89404599 0.34990036 0.41498435 0.00432547 0.18925388]
[0.07961904 0.23843721 0.01728537 0.64249749 0.04520144]
[0.67940723 0.0195891  0.45413265 0.28974681 0.11874836]
[0.26447555 0.32757613 0.24079074 0.17813433 0.4691211 ]
[-1.70039960e-04 -6.11364119e-04 -3.99690478e-05  3.00681811e-02
  7.29335979e-01]
[0.04123654 0.24427058 0.00581665 0.66757025 0.04668693]
[0.01244209 0.01172429 0.74569156 0.01754404 0.43479096]
[-1.53643544e-04 -5.59679695e-04  1.76808812e-06  2.17618796e-02
  6.88383557e-01]
[0.02053064 0.00235298 0.96290949 0.02066611 0.18973454]
[0.08095525 0.01028783 0.68513862 0.03277344 0.38239244]
[0.13570946 0.83797267 0.30444609 0.05508297 0.24817377]
[0.21863093 0.24882885 0.79828316 0.01832301 0.2731642 ]
[0.00511972 0.00432249 0.28206717 0.67152381 0.33644392]
[0.77588968 0.02100048 0.5349862  0.05718893 0.15614103]
[0.05311649 0.07097541 0.59805651 0.0434159  0.42634808]
[0.00851348 0.02622677 0.7155665  0.68671518 0.17403883]
[0.11389835 0.25156657 0.07633185 0.52798783 0.40117186]
[0.4566777  0.19101277 0.13215912 0.60782906 0.03323014]
[0.25708273 0.77945609 0.04430887 0.14553574 0.2015536 ]
[ 4.00534980e-01  3.80883943e-01  6.20539757e-01 -2.77817021e-04
  4.42693545e-01]
[0.10836454 0.70870498 0.17448043 0.50590852 0.16756461]
[0.06163049 0.02515117 0.47597439 0.57639948 0.00180302]
[0.05108091 0.0494864  0.36815749 0.29153798 0.47117548]
[ 1.05784246e-04 -2.11906108e-04  1.18912166e-03  3.68287987e-03
  7.49061806e-01]
[ 3.90481968e-05 -4.55040766e-04 -4.03236661e-05  9.03415008e-03
  7.31950167e-01]
[0.40251637 0.59982604 0.11526876 0.04068353 0.47957108]
[0.21952674 0.58615182 0.18858339 0.02181682 0.5306969 ]
[0.87899773 0.43540164 0.03939184 0.03621206 0.33885997]
[0.36553028 0.01436862 0.02097634 0.30396022 0.54671328]
[ 0.24690026  0.11475765  0.1977531  -0.00064858  0.58162782]
[0.05807926 0.07764254 0.65411608 0.01568599 0.36152596]
[0.24919246 0.07919818 0.07403737 0.60756196 0.40255933]
[0.48710703 0.21928161 0.21540908 0.70914015 0.00604909]
[0.70108183 0.03114271 0.16874247 0.01245458 0.54392313]
[0.00113989 0.72932215 0.25164345 0.12289878 0.45619395]
[0.00525611 0.6569875  0.22285616 0.11385008 0.48388385]
[0.00137841 0.00791603 0.31701691 0.76097467 0.06061308]
[0.22083213 0.00857084 0.10642046 0.49622009 0.41210778]
[0.43553281 0.31508681 0.16264093 0.68994552 0.00188054]
[0.15189975 0.10310695 0.19802988 0.15188483 0.53742212]
[0.00143424 0.02565963 0.17137324 0.99770959 0.01655326]
[0.00658531 0.00581772 0.36321978 0.47203453 0.36639972]
[ 2.40126870e-04 -1.59472568e-04  1.70403288e-04  2.75449711e-02
  6.72316903e-01]
[0.00071459 0.02735024 0.31921054 0.19046232 0.54302389]
[2.77298122e-03 3.30272860e-04 5.79744452e-01 2.29475925e-01
 3.86482207e-01]
[0.02395749 0.02295986 0.36815273 0.33851037 0.50772256]
[ 3.38306879e-04 -3.07096832e-04 -2.69297640e-05  1.36188979e-02
  6.82404124e-01]
[ 4.78153023e-02  7.86308163e-01  3.43137989e-01  7.65380117e-01
 -2.87523438e-04]
[0.2028178  0.14118845 0.12236888 0.42737319 0.48800336]
[0.36424647 0.15130273 0.16072535 0.50661038 0.2976359 ]
[0.33636514 0.09037748 0.51934992 0.50284002 0.13979925]
[0.01860395 0.019903   0.73862873 0.68053704 0.17630966]
[0.41589938 0.30222999 0.29205123 0.04361296 0.45167981]
[0.11393556 0.01463661 0.90914711 0.04891603 0.15565871]
[-4.66418434e-05 -1.70819169e-04  3.03141582e-04  6.31157289e-01
  6.69711868e-01]
[0.27040972 0.08380751 0.69013443 0.02845895 0.35585827]
[0.01015446 0.1915523  0.3551112  0.36224691 0.43843542]
[0.05086443 0.86659022 0.35626544 0.11963738 0.12868901]
[0.20320822 0.5785548  0.16577174 0.60600552 0.00339841]
[ 1.85132246e-04  4.53446385e-04 -1.22810013e-05  1.62140751e-01
  6.59661770e-01]
[-1.67108837e-04 -6.11689919e-04  3.10522706e-03  1.35183673e-02
  7.55174477e-01]
[0.02344442 0.37845128 0.17297257 0.14393738 0.56003325]
[0.42358882 0.14584481 0.03793122 0.07430457 0.52492124]
[1.29509480e-04 7.20044638e-01 4.17539793e-01 4.79196255e-02
 3.88182721e-01]
[ 2.98911478e-04 -2.60592050e-04 -2.23222629e-05  8.94349193e-03
  7.26680518e-01]
[0.05228218 0.15653605 0.0113444  0.67409476 0.04597943]
[0.03603997 0.59251521 0.14322625 0.57287175 0.03785704]
[ 2.63792559e-04 -5.63286357e-04  3.04066730e-04  6.53801105e-01
  6.67925935e-01]
[0.28610475 0.12192801 0.12550373 0.40162245 0.43319775]
[0.14857425 0.62873472 0.22472675 0.108477   0.4059559 ]
[0.00462428 0.00293177 0.83199283 0.14582322 0.15640748]
[-1.52762488e-04 -5.91789907e-04  1.03016596e+00  1.16747279e-02
  1.73548653e-01]
[0.11658839 0.3176589  0.12511182 0.40036216 0.44090032]
[ 0.31471961  0.14792695  0.15671012 -0.0009565   0.63855594]
[0.01149912 0.00475673 0.23725805 0.57349085 0.38085736]
[0.0034134  0.00292675 0.01067467 0.72318408 0.15076842]
[0.29661176 0.36796232 0.13364602 0.14986165 0.4528371 ]
[0.01684325 0.04183427 0.37529548 0.29008537 0.53009064]
[0.58495026 0.08184787 0.60686517 0.12570009 0.00132369]
[0.02406587 0.06027617 0.57054794 0.51544471 0.13626926]
[0.03017074 0.42574741 0.43478052 0.18806462 0.38829076]
[0.10671429 0.12602043 0.41581918 0.15746716 0.55480625]
[ 9.48189023e-06 -4.35926769e-04  2.10235900e-01  4.91861993e-01
  5.20318287e-01]
[ 1.06776528e-03 -4.44781195e-04  7.96719431e-03  3.65871127e-02
  6.28654452e-01]
[0.00898306 0.05920965 0.47911191 0.39668897 0.47854087]
[-1.41890653e-04  4.90917072e-04  5.49017062e-04 -1.98014547e-03
  6.64885941e-01]
[0.21638435 0.03408554 0.10363812 0.48914481 0.40625136]
[0.14658227 0.44770904 0.57949336 0.12360879 0.1338771 ]
[0.34968734 0.16507543 0.85454692 0.00331755 0.39244226]
[0.15414937 0.10340827 0.400376   0.17732028 0.46700102]
[0.94565617 0.70134208 0.01849889 0.04320858 0.25234412]
[2.78026041e-04 7.11959649e-03 2.82152576e-01 5.24192054e-01
 3.63370460e-01]
[0.04288458 0.00668115 0.61640542 0.09373001 0.39549752]
[0.36105633 0.14997286 0.16364857 0.5009723  0.28775165]
[0.24725002 0.96994847 0.15755972 0.01440428 0.15701812]
[3.88477393e-04 8.31008018e-03 3.48919037e-01 3.13649979e-01
 5.13996121e-01]
[0.43124628 0.03205157 0.0115     0.61982479 0.20239447]
[0.3446947  0.01351513 0.03196561 0.28741509 0.51714167]
[0.17591224 0.76874928 0.44728951 0.04386845 0.1408838 ]
[-1.51714481e-04 -5.99847876e-04  8.84997631e-01  4.21591484e-01
  1.66033280e-01]
[0.0136478  0.0071801  0.18841806 0.67619308 0.30943345]
[0.01351378 0.00959647 0.00089542 0.71313799 0.0476455 ]
[0.0028661  0.00159265 0.00278033 0.14908907 0.64168481]
[0.19580957 0.14580078 0.57777341 0.10569146 0.30196287]
[0.01948723 0.01116143 0.0010644  0.60726184 0.44512607]
[0.01113653 0.01323627 0.78221829 0.00992786 0.54506968]
[0.01700931 0.01617187 0.262119   0.42915963 0.50786835]
[0.56776145 0.55189646 0.37532665 0.00131153 0.35016425]
[0.15320976 0.3920269  0.48255203 0.22579684 0.32204427]
[0.25072967 0.10394247 0.11063701 0.58836866 0.2996367 ]
[0.00143876 0.67459637 0.32324295 0.34706113 0.38595566]
[0.45926505 0.01253382 0.40889533 0.4860138  0.33691738]
[0.20389229 0.50848816 0.32485221 0.43198238 0.10246214]
[0.70111482 0.6755991  0.05700227 0.03302119 0.33257788]
[0.19663179 0.55982693 0.27540826 0.64877289 0.00363871]
[0.04863441 0.0321854  0.00168655 0.58592328 0.45730996]
[0.09117422 0.59889787 0.38994118 0.05454257 0.17605098]
[6.50505376e-04 1.90203469e-04 1.24529022e-02 3.77533085e-05
 5.60875866e-01]
[0.13424816 0.80258263 0.01074316 0.36523568 0.05638578]
[0.09009396 0.06510779 0.57102485 0.04839572 0.48306731]
[0.32901566 0.47248368 0.15068716 0.45593123 0.31454391]
[0.46477045 0.19320817 0.0330643  0.5945291  0.01879458]
[0.498178   0.34630834 0.11840129 0.23502411 0.45282236]
[0.70987492 0.52314218 0.06000726 0.13470305 0.05176689]
[ 1.17137970e-03 -6.93882538e-05  2.18389482e-02  8.08085582e-01
  1.38868639e-01]
[0.21597839 0.99549229 0.24742614 0.05231186 0.00234808]
[0.01032274 0.58127537 0.037889   0.4751002  0.45878437]
[0.04913169 0.21028682 0.3843597  0.00951199 0.50545058]
[ 1.51811170e-03 -7.13550277e-05  3.32556538e-01  7.82547196e-01
  5.05644542e-02]
[0.00186839 0.00812672 0.03913735 0.83116728 0.04412223]
[0.53869135 0.35105186 0.07272347 0.09844602 0.48350928]
[0.18204416 1.12392785 0.14167657 0.01048306 0.29696094]
[0.01706146 0.01889779 1.04345368 0.0118563  0.08657114]
[0.04953203 0.06488392 0.59956673 0.04347458 0.42641701]
[0.01297031 0.3362886  0.11440127 0.4948164  0.39465313]
[8.33306052e-04 5.20238218e-04 3.13210610e-03 5.94556893e-01
 4.09536449e-01]
[-1.60700985e-04 -5.82668930e-04  8.66809649e-04  1.60499087e-01
  6.34932776e-01]
[ 6.81308269e-04 -5.89560003e-04  8.13545868e-01  4.61184995e-02
  4.84153402e-01]
[0.58842005 0.40312682 0.20686011 0.34289884 0.00314782]
[0.03346889 0.00242399 0.77137152 0.03049589 0.27171258]
[0.20545409 0.24983113 0.43817306 0.5671223  0.00744387]
[0.22621248 0.07961606 1.01846601 0.01627216 0.2925718 ]
[0.00148603 0.0053537  0.0047199  0.44162007 0.46428246]
[0.11025845 0.35938161 0.52956052 0.36114226 0.05729864]
[-8.89458022e-06  2.13070980e-03  6.11692355e-03  4.72345411e-01
  5.54293172e-01]
[0.01882871 0.28981817 0.29714155 0.35502273 0.43843015]
[0.10534185 0.35707974 0.27018056 0.64201461 0.03922522]
[0.21816475 0.83438109 0.02322785 0.04510946 0.168509  ]
[0.60764247 0.10680699 0.3104165  0.03309406 0.44788892]
[0.66006575 0.09440807 0.69705904 0.01402364 0.18284186]
[0.00243619 0.00748435 0.005613   0.01811251 0.64070781]
[ 1.46658787e-04 -1.32885986e-04  3.05396992e-05 -1.65253057e-03
  7.27848825e-01]
[0.16154962 0.10968859 0.2423384  0.17672154 0.49690523]
[0.23514347 0.51976382 0.15756115 0.52334603 0.13586884]
[0.49232424 0.23262605 0.40779548 0.00165632 0.40837009]
[0.05100075 0.15074713 0.15918971 0.63628253 0.04475361]
[0.06432425 0.38196026 0.1030788  0.13234093 0.52542958]
[0.50803445 0.21124364 0.22209484 0.70972606 0.00223065]
[0.2940043  0.13266352 0.01843518 0.64196405 0.28764255]
[ 1.34886560e-03 -1.49234394e-04  1.26988810e-03  8.27307175e-01
  1.48940218e-01]
[0.00929615 0.33740096 0.12788126 0.18112568 0.51668179]
[0.08222524 0.01039905 0.65647773 0.04135122 0.49969131]
[0.57278281 0.58276565 0.29566282 0.16013229 0.00597396]
[0.75451797 0.13276429 0.44502188 0.03615767 0.03673825]
[-1.27476430e-04 -6.05634070e-04  1.83880555e-03  8.56505077e-01
  3.42069342e-01]
[0.62511737 0.08756173 0.64853477 0.02306283 0.06023629]
[0.03687407 0.60817727 0.14700744 0.56802771 0.03813479]
[0.24265713 0.07710651 0.07494115 0.59367118 0.40035957]
[0.00344632 0.05427628 0.03966636 0.76158242 0.00404655]
[0.22269051 0.09040867 0.09803388 0.52113343 0.39034641]
[0.15587648 0.09939525 0.20000163 0.15341811 0.53629656]
[0.19815935 0.86595399 0.3034934  0.08621393 0.14210303]
[0.0143976  0.01901318 0.20289922 0.61090937 0.35574139]
[0.45119044 0.44524915 0.52534407 0.03296991 0.00930021]
[0.09471308 0.40084528 0.22084607 0.15997026 0.47920927]
[0.02925899 0.06620732 0.04546245 0.71079421 0.2053159 ]
[0.13705576 0.02137518 0.0656532  0.52761387 0.41126377]
[0.13476855 0.43262842 0.02592796 0.59290237 0.20090597]
[ 1.60645231e-04  9.90228652e-04  6.72073925e-02 -6.92410868e-04
  6.23010166e-01]
[0.34126723 0.16097239 0.83684161 0.00391612 0.38411062]
[-5.03340025e-05 -2.48102607e-04  2.00596843e-04  8.60811725e-01
  1.68094810e-02]
[0.00906745 0.00630067 0.00089607 0.4922789  0.6057031 ]
[4.31900532e-04 1.55750634e-03 1.98519196e-03 6.93316618e-01
 2.82067392e-01]
[0.11126973 0.52369429 0.29160699 0.30735998 0.42059268]
[0.01323653 0.01189329 0.45284125 0.71558415 0.04386737]
[0.21668387 0.54548224 0.6405245  0.03273308 0.03617489]
[0.27294484 0.81764071 0.06360246 0.12499938 0.04942641]
[0.08992301 0.43854496 0.45820544 0.03166139 0.38867753]
[0.0171397  0.2940415  0.2151503  0.57941279 0.32921441]
[0.00099119 0.00070279 0.0701614  0.54755526 0.45388715]
[0.00694648 0.02356821 0.9377535  0.17706095 0.0210973 ]
[0.27525263 0.85546049 0.06035587 0.32448095 0.06210361]
[0.02886797 0.4818144  0.50329098 0.39620772 0.00116384]
[0.22729203 0.28146479 0.31239635 0.18061567 0.47558345]
[0.01129347 0.1639895  0.06219287 0.67424797 0.17487687]
[0.29952093 0.58794618 0.52825827 0.29608036 0.00211006]
[0.59208522 0.42852038 0.14434909 0.75274527 0.00431794]
[0.04846814 0.33146377 0.86948103 0.02293202 0.01397104]
[0.00191219 0.00840697 0.28076354 0.52680605 0.36436275]
[0.74198028 0.5468242  0.06272303 0.05567461 0.11441911]
[0.00846104 0.08453506 0.95338098 0.04696701 0.14941446]
[ 1.29181943e-04 -3.91963432e-04 -5.33023092e-05  6.06847244e-03
  8.73023576e-01]
[0.21716154 0.08367871 0.28722315 0.13426352 0.54818383]
[0.40583892 0.01589353 0.5156387  0.00993606 0.32226661]
[0.22406847 0.60368325 0.1743311  0.63739632 0.00110398]
[0.28923135 0.05986973 0.36166831 0.5095981  0.26843637]
[0.00146773 0.00049242 0.45331814 0.18559289 0.48405648]
[0.02276994 0.01652648 0.46815931 0.62354721 0.00699498]
[0.47681826 0.1757789  0.13758723 0.02306772 0.51569174]
[0.21309539 0.08972352 0.06434339 0.26454674 0.51953357]
[0.11083243 0.02929523 0.90159077 0.04842407 0.17069932]
[0.01081377 0.0096335  0.5857294  0.14029683 0.44974591]
[0.72400408 0.21589016 0.31395108 0.27351232 0.05381848]
[-1.64930491e-04 -5.88205926e-04  8.89589218e-01  4.02148305e-01
  5.10360763e-02]
[0.54818293 0.01896322 0.39204513 0.56977606 0.01059789]
[0.00752493 0.04968024 0.46008031 0.65049013 0.16119734]
[0.2518081  0.84084219 0.30153968 0.15762039 0.00617352]
[0.02108099 0.01939155 0.06229895 0.69689776 0.21575795]
[ 5.92059766e-01  1.85384786e-01  5.02431982e-01 -3.47092392e-04
  4.88610603e-01]
[0.16319887 0.11055378 0.24465785 0.18982482 0.49624704]
[0.07633858 0.02231919 0.62517953 0.48970064 0.1411507 ]
[0.0336835  0.22063629 0.47618995 0.43669009 0.32642524]
[-1.40528824e-04 -9.45426242e-05 -2.96508265e-05  1.82845870e-02
  6.91572742e-01]
[ 3.75854272e-02  6.18547987e-01  3.93649762e-01  6.72656073e-01
 -3.02048757e-04]
[0.43100877 0.38634477 0.03020822 0.57735002 0.05845457]
[0.19643321 0.74502096 0.32003202 0.02237639 0.16523761]
[0.01906117 0.02270963 0.00767221 0.27935902 0.58114429]
[0.15965334 0.02074604 0.75996515 0.04105118 0.13162264]
[0.12975407 0.44081271 0.24651897 0.65313564 0.03964584]
[0.16378794 0.58381309 0.5832829  0.03333837 0.00534429]
[0.0606884  0.04363844 0.69847702 0.02222056 0.38637313]
[0.02362019 0.0214693  0.80200652 0.22044877 0.04355789]
[0.55564509 0.01529149 0.4946846  0.01421338 0.31625338]
[0.32599912 0.29551698 0.47606718 0.36673569 0.18749554]
[0.31603458 0.47087487 0.09470108 0.07027852 0.50269067]
[0.14758424 0.4014063  0.406554   0.1820332  0.37596576]
[0.31528325 0.30644582 0.65149983 0.28609689 0.00136046]
[0.64074154 0.44555248 0.15228828 0.30500251 0.02814556]
[0.00597691 0.00512202 0.32778078 0.78585251 0.03639108]
[0.31382609 0.08464756 0.37139703 0.29424566 0.35121978]
[0.49887192 0.49234963 0.20409345 0.60398564 0.01054136]
[0.83000892 0.36749123 0.34913871 0.00088402 0.1892887 ]
[0.11500575 0.72158728 0.00963889 0.32766463 0.07327564]
[0.27845109 0.13133904 0.67223062 0.00624429 0.30919958]
[0.03208721 0.02318256 0.43887012 0.55703164 0.01051962]
[0.03053233 0.03447308 0.36256194 0.32271052 0.50486248]
[0.0621305  0.81608923 0.26638352 0.15490948 0.33484578]
[0.01815743 0.03874799 0.50520577 0.52277114 0.13956535]
[9.40171046e-01 4.50959447e-01 4.19230514e-02 5.69065354e-02
 2.16003409e-04]
[0.15172978 0.48708479 0.03172242 0.5669362  0.20274417]
[0.00210841 0.00509002 0.00103813 0.50705453 0.55231524]
[0.01240413 0.00929039 0.63025185 0.70834156 0.00131348]
[0.59467468 0.39723036 0.16941731 0.33864029 0.00310394]
[0.28279835 0.94991535 0.50821149 0.02115113 0.01479499]
[0.00096993 0.04157259 0.7309729  0.25392905 0.0606285 ]
[0.0356286  0.58577699 0.42638795 0.72547814 0.00528189]
[0.01689278 0.04155267 0.44506001 0.11140988 0.5104823 ]
[ 1.80243081e-02 -8.23344310e-05  9.99544188e-04  7.91518371e-01
  5.29111125e-02]
[0.04623855 0.04472641 0.64296193 0.11038801 0.01059971]
[-1.52421163e-04 -5.91325325e-04  1.05210595e+00  9.13764511e-04
  4.75017263e-02]
[0.00608683 0.24066057 0.47272904 0.0409726  0.45135164]
[0.00884302 0.02562233 0.80889752 0.07080462 0.04567712]
[0.50093978 0.1343535  0.76562331 0.00921912 0.08308741]
[-2.75490253e-05 -5.02956547e-04  4.44526541e-04  1.01700143e-02
  8.06901675e-01]
[-1.63521402e-04 -5.88735225e-04  8.87753060e-01  3.81600295e-01
  5.05222179e-02]
[0.12436544 0.01461287 0.32236135 0.30784578 0.49816076]
[0.13422539 0.80244652 0.01175583 0.36518287 0.03251266]
[0.4872996  0.05395995 0.52603886 0.12660678 0.31514324]
[5.14864929e-02 3.41020163e-02 1.79409709e-04 6.19951441e-01
 4.83795230e-01]
[0.68445933 0.05658581 0.34638965 0.02660746 0.33994311]
[0.00378629 0.01047823 0.15590272 0.55866553 0.44775642]
[0.01260529 0.30029444 0.16963478 0.49579601 0.39543186]
[0.83755048 0.33266531 0.02750733 0.32131799 0.14922001]
[0.03087745 0.0046473  0.63993498 0.09728076 0.41015907]
[0.10357126 0.32718358 0.02319731 0.01481703 0.53915817]
[0.09359687 0.46697987 0.13411891 0.10323121 0.5170688 ]
[0.3732348  0.17622714 0.55030072 0.00180852 0.42117187]
[0.36418415 0.26310626 0.22508804 0.44666684 0.33337639]
[0.03261973 0.03142239 0.50738504 0.11701035 0.50790312]
[-8.77603226e-05  1.03325609e-03  1.43093419e-03  6.91409762e-01
  3.43026778e-01]
[ 1.71250014e-03 -3.58826628e-04  1.36268724e-03  7.40412978e-01
  1.46780868e-01]
[0.02051133 0.33136964 0.22715527 0.1434822  0.55828686]
[0.56805046 0.36823599 0.08851577 0.09480912 0.38379667]
[0.01526823 0.00591816 0.00441956 0.5439866  0.49590336]
[0.58699494 0.02656278 0.23267688 0.3670576  0.40644546]
[0.04847744 0.04896915 0.00461739 0.75995319 0.00274017]
[0.60646531 0.29926779 0.69356313 0.01394284 0.18192643]
[0.0306216  0.01999037 0.29406232 0.24241347 0.54734688]
[ 8.43413691e-03  2.36206546e-03  4.64004424e-04 -6.01714460e-04
  6.39671320e-01]
[0.21680276 0.99929131 0.24837001 0.05160709 0.02731402]
[0.74014288 0.0550128  0.12651323 0.01304362 0.54884068]
[ 2.75820363e-04 -1.75580871e-04  5.21569290e-01  9.32047009e-02
  5.20622280e-01]
[ 3.42587282e-04 -4.08150831e-04  3.48996473e-04 -7.06785361e-04
  6.43843405e-01]
[0.50042717 0.57232295 0.43685645 0.01690453 0.25421014]
[0.32398045 0.26054465 0.44640299 0.04074706 0.44244767]
[-1.48074032e-04 -6.10318299e-04  3.00723447e-03  1.30328177e-02
  7.31760384e-01]
[0.00618224 0.00645842 0.8057216  0.35078489 0.14888007]
[0.38232711 0.01753005 0.25571969 0.16223072 0.51241803]
[0.28520424 0.29717509 0.03493362 0.2137725  0.45589909]
[0.50095672 0.2072895  0.57341805 0.02833699 0.19517078]
[0.01036351 0.00969127 0.55175473 0.46959026 0.41979236]
[0.23464318 0.22795205 0.48494157 0.18985508 0.32535098]
[0.01304402 0.01817676 0.15352049 0.77903012 0.0014851 ]
[0.05129618 0.87392673 0.0851227  0.10537227 0.11699135]
[0.70161122 0.50201538 0.05709354 0.30861312 0.06372683]
[0.01218993 0.03022507 0.01799708 0.71150112 0.03501605]
[0.53739322 0.2491206  0.4972968  0.2825545  0.05322666]
[0.60965102 0.5385035  0.28192929 0.1488689  0.01968487]
[0.31421374 0.01226652 0.02913548 0.316792   0.51703895]
[0.86641513 0.26975743 0.2486062  0.01856425 0.17906193]
[0.54472534 0.12712356 0.15389328 0.08924509 0.46698727]
[0.32319902 0.1385957  0.14307014 0.54440596 0.30005042]
[0.07378289 0.5495339  0.7897319  0.03973209 0.08858853]
[0.01682395 0.65631236 0.35968585 0.09934593 0.36968376]
[0.00297584 0.00243351 0.00351799 0.32991276 0.53045366]
[0.0144453  0.00148145 0.67983384 0.56252727 0.28196078]
[0.01013378 0.28667696 0.22464013 0.17374963 0.53156232]
[0.23482727 0.07433553 0.12526725 0.42206542 0.48658615]
[0.23984126 0.23341875 0.17073063 0.31027918 0.46561287]
[0.12066636 0.04441236 0.00249664 0.38359325 0.5812372 ]
[0.0249422  0.35518895 0.13151434 0.41591865 0.4579562 ]
[0.14598105 0.41558751 0.20451266 0.48124554 0.38018391]
[0.00065253 0.00303317 0.20231747 0.52309705 0.38236035]
[ 6.75967837e-02 -3.79199897e-05  1.78975357e-01  6.95573480e-01
  4.42925982e-02]
[0.74761519 0.29501026 0.05925982 0.33923016 0.04031797]
[ 1.53701143e-04 -3.66541863e-04  2.65947833e-04  5.84322830e-01
  5.97136153e-01]
[0.20127254 0.07077759 0.92977096 0.00279982 0.3722082 ]
[0.12056325 0.30354318 0.22399001 0.31114226 0.51521843]
[0.01543557 0.00598894 0.00400071 0.54557966 0.49570816]
[0.42517842 0.17670344 0.17392283 0.52088541 0.17201904]
[0.2213552  0.10480653 0.07860039 0.57475852 0.37697225]
[0.13832461 0.82091856 0.31845179 0.02776601 0.09913808]
[0.0012392  0.00093545 0.00076142 0.68578287 0.34024047]
[0.18674538 0.90671926 0.22474016 0.03198042 0.31665926]
[0.05804148 0.04237177 1.0020086  0.09053239 0.00702013]
[0.46265956 0.04481739 0.55361934 0.01405331 0.22500595]
[3.38952291e-04 4.04100997e-01 5.51944482e-01 1.27243108e-01
 4.28950864e-01]
[0.35009731 0.43438609 0.08497844 0.17094706 0.5162607 ]
[0.01827512 0.01753368 1.04605535 0.0095872  0.08678571]
[0.03568453 0.95276746 0.2276762  0.050741   0.45113093]
[0.07743715 0.23190027 0.01681119 0.65320091 0.04576454]
[0.16704579 0.11343723 0.21775892 0.1672266  0.52470567]
[0.20681082 0.23535354 0.78017328 0.02054488 0.26601405]
[0.00842761 1.04131597 0.27018805 0.17596689 0.08083728]
[0.00995781 0.14481179 0.06838288 0.62638805 0.32118374]
[0.2583809  0.19089471 0.35169554 0.28130169 0.40563008]
[0.47227363 0.02166998 0.33653228 0.51466238 0.12375597]
[0.01926451 0.01102804 0.00105172 0.6092697  0.46765628]
[0.19188615 0.14636241 0.5162506  0.21140598 0.30251089]
[0.05359955 0.01386326 0.00179611 0.54014506 0.42187599]
[0.6414439  0.93993058 0.00393319 0.07981112 0.21618134]
[0.06445239 0.08606295 0.76798812 0.25607255 0.19565581]
[0.16045929 0.40013059 0.10235566 0.28737934 0.53473525]
[0.35439771 0.35527319 0.81846148 0.36003221 0.03609131]
[0.73921497 0.34837288 0.01913049 0.40659003 0.15861095]
[0.86814253 0.23843856 0.0233492  0.06503911 0.28095313]
[0.06735961 0.8846375  0.30187636 0.1691696  0.18466055]
[0.20598624 0.14944201 0.54223331 0.04745369 0.48962148]
[0.02694607 0.67999252 0.73052839 0.12644741 0.04061652]
[0.35493369 0.21809785 0.1838387  0.75457129 0.0405195 ]
[0.41424779 0.39811751 0.58479428 0.03343032 0.00535919]
[0.11175556 0.05041613 0.08304989 0.24802564 0.586385  ]
[0.10102176 0.04985405 0.64318759 0.33670387 0.3711347 ]
[0.00091246 0.01743293 0.17444134 0.07450614 0.58741465]
[0.0318584  0.20376065 0.66802413 0.39089216 0.18032563]
[0.15663796 0.15421534 0.46941051 0.56955355 0.16129766]
[0.59393046 0.53404574 0.48825939 0.10975061 0.11099191]
[0.31037327 0.30436561 0.69226429 0.26141633 0.19311885]
[0.04269582 0.09715469 0.00682769 0.80263973 0.05168753]
[0.0028484  0.16679365 0.01086138 0.65108982 0.47132063]
[0.04722504 0.29188988 0.00546427 0.75643323 0.25494685]
[0.16599794 0.72543057 0.42210188 0.1288592  0.21222892]
[0.91205559 0.02301488 0.03291506 0.53571127 0.18235074]
[0.40907541 0.36118377 0.52747336 0.45828929 0.0512005 ]
[0.29664478 0.74058678 0.47523247 0.30538859 0.07829216]
[0.0556835  0.02074664 0.91261463 0.1271289  0.21510136]
[1.01555214 0.10814617 0.25357955 0.12183299 0.15124119]
[2.38472810e-02 6.00039899e-03 4.14288312e-04 8.77933745e-01
 2.85770506e-01]
[0.03827374 0.01562085 0.06179867 0.79011235 0.04220619]
[ 0.36561009  0.00985992  0.00505287 -0.00159021  0.70109918]
[0.41164707 0.41927078 0.13934275 0.43732604 0.14477535]
[0.27219916 0.19673973 0.09717889 0.75996354 0.03474064]
[0.05557257 0.03838263 0.63659508 0.63095715 0.04971213]
[0.10375256 0.20754046 0.05639175 0.76857742 0.00582019]
[0.31638608 0.22628589 0.18485438 0.0064905  0.59817015]
[0.14094972 0.74831618 0.01618566 0.49272022 0.35317564]
[0.14819609 0.01147665 0.02396013 0.73861415 0.3449689 ]
[0.02126361 0.31686647 0.28111161 0.66369708 0.12958988]
[0.2734113  0.88608463 0.06352491 0.43722434 0.06858334]
[0.17103012 0.20528841 0.74351285 0.31499417 0.06460931]
[0.3617019  0.351647   0.42142964 0.32780428 0.17860517]
[0.02348837 0.11846286 0.07195044 0.73337446 0.05399532]
[0.7081537  0.21690343 0.28198313 0.26274479 0.24753962]
[0.13389931 0.79466836 0.20684312 0.27651279 0.17691335]
[0.00781801 0.13017486 0.85336365 0.34392266 0.01533309]
[0.54356943 0.37313229 0.05662613 0.33754021 0.51828527]
[0.30667778 0.10843837 0.02419916 0.13098148 0.6131803 ]
[0.11740861 0.01730624 0.05484382 0.22056752 0.61456769]
[0.01361032 0.24951158 0.71935799 0.11929456 0.12001315]
[0.06298691 0.18285396 0.41346513 0.76239946 0.04938572]
[0.00451016 0.00088627 0.32320889 0.12700238 0.64114242]
[0.01631867 0.04016993 0.29061718 0.04028634 0.58066591]
[0.10592675 0.01813877 0.34374893 0.6933501  0.28315682]
[0.1230476  0.13513902 0.00452217 0.51991765 0.56478548]
[0.05468446 0.07920445 0.14199385 0.8401758  0.03376084]
[0.03484423 0.05008452 0.01586559 0.2758929  0.58267899]
[0.03022563 0.02908348 0.4352024  0.72228406 0.185342  ]
[0.48419154 0.33750344 0.29620517 0.59491802 0.04685909]
[0.59431632 0.57541013 0.21098278 0.05154611 0.41175263]
[0.35285635 0.14655453 0.45541501 0.74878389 0.04088868]
[0.26107919 0.06975124 0.73055483 0.02757001 0.40254822]
[0.03630747 0.60709405 0.14673651 0.58552719 0.11386339]
[0.01500665 0.01058335 0.19737411 0.03240342 0.61311462]
[0.27263241 0.92624849 0.520388   0.17989982 0.04895038]
[0.26137413 0.01683103 0.83050475 0.04610689 0.13732055]
[0.26792422 0.11126555 0.16656111 0.74577273 0.04304366]
[7.26516622e-03 5.21339822e-04 1.22682341e-01 2.19771121e-01
 6.13490090e-01]
[0.16257336 1.15765495 0.14534022 0.09275905 0.2073716 ]
[0.00689449 0.30344517 0.13169346 0.14175811 0.60437946]
[0.06249229 0.08910062 0.672909   0.25956874 0.56245502]
[0.02829884 0.04821663 0.1245884  0.78238407 0.1656075 ]
[0.12517449 0.35944057 0.84165342 0.08453686 0.06496897]
[1.21831775e-01 4.21346128e-04 3.22255599e-01 7.36430639e-01
 4.99980883e-02]
[0.01130154 0.04312662 0.35922673 0.69830794 0.29360862]
[0.52347169 0.06936438 0.80085034 0.1165048  0.15962022]
[0.25946899 0.00682127 0.02032784 0.18485692 0.58757839]
[0.0238013  0.07708213 0.68717684 0.39213014 0.09416989]
[0.02118902 0.00188086 0.90292929 0.3909696  0.25089899]
[0.00434596 0.20507628 0.52730149 0.6021442  0.1719328 ]
[0.16582384 0.70171866 0.42395711 0.22746096 0.40066255]
[0.00493345 0.22677723 0.57820805 0.60638009 0.00292967]
[0.01202609 0.43557378 0.38678241 0.49134765 0.39907227]
[0.51430332 0.52224448 0.26442743 0.12909466 0.1475866 ]
[0.00846179 0.32855922 0.29075168 0.67032552 0.13173726]
[0.49222727 0.34335942 0.28379933 0.39539489 0.38497703]
[0.0395393  0.04876719 0.01101812 0.0936895  0.63742122]
[0.27421765 0.19628992 0.02431693 0.15426008 0.61135018]
[0.06020893 0.04313743 0.01728527 0.85767368 0.00274217]
[0.27726238 0.28104717 0.56716577 0.01579438 0.35684442]
[0.0951923  0.31972339 0.87822962 0.02317062 0.01410782]
[0.0386444  0.23097586 0.50254374 0.60417471 0.17005001]
[0.39465066 0.26675386 0.52364733 0.40182825 0.09758025]
[0.31581336 0.0847155  0.3970405  0.55554976 0.29359522]
