[0.024573   0.35466035 0.19325388 0.1414934  0.55065735]
[ 1.10490134e-03 -2.03605277e-04  2.51161137e-01  6.09795846e-01
  4.04035736e-01]
[ 5.69941165e-04 -5.85348764e-04  4.82124584e-04 -1.37417115e-03
  6.99907530e-01]
[0.12547937 0.09057128 0.33017344 0.35777167 0.41630817]
[0.34648733 0.00802151 0.39432851 0.31565676 0.45484282]
[0.01750994 0.00192036 0.82239383 0.01688785 0.26443759]
[0.07961904 0.23843721 0.01728537 0.64249749 0.04520144]
[0.67940723 0.0195891  0.45413265 0.28974681 0.11874836]
[0.26447555 0.32757613 0.24079074 0.17813433 0.4691211 ]
[0.04123654 0.24427058 0.00581665 0.66757025 0.04668693]
[0.01244209 0.01172429 0.74569156 0.01754404 0.43479096]
[-1.53643544e-04 -5.59679695e-04  1.76808812e-06  2.17618796e-02
  6.88383557e-01]
[0.08095525 0.01028783 0.68513862 0.03277344 0.38239244]
[0.00511972 0.00432249 0.28206717 0.67152381 0.33644392]
[0.77588968 0.02100048 0.5349862  0.05718893 0.15614103]
[0.05311649 0.07097541 0.59805651 0.0434159  0.42634808]
[0.11389835 0.25156657 0.07633185 0.52798783 0.40117186]
[0.25708273 0.77945609 0.04430887 0.14553574 0.2015536 ]
[ 4.00534980e-01  3.80883943e-01  6.20539757e-01 -2.77817021e-04
  4.42693545e-01]
[0.05108091 0.0494864  0.36815749 0.29153798 0.47117548]
[ 1.05784246e-04 -2.11906108e-04  1.18912166e-03  3.68287987e-03
  7.49061806e-01]
[0.40251637 0.59982604 0.11526876 0.04068353 0.47957108]
[0.87899773 0.43540164 0.03939184 0.03621206 0.33885997]
[ 0.24690026  0.11475765  0.1977531  -0.00064858  0.58162782]
[0.05807926 0.07764254 0.65411608 0.01568599 0.36152596]
[0.00525611 0.6569875  0.22285616 0.11385008 0.48388385]
[0.15189975 0.10310695 0.19802988 0.15188483 0.53742212]
[0.00658531 0.00581772 0.36321978 0.47203453 0.36639972]
[0.00071459 0.02735024 0.31921054 0.19046232 0.54302389]
[2.77298122e-03 3.30272860e-04 5.79744452e-01 2.29475925e-01
 3.86482207e-01]
[0.02395749 0.02295986 0.36815273 0.33851037 0.50772256]
[ 3.38306879e-04 -3.07096832e-04 -2.69297640e-05  1.36188979e-02
  6.82404124e-01]
[ 4.78153023e-02  7.86308163e-01  3.43137989e-01  7.65380117e-01
 -2.87523438e-04]
[0.33636514 0.09037748 0.51934992 0.50284002 0.13979925]
[-4.66418434e-05 -1.70819169e-04  3.03141582e-04  6.31157289e-01
  6.69711868e-01]
[ 1.85132246e-04  4.53446385e-04 -1.22810013e-05  1.62140751e-01
  6.59661770e-01]
[0.02344442 0.37845128 0.17297257 0.14393738 0.56003325]
[0.42358882 0.14584481 0.03793122 0.07430457 0.52492124]
[1.29509480e-04 7.20044638e-01 4.17539793e-01 4.79196255e-02
 3.88182721e-01]
[0.05228218 0.15653605 0.0113444  0.67409476 0.04597943]
[0.03603997 0.59251521 0.14322625 0.57287175 0.03785704]
[ 2.63792559e-04 -5.63286357e-04  3.04066730e-04  6.53801105e-01
  6.67925935e-01]
[0.28610475 0.12192801 0.12550373 0.40162245 0.43319775]
[0.14857425 0.62873472 0.22472675 0.108477   0.4059559 ]
[0.00462428 0.00293177 0.83199283 0.14582322 0.15640748]
[0.11658839 0.3176589  0.12511182 0.40036216 0.44090032]
[ 0.31471961  0.14792695  0.15671012 -0.0009565   0.63855594]
[0.01149912 0.00475673 0.23725805 0.57349085 0.38085736]
[0.0034134  0.00292675 0.01067467 0.72318408 0.15076842]
[0.29661176 0.36796232 0.13364602 0.14986165 0.4528371 ]
[0.01684325 0.04183427 0.37529548 0.29008537 0.53009064]
[0.58495026 0.08184787 0.60686517 0.12570009 0.00132369]
[0.02406587 0.06027617 0.57054794 0.51544471 0.13626926]
[0.03017074 0.42574741 0.43478052 0.18806462 0.38829076]
[0.00898306 0.05920965 0.47911191 0.39668897 0.47854087]
[-1.41890653e-04  4.90917072e-04  5.49017062e-04 -1.98014547e-03
  6.64885941e-01]
[0.21638435 0.03408554 0.10363812 0.48914481 0.40625136]
[0.15414937 0.10340827 0.400376   0.17732028 0.46700102]
[0.94565617 0.70134208 0.01849889 0.04320858 0.25234412]
[2.78026041e-04 7.11959649e-03 2.82152576e-01 5.24192054e-01
 3.63370460e-01]
[0.04288458 0.00668115 0.61640542 0.09373001 0.39549752]
[0.36105633 0.14997286 0.16364857 0.5009723  0.28775165]
[0.24725002 0.96994847 0.15755972 0.01440428 0.15701812]
[3.88477393e-04 8.31008018e-03 3.48919037e-01 3.13649979e-01
 5.13996121e-01]
[0.43124628 0.03205157 0.0115     0.61982479 0.20239447]
[-1.51714481e-04 -5.99847876e-04  8.84997631e-01  4.21591484e-01
  1.66033280e-01]
[0.0136478  0.0071801  0.18841806 0.67619308 0.30943345]
[0.01351378 0.00959647 0.00089542 0.71313799 0.0476455 ]
[0.19580957 0.14580078 0.57777341 0.10569146 0.30196287]
[0.01948723 0.01116143 0.0010644  0.60726184 0.44512607]
[0.01113653 0.01323627 0.78221829 0.00992786 0.54506968]
[0.01700931 0.01617187 0.262119   0.42915963 0.50786835]
[0.15320976 0.3920269  0.48255203 0.22579684 0.32204427]
[0.25072967 0.10394247 0.11063701 0.58836866 0.2996367 ]
[0.00143876 0.67459637 0.32324295 0.34706113 0.38595566]
[0.70111482 0.6755991  0.05700227 0.03302119 0.33257788]
[0.04863441 0.0321854  0.00168655 0.58592328 0.45730996]
[0.09117422 0.59889787 0.38994118 0.05454257 0.17605098]
[6.50505376e-04 1.90203469e-04 1.24529022e-02 3.77533085e-05
 5.60875866e-01]
[0.13424816 0.80258263 0.01074316 0.36523568 0.05638578]
[0.09009396 0.06510779 0.57102485 0.04839572 0.48306731]
[0.21597839 0.99549229 0.24742614 0.05231186 0.00234808]
[0.01032274 0.58127537 0.037889   0.4751002  0.45878437]
[0.04913169 0.21028682 0.3843597  0.00951199 0.50545058]
[ 1.51811170e-03 -7.13550277e-05  3.32556538e-01  7.82547196e-01
  5.05644542e-02]
[0.53869135 0.35105186 0.07272347 0.09844602 0.48350928]
[0.18204416 1.12392785 0.14167657 0.01048306 0.29696094]
[0.04953203 0.06488392 0.59956673 0.04347458 0.42641701]
[0.01297031 0.3362886  0.11440127 0.4948164  0.39465313]
[8.33306052e-04 5.20238218e-04 3.13210610e-03 5.94556893e-01
 4.09536449e-01]
[-1.60700985e-04 -5.82668930e-04  8.66809649e-04  1.60499087e-01
  6.34932776e-01]
[ 6.81308269e-04 -5.89560003e-04  8.13545868e-01  4.61184995e-02
  4.84153402e-01]
[0.58842005 0.40312682 0.20686011 0.34289884 0.00314782]
[0.03346889 0.00242399 0.77137152 0.03049589 0.27171258]
[0.20545409 0.24983113 0.43817306 0.5671223  0.00744387]
[0.00148603 0.0053537  0.0047199  0.44162007 0.46428246]
[0.11025845 0.35938161 0.52956052 0.36114226 0.05729864]
[-8.89458022e-06  2.13070980e-03  6.11692355e-03  4.72345411e-01
  5.54293172e-01]
[0.01882871 0.28981817 0.29714155 0.35502273 0.43843015]
[0.21816475 0.83438109 0.02322785 0.04510946 0.168509  ]
[ 1.46658787e-04 -1.32885986e-04  3.05396992e-05 -1.65253057e-03
  7.27848825e-01]
[0.16154962 0.10968859 0.2423384  0.17672154 0.49690523]
[0.49232424 0.23262605 0.40779548 0.00165632 0.40837009]
[0.05100075 0.15074713 0.15918971 0.63628253 0.04475361]
[0.06432425 0.38196026 0.1030788  0.13234093 0.52542958]
[0.2940043  0.13266352 0.01843518 0.64196405 0.28764255]
[0.00929615 0.33740096 0.12788126 0.18112568 0.51668179]
[0.08222524 0.01039905 0.65647773 0.04135122 0.49969131]
[0.57278281 0.58276565 0.29566282 0.16013229 0.00597396]
[0.75451797 0.13276429 0.44502188 0.03615767 0.03673825]
[-1.27476430e-04 -6.05634070e-04  1.83880555e-03  8.56505077e-01
  3.42069342e-01]
[0.62511737 0.08756173 0.64853477 0.02306283 0.06023629]
[0.00344632 0.05427628 0.03966636 0.76158242 0.00404655]
[0.22269051 0.09040867 0.09803388 0.52113343 0.39034641]
[0.15587648 0.09939525 0.20000163 0.15341811 0.53629656]
[0.45119044 0.44524915 0.52534407 0.03296991 0.00930021]
[0.09471308 0.40084528 0.22084607 0.15997026 0.47920927]
[0.02925899 0.06620732 0.04546245 0.71079421 0.2053159 ]
[0.13705576 0.02137518 0.0656532  0.52761387 0.41126377]
[ 1.60645231e-04  9.90228652e-04  6.72073925e-02 -6.92410868e-04
  6.23010166e-01]
[-5.03340025e-05 -2.48102607e-04  2.00596843e-04  8.60811725e-01
  1.68094810e-02]
[0.11126973 0.52369429 0.29160699 0.30735998 0.42059268]
[0.01323653 0.01189329 0.45284125 0.71558415 0.04386737]
[0.21668387 0.54548224 0.6405245  0.03273308 0.03617489]
[0.27294484 0.81764071 0.06360246 0.12499938 0.04942641]
[0.08992301 0.43854496 0.45820544 0.03166139 0.38867753]
[0.0171397  0.2940415  0.2151503  0.57941279 0.32921441]
[0.00694648 0.02356821 0.9377535  0.17706095 0.0210973 ]
[0.27525263 0.85546049 0.06035587 0.32448095 0.06210361]
[0.02886797 0.4818144  0.50329098 0.39620772 0.00116384]
[0.22729203 0.28146479 0.31239635 0.18061567 0.47558345]
[0.01129347 0.1639895  0.06219287 0.67424797 0.17487687]
[0.00191219 0.00840697 0.28076354 0.52680605 0.36436275]
[ 1.29181943e-04 -3.91963432e-04 -5.33023092e-05  6.06847244e-03
  8.73023576e-01]
[0.21716154 0.08367871 0.28722315 0.13426352 0.54818383]
[0.40583892 0.01589353 0.5156387  0.00993606 0.32226661]
[0.22406847 0.60368325 0.1743311  0.63739632 0.00110398]
[0.28923135 0.05986973 0.36166831 0.5095981  0.26843637]
[0.00146773 0.00049242 0.45331814 0.18559289 0.48405648]
[0.02276994 0.01652648 0.46815931 0.62354721 0.00699498]
[0.47681826 0.1757789  0.13758723 0.02306772 0.51569174]
[0.21309539 0.08972352 0.06434339 0.26454674 0.51953357]
[0.01081377 0.0096335  0.5857294  0.14029683 0.44974591]
[-1.64930491e-04 -5.88205926e-04  8.89589218e-01  4.02148305e-01
  5.10360763e-02]
[0.54818293 0.01896322 0.39204513 0.56977606 0.01059789]
[0.2518081  0.84084219 0.30153968 0.15762039 0.00617352]
[0.02108099 0.01939155 0.06229895 0.69689776 0.21575795]
[ 5.92059766e-01  1.85384786e-01  5.02431982e-01 -3.47092392e-04
  4.88610603e-01]
[0.16319887 0.11055378 0.24465785 0.18982482 0.49624704]
[0.07633858 0.02231919 0.62517953 0.48970064 0.1411507 ]
[0.0336835  0.22063629 0.47618995 0.43669009 0.32642524]
[ 3.75854272e-02  6.18547987e-01  3.93649762e-01  6.72656073e-01
 -3.02048757e-04]
[0.01906117 0.02270963 0.00767221 0.27935902 0.58114429]
[0.15965334 0.02074604 0.75996515 0.04105118 0.13162264]
[0.16378794 0.58381309 0.5832829  0.03333837 0.00534429]
[0.0606884  0.04363844 0.69847702 0.02222056 0.38637313]
[0.02362019 0.0214693  0.80200652 0.22044877 0.04355789]
[0.55564509 0.01529149 0.4946846  0.01421338 0.31625338]
[0.32599912 0.29551698 0.47606718 0.36673569 0.18749554]
[0.31603458 0.47087487 0.09470108 0.07027852 0.50269067]
[0.14758424 0.4014063  0.406554   0.1820332  0.37596576]
[0.64074154 0.44555248 0.15228828 0.30500251 0.02814556]
[0.31382609 0.08464756 0.37139703 0.29424566 0.35121978]
[0.83000892 0.36749123 0.34913871 0.00088402 0.1892887 ]
[0.11500575 0.72158728 0.00963889 0.32766463 0.07327564]
[0.27845109 0.13133904 0.67223062 0.00624429 0.30919958]
[0.03208721 0.02318256 0.43887012 0.55703164 0.01051962]
[0.03053233 0.03447308 0.36256194 0.32271052 0.50486248]
[0.0621305  0.81608923 0.26638352 0.15490948 0.33484578]
[0.01815743 0.03874799 0.50520577 0.52277114 0.13956535]
[9.40171046e-01 4.50959447e-01 4.19230514e-02 5.69065354e-02
 2.16003409e-04]
[0.00210841 0.00509002 0.00103813 0.50705453 0.55231524]
[0.01240413 0.00929039 0.63025185 0.70834156 0.00131348]
[0.59467468 0.39723036 0.16941731 0.33864029 0.00310394]
[0.28279835 0.94991535 0.50821149 0.02115113 0.01479499]
[0.00096993 0.04157259 0.7309729  0.25392905 0.0606285 ]
[0.01689278 0.04155267 0.44506001 0.11140988 0.5104823 ]
[ 1.80243081e-02 -8.23344310e-05  9.99544188e-04  7.91518371e-01
  5.29111125e-02]
[0.04623855 0.04472641 0.64296193 0.11038801 0.01059971]
[-1.52421163e-04 -5.91325325e-04  1.05210595e+00  9.13764511e-04
  4.75017263e-02]
[0.00608683 0.24066057 0.47272904 0.0409726  0.45135164]
[0.00884302 0.02562233 0.80889752 0.07080462 0.04567712]
[0.50093978 0.1343535  0.76562331 0.00921912 0.08308741]
[-1.63521402e-04 -5.88735225e-04  8.87753060e-01  3.81600295e-01
  5.05222179e-02]
[0.12436544 0.01461287 0.32236135 0.30784578 0.49816076]
[0.13422539 0.80244652 0.01175583 0.36518287 0.03251266]
[5.14864929e-02 3.41020163e-02 1.79409709e-04 6.19951441e-01
 4.83795230e-01]
[0.68445933 0.05658581 0.34638965 0.02660746 0.33994311]
[0.01260529 0.30029444 0.16963478 0.49579601 0.39543186]
[0.83755048 0.33266531 0.02750733 0.32131799 0.14922001]
[0.10357126 0.32718358 0.02319731 0.01481703 0.53915817]
[0.09359687 0.46697987 0.13411891 0.10323121 0.5170688 ]
[0.3732348  0.17622714 0.55030072 0.00180852 0.42117187]
[0.03261973 0.03142239 0.50738504 0.11701035 0.50790312]
[-8.77603226e-05  1.03325609e-03  1.43093419e-03  6.91409762e-01
  3.43026778e-01]
[ 1.71250014e-03 -3.58826628e-04  1.36268724e-03  7.40412978e-01
  1.46780868e-01]
[0.56805046 0.36823599 0.08851577 0.09480912 0.38379667]
[0.58699494 0.02656278 0.23267688 0.3670576  0.40644546]
[0.04847744 0.04896915 0.00461739 0.75995319 0.00274017]
[0.0306216  0.01999037 0.29406232 0.24241347 0.54734688]
[ 8.43413691e-03  2.36206546e-03  4.64004424e-04 -6.01714460e-04
  6.39671320e-01]
[0.21680276 0.99929131 0.24837001 0.05160709 0.02731402]
[ 2.75820363e-04 -1.75580871e-04  5.21569290e-01  9.32047009e-02
  5.20622280e-01]
[ 3.42587282e-04 -4.08150831e-04  3.48996473e-04 -7.06785361e-04
  6.43843405e-01]
[0.32398045 0.26054465 0.44640299 0.04074706 0.44244767]
[0.38232711 0.01753005 0.25571969 0.16223072 0.51241803]
[0.28520424 0.29717509 0.03493362 0.2137725  0.45589909]
[0.01036351 0.00969127 0.55175473 0.46959026 0.41979236]
[0.23464318 0.22795205 0.48494157 0.18985508 0.32535098]
[0.01304402 0.01817676 0.15352049 0.77903012 0.0014851 ]
[0.05129618 0.87392673 0.0851227  0.10537227 0.11699135]
[0.01218993 0.03022507 0.01799708 0.71150112 0.03501605]
[0.53739322 0.2491206  0.4972968  0.2825545  0.05322666]
[0.54472534 0.12712356 0.15389328 0.08924509 0.46698727]
[0.32319902 0.1385957  0.14307014 0.54440596 0.30005042]
[0.01682395 0.65631236 0.35968585 0.09934593 0.36968376]
[0.00297584 0.00243351 0.00351799 0.32991276 0.53045366]
[0.0144453  0.00148145 0.67983384 0.56252727 0.28196078]
[0.01013378 0.28667696 0.22464013 0.17374963 0.53156232]
[0.23482727 0.07433553 0.12526725 0.42206542 0.48658615]
[0.23984126 0.23341875 0.17073063 0.31027918 0.46561287]
[0.12066636 0.04441236 0.00249664 0.38359325 0.5812372 ]
[0.0249422  0.35518895 0.13151434 0.41591865 0.4579562 ]
[0.14598105 0.41558751 0.20451266 0.48124554 0.38018391]
[0.00065253 0.00303317 0.20231747 0.52309705 0.38236035]
[ 6.75967837e-02 -3.79199897e-05  1.78975357e-01  6.95573480e-01
  4.42925982e-02]
[0.74761519 0.29501026 0.05925982 0.33923016 0.04031797]
[ 1.53701143e-04 -3.66541863e-04  2.65947833e-04  5.84322830e-01
  5.97136153e-01]
[0.20127254 0.07077759 0.92977096 0.00279982 0.3722082 ]
[0.42517842 0.17670344 0.17392283 0.52088541 0.17201904]
[0.13832461 0.82091856 0.31845179 0.02776601 0.09913808]
[0.0012392  0.00093545 0.00076142 0.68578287 0.34024047]
[0.05804148 0.04237177 1.0020086  0.09053239 0.00702013]
[0.46265956 0.04481739 0.55361934 0.01405331 0.22500595]
[0.07743715 0.23190027 0.01681119 0.65320091 0.04576454]
[0.16704579 0.11343723 0.21775892 0.1672266  0.52470567]
[0.00842761 1.04131597 0.27018805 0.17596689 0.08083728]
[0.47227363 0.02166998 0.33653228 0.51466238 0.12375597]
[0.01926451 0.01102804 0.00105172 0.6092697  0.46765628]
[0.19188615 0.14636241 0.5162506  0.21140598 0.30251089]
[0.05359955 0.01386326 0.00179611 0.54014506 0.42187599]
[0.6414439  0.93993058 0.00393319 0.07981112 0.21618134]
[0.35702429 0.25792399 0.22197755 0.4384805  0.32728823]
[0.00404847 0.23724987 0.24325021 0.18717769 0.51763103]
[0.04738761 0.22328845 0.05326088 0.73945435 0.00558486]
[0.00276956 0.00225493 0.00203717 0.00167653 0.60501924]
[ 1.57341390e-04 -4.15479331e-04 -3.94069939e-05  4.84298921e-02
  6.77065176e-01]
[0.24400999 0.27806739 0.43213183 0.50239602 0.23570756]
[0.45506031 0.07395203 0.63902077 0.08961799 0.14609719]
[0.01668957 0.01109404 0.62934211 0.62120019 0.03816389]
[0.26423938 0.65904333 0.3861076  0.09160748 0.07287542]
[0.17265426 0.02065866 0.63391332 0.37073948 0.1710588 ]
[0.13903502 0.79709422 0.1961436  0.04102627 0.49165664]
[4.56978230e-04 2.16705704e-03 1.54584581e-01 4.82092817e-01
 4.69170804e-01]
[0.01986042 0.00225699 0.93111733 0.01847712 0.16537167]
[0.08487883 0.28507917 0.78324324 0.02043214 0.01253796]
[0.27590888 0.18768678 0.02440882 0.17672109 0.496904  ]
[1.88245661e-04 5.48027707e-03 1.14334996e-03 5.00346723e-01
 5.87000989e-01]
[0.01332348 0.00076535 0.00324222 0.54561637 0.49566789]
[0.69453283 0.51182532 0.04513416 0.13158566 0.0505784 ]
[6.98958402e-01 5.00025778e-01 5.65656247e-02 3.07413234e-01
 6.28066085e-04]
[ 3.94278612e-04 -2.33954642e-04  3.80966701e-01  3.84536728e-03
  5.47346882e-01]
[0.26841967 0.11322564 0.0810552  0.21994027 0.51465659]
[ 1.22919365e-03 -5.62296361e-05  1.04861111e-03 -2.12119653e-03
  7.27348797e-01]
[ 1.16135879e-03 -3.27269593e-05  2.11542980e-02  7.82844880e-01
  1.34529862e-01]
[0.13177316 0.78779366 0.03998426 0.39254415 0.03217806]
[ 4.49436600e-03 -3.45086690e-04  3.33110239e-03  3.45577503e-01
  5.55496492e-01]
[0.02235149 0.29819569 0.26464959 0.63355987 0.18981147]
[0.13398748 0.43012069 0.02577757 0.58158282 0.19786149]
[0.06149095 0.02506685 0.47484162 0.57397698 0.00179542]
[ 2.41426698e-01  1.84274058e-01  6.49430387e-01  2.66492374e-01
 -5.83791242e-05]
[0.01748541 0.98861327 0.09322819 0.05084208 0.45199387]
[0.45123437 0.04369595 0.17478109 0.54980151 0.2262871 ]
[0.53397702 0.3963769  0.01039275 0.10141346 0.49307192]
[0.00971213 0.00898251 0.53582061 0.28310624 0.4514982 ]
[0.19393783 0.23394848 0.44011519 0.37557107 0.34904883]
[0.10265933 0.43453296 0.32276769 0.51040925 0.14135655]
[0.05086354 0.15228579 0.01079172 0.68483478 0.02973115]
[-3.92559913e-05 -4.83366933e-04  2.46761475e-04 -2.44325031e-04
  7.85585301e-01]
[0.19062328 0.80843402 0.28886698 0.14848433 0.00731413]
[0.06913019 0.06606527 0.80424741 0.03517126 0.00564136]
[0.00117922 0.00512377 0.7664247  0.34618315 0.03654087]
[0.73136777 0.54486337 0.01977998 0.05488333 0.11284783]
[0.00621928 0.0978921  0.80193642 0.04328094 0.12594551]
[0.21167421 0.6015019  0.04462021 0.60131633 0.00336906]
[4.20566081e-04 1.51668460e-03 1.94680262e-03 6.80229270e-01
 2.76751756e-01]
[0.00695516 0.02012759 0.63946223 0.63643712 0.05039573]
[0.61482512 0.36771676 0.0349607  0.08180773 0.41119196]
[0.48191015 0.17766188 0.06878732 0.07246269 0.49896187]
[ 9.40128817e-05 -4.13052303e-04 -5.38283309e-05  5.87310565e-03
  9.91846038e-01]
[0.23533288 0.91336639 0.14849375 0.01345205 0.41451265]
[-1.58049158e-04 -4.14345947e-04  7.66761516e-03  4.31438080e-01
  4.74941889e-01]
[-1.70332993e-04 -6.11685760e-04 -5.15236954e-05  5.02409079e-03
  6.89476193e-01]
[0.03722318 0.00678923 0.12293861 0.71549457 0.00132461]
[0.10164635 0.34140335 0.93767101 0.00600007 0.01595603]
[0.24807819 0.6262718  0.40308087 0.01165958 0.10057284]
[0.74227044 0.13059979 0.4417881  0.03563421 0.07993821]
[0.15981427 0.51304116 0.02457384 0.59645094 0.21328031]
[ 1.40813247e-04 -3.76661060e-04  6.31914695e-03  8.00355660e-01
  7.13882546e-03]
[0.19098316 0.89816725 0.24292393 0.15011082 0.02084166]
[0.10992891 0.05429616 0.64198342 0.33685012 0.37129507]
[0.32094836 0.06548942 0.37537674 0.29742123 0.35498709]
[0.02970071 0.79193993 0.19089685 0.04345783 0.36864424]
[5.61758448e-02 3.72532927e-02 1.26396720e-04 6.27598679e-01
 4.90070192e-01]
[0.46913599 0.37171237 0.65004051 0.00909817 0.1348885 ]
[0.00530847 0.00186068 0.01304749 0.83143176 0.00562067]
[0.07659942 0.33183982 0.00382871 0.52660369 0.36422321]
[ 1.95977761e-02  3.15749114e-01  1.37933272e-01  1.01809188e+00
 -2.88176937e-04]
[0.01340711 0.01767887 0.18910032 0.56922728 0.33152672]
[0.03164794 0.0047375  0.73531675 0.02897007 0.25899428]
[0.19424648 0.85443921 0.29933798 0.08500427 0.14015213]
[0.2944372  0.0114564  0.02729924 0.29737196 0.48504757]
[6.95473948e-01 3.26225948e-01 3.73805172e-01 4.82358685e-04
 4.36803952e-02]
[0.48340225 0.04482909 0.50020458 0.10988467 0.00513522]
[0.03582325 0.58896532 0.11997569 0.56276758 0.1152808 ]
[0.28477785 0.01122777 0.13722843 0.63290562 0.15949745]
[0.09881937 0.41821924 0.21205796 0.16309716 0.48845986]
[0.16697631 0.53903312 0.23778254 0.0261607  0.40023589]
[0.00948077 0.34399288 0.13037627 0.17366398 0.51889267]
[0.01736363 0.01651801 0.26259237 0.42772669 0.50692407]
[5.01770756e-02 1.02416869e-04 6.53869749e-01 4.36140085e-01
 1.38565172e-01]
[0.3868522  0.18356227 0.13735325 0.45507345 0.37414598]
[0.012475   0.0011703  0.61741806 0.62625835 0.28053079]
[0.00388016 0.0032432  0.36579253 0.47531519 0.36893749]
[0.00847125 0.0249577  0.2172232  0.67120401 0.04722388]
[0.15559019 0.08571232 0.04900249 0.30354164 0.5222682 ]
[0.06492319 0.04262507 0.43701196 0.22772361 0.47442   ]
[0.57671402 0.09281521 0.5930585  0.12810704 0.00165845]
[0.04369681 0.62924465 0.33718031 0.25127552 0.2941957 ]
[ 8.45554832e-01  2.64517395e-01  1.34842435e-01 -1.96754603e-04
  3.77245339e-01]
[0.46328309 0.19258814 0.15066847 0.57653037 0.00180352]
[0.05520104 0.0112544  0.79774012 0.13470222 0.0597702 ]
[0.00637654 0.04219825 0.3916195  0.55338756 0.13667331]
[0.00331197 0.00272816 0.74198177 0.05373664 0.43439653]
[9.81405431e-04 7.01336955e-04 8.16334748e-01 1.18389826e-01
 2.65544634e-01]
[0.05550045 0.94536713 0.09208079 0.09228753 0.12612753]
[0.18069146 0.04700249 0.58043879 0.38444285 0.15134314]
[0.02075706 0.0670113  0.66256498 0.1138219  0.01093558]
[0.35918881 0.1494029  0.15849551 0.49962009 0.29354083]
[0.24955764 0.0773018  0.63694547 0.02610005 0.32621464]
[0.91553346 0.05974993 0.16150847 0.01666007 0.13683867]
[-1.53209953e-04 -5.92221801e-04  1.00598770e+00  7.79451202e-04
  5.27850320e-02]
[0.00528183 0.50384788 0.27609708 0.07576238 0.51169334]
[0.77045583 0.03420883 0.3061443  0.46235379 0.0023042 ]
[0.00194036 0.01093435 0.35517367 0.66696683 0.05855579]
[2.35654186e-03 1.29509915e-03 1.37423752e-04 7.69154922e-01
 2.92704831e-01]
[0.26812605 0.33210311 0.24411294 0.15715845 0.46742061]
[0.05359642 0.04956857 0.41941702 0.66997106 0.04105362]
[0.75608677 0.35633625 0.01956827 0.41591695 0.00211537]
[0.23769856 0.75192236 0.40610256 0.03319764 0.03352216]
[ 1.19182413e-04 -3.81618394e-04  3.80200799e-03  2.06887945e-01
  6.25894087e-01]
[0.37731288 0.01363519 0.22591257 0.59837276 0.03629852]
[0.32085753 0.33437909 0.0393049  0.22224173 0.42301727]
[0.00147935 0.9184224  0.31684964 0.15529466 0.00180144]
[ 5.44396747e-05 -5.24946341e-04  3.38638064e-03  5.95065956e-01
  4.09886181e-01]
[0.36321908 0.37378515 0.24627795 0.00151611 0.52135048]
[-5.06172612e-05 -5.87465541e-04  3.23480966e-01  1.27098631e-01
  6.41620545e-01]
[0.13473678 0.57586084 0.14401898 0.41646371 0.03379148]
[0.04837267 0.13803307 0.16969866 0.66988029 0.04693967]
[0.07428045 0.05318201 0.04527918 0.46191417 0.46195731]
[0.04288631 0.05212143 0.77536528 0.00985387 0.54385614]
[ 3.29954412e-02 -4.52512930e-04  6.32196084e-01  9.60928074e-02
  4.05253847e-01]
[0.44074625 0.27095006 0.54518369 0.04109272 0.03405249]
[0.91965995 0.14676359 0.17475021 0.1649434  0.03353407]
[-1.56356404e-04 -5.95797809e-04  8.22023851e-01  6.66924302e-01
  4.75017263e-02]
[0.05411454 0.33355266 0.18423114 0.15806753 0.56019353]
[0.18761421 0.12704717 0.49110603 0.21780195 0.43508823]
[0.48876083 0.01684198 0.3455982  0.53591258 0.01405749]
[0.15624702 0.10607198 0.20369258 0.14284262 0.54303569]
[0.00088058 0.00057761 0.06347499 0.49520899 0.43314686]
[0.24755879 0.5336605  0.09587492 0.00905505 0.50735883]
[ 2.90790678e-04 -1.81967658e-04  4.60731527e-04 -1.32303221e-03
  6.71556892e-01]
[0.69472492 0.04070686 0.40984889 0.06214094 0.13127821]
[0.34864284 0.32180915 0.49275661 0.38058552 0.12765876]
[0.00948755 0.13805974 0.0652053  0.61496432 0.31491484]
[0.05960339 0.78296142 0.2745461  0.00684561 0.16045349]
[0.44601561 0.18538984 0.52208535 0.00292523 0.17192277]
[0.19063799 0.43171546 0.13024934 0.64997258 0.0304602 ]
[0.42203208 0.17614829 0.19003605 0.59247406 0.00179609]
[0.45185774 0.44833645 0.52736388 0.01622609 0.0093303 ]
[0.00122108 0.00350395 0.00613996 0.73200509 0.02748003]
[-2.54365026e-05 -6.59163991e-05  1.43392356e-04  2.39838234e-02
  5.91642289e-01]
[0.21594635 0.00836783 0.10406658 0.47654858 0.40466076]
[0.40351663 0.37406786 0.14571443 0.6887382  0.00187655]
[0.16149986 0.05661911 0.70225798 0.00790402 0.20909301]
[ 2.74775649e-03 -2.19750181e-04 -4.32790903e-05  8.91939091e-01
  1.48840749e-01]
[ 8.11944699e-03 -2.68601717e-04  9.15538538e-01  3.31655965e-01
  4.88889411e-03]
[0.07683839 0.23056924 0.06539305 0.6508194  0.04579022]
[0.00626177 0.28595691 0.72870527 0.06831525 0.0026035 ]
[-1.66644240e-04 -6.08090088e-04  4.35522200e-03  5.36658548e-01
  5.19538599e-01]
[0.18944125 0.00099387 0.50086911 0.01237607 0.42799412]
[0.56652032 0.36724273 0.17880565 0.03125003 0.3999583 ]
[0.1480662  0.04990245 0.81527684 0.00811626 0.31101377]
[0.00338653 0.18228859 0.46884592 0.53516028 0.15317397]
[0.12073602 0.04443832 0.00249811 0.38381564 0.57091274]
[0.64187322 0.44325749 0.15617365 0.30532726 0.02817575]
[0.00788123 0.02326577 0.00088825 0.61745898 0.45258107]
[0.48933175 0.13372184 0.74865606 0.0128488  0.08124231]
[0.24964398 0.18442335 0.33848071 0.271078   0.39098491]
[0.35429605 0.13987731 0.48460254 0.48049121 0.19637526]
[0.28257326 0.11228683 0.08047772 0.63242828 0.28401847]
[0.01447997 0.00618354 0.00379958 0.51048843 0.46475854]
[ 3.23818992e-04 -4.61308444e-04  3.93648917e-04  7.60379337e-01
  1.36889180e-01]
[0.4378145  0.18560991 0.27608717 0.04111192 0.42697251]
[0.07417286 0.09005047 0.86238192 0.01012025 0.15986329]
[0.00316692 0.00318377 0.01062105 0.71955942 0.16723373]
[0.64926527 0.64301237 0.04366588 0.04975182 0.00673252]
[0.47462844 0.1749691  0.14395766 0.02305856 0.51550427]
[0.13019074 0.41793072 0.02551868 0.58167743 0.19622919]
[0.00666991 0.00724604 0.7019438  0.04993869 0.54652364]
[0.0094847  0.4677897  0.52689081 0.00985018 0.32930398]
[0.4687691  0.17246768 0.01152633 0.52348184 0.22465039]
[0.00889808 0.00299601 0.81923316 0.32113989 0.14913763]
[0.00991594 0.02779734 0.39918787 0.42558288 0.45378672]
[0.00726775 0.02103742 0.86103675 0.07549427 0.04863952]
[0.05054306 0.84100045 0.34578774 0.11677524 0.1249098 ]
[0.15811086 0.10734321 0.28424957 0.16703379 0.53203996]
[0.02383391 0.01771198 0.44049955 0.5793031  0.33127184]
[0.13055064 0.01931683 0.01036679 0.26648328 0.54793508]
[0.15841613 0.02058071 0.75408175 0.04219064 0.13061427]
[0.23602239 0.23210366 0.71064111 0.00299925 0.32673319]
[0.32331528 0.01263935 0.01118965 0.26829157 0.48296161]
[0.52268377 0.06501626 0.32433739 0.52735237 0.00969436]
[0.01638102 0.01602685 0.94756121 0.00848206 0.07857621]
[0.28465518 0.69493715 0.16414981 0.00382083 0.37912502]
[0.0100448  0.18951135 0.35275947 0.36131023 0.43619086]
[0.02402484 0.35541103 0.36294341 0.15664007 0.48050856]
[0.03596754 0.23556335 0.5107672  0.40636015 0.33154044]
[0.01363311 0.02917672 0.72087352 0.02203854 0.139433  ]
[0.92074903 0.45610772 0.04126515 0.03803388 0.25412739]
[0.26363797 0.34694697 0.43682888 0.04131156 0.40618184]
[0.53923692 0.52414658 0.35647301 0.00140278 0.29811826]
[0.41719883 0.47921302 0.15366616 0.50356444 0.03050659]
[ 1.65760716e-04 -1.04035592e-04  3.56829490e-05 -1.73856185e-03
  6.93332917e-01]
[0.01611237 0.01718046 0.64059689 0.59078844 0.15295674]
[ 3.15883286e-03 -5.14900947e-04  1.38095020e-04  7.97982319e-01
  5.33332460e-02]
[0.02331256 0.09931398 0.06094534 0.5681996  0.36039674]
[0.60170547 0.54471907 0.28090869 0.1483223  0.0195349 ]
[0.64737455 0.0776874  0.0096548  0.32820586 0.07435882]
[0.53928361 0.05039723 0.27313503 0.45112375 0.33926362]
[0.15161946 0.10170298 0.44319869 0.19343021 0.50428036]
[0.41895027 0.17410711 0.02980039 0.56676514 0.01752815]
[0.0875224  0.28967668 0.54117331 0.35055664 0.05561719]
[0.14953332 0.53597355 0.19368066 0.52113225 0.00240035]
[ 1.94140864e-04 -3.42589161e-04  7.35690181e-03  8.99731121e-01
  6.11385847e-03]
[0.13255034 0.33464655 0.49986501 0.11509179 0.38965504]
[0.45240547 0.01233755 0.40278952 0.47872528 0.33366203]
[0.17103012 0.20528841 0.74351285 0.31499417 0.06460931]
[0.40907541 0.36118377 0.52747336 0.45828929 0.0512005 ]
[0.88339655 0.57513615 0.11929078 0.03747464 0.34513884]
[0.22003634 0.77027063 0.43395317 0.31851164 0.06564524]
[ 0.25864124  0.11457198  0.11183516 -0.00120003  0.70029401]
[0.12975407 0.44081271 0.24651897 0.65313564 0.03964584]
[0.70161122 0.50201538 0.05709354 0.30861312 0.06372683]
[0.21863093 0.24882885 0.79828316 0.01832301 0.2731642 ]
