[0.44115798 0.18336484 0.19465858 0.6170017  0.03373598]
[0.01589933 0.24433791 0.24747753 0.18963074 0.54067769]
[0.00446647 0.00380423 0.24935488 0.59812634 0.39705677]
[0.28968481 0.02322992 0.93994331 0.05238149 0.15522846]
[0.024573   0.35466035 0.19325388 0.1414934  0.55065735]
[0.34803473 0.06092651 0.2052988  0.74337575 0.02667967]
[0.04395763 0.66270628 0.22902413 0.66748197 0.00305232]
[ 2.98282313e-01  1.40730804e-01  1.48701139e-01 -1.65125970e-04
  6.31193019e-01]
[ 1.10490134e-03 -2.03605277e-04  2.51161137e-01  6.09795846e-01
  4.04035736e-01]
[0.26950917 0.40669589 0.07341014 0.42154367 0.49261078]
[0.68593042 0.03045662 0.26704325 0.01285591 0.54205511]
[0.09995039 0.42300464 0.24371391 0.17128529 0.51268359]
[ 5.69941165e-04 -5.85348764e-04  4.82124584e-04 -1.37417115e-03
  6.99907530e-01]
[-1.49312509e-04 -5.46227490e-04 -8.93240757e-06  2.19880475e-02
  6.94898273e-01]
[0.12547937 0.09057128 0.33017344 0.35777167 0.41630817]
[0.34648733 0.00802151 0.39432851 0.31565676 0.45484282]
[0.01750994 0.00192036 0.82239383 0.01688785 0.26443759]
[0.89404599 0.34990036 0.41498435 0.00432547 0.18925388]
[0.07961904 0.23843721 0.01728537 0.64249749 0.04520144]
[0.67940723 0.0195891  0.45413265 0.28974681 0.11874836]
[0.26447555 0.32757613 0.24079074 0.17813433 0.4691211 ]
[-1.70039960e-04 -6.11364119e-04 -3.99690478e-05  3.00681811e-02
  7.29335979e-01]
[0.03086414 0.4577994  0.18843315 0.76252533 0.00721888]
[0.04123654 0.24427058 0.00581665 0.66757025 0.04668693]
[0.01244209 0.01172429 0.74569156 0.01754404 0.43479096]
[-1.53643544e-04 -5.59679695e-04  1.76808812e-06  2.17618796e-02
  6.88383557e-01]
[0.276034   0.82689581 0.06432248 0.12566301 0.04998119]
[0.04489442 0.06415394 0.02057294 0.35908321 0.54714029]
[0.02053064 0.00235298 0.96290949 0.02066611 0.18973454]
[0.08095525 0.01028783 0.68513862 0.03277344 0.38239244]
[0.13570946 0.83797267 0.30444609 0.05508297 0.24817377]
[0.20598624 0.14944201 0.54223331 0.04745369 0.48962148]
[0.21863093 0.24882885 0.79828316 0.01832301 0.2731642 ]
[0.00511972 0.00432249 0.28206717 0.67152381 0.33644392]
[0.77588968 0.02100048 0.5349862  0.05718893 0.15614103]
[0.05311649 0.07097541 0.59805651 0.0434159  0.42634808]
[0.01025707 0.14910866 0.06921757 0.64227385 0.32931171]
[0.00851348 0.02622677 0.7155665  0.68671518 0.17403883]
[0.60463511 0.43761369 0.14740901 0.76874151 0.00441808]
[0.11389835 0.25156657 0.07633185 0.52798783 0.40117186]
[0.22141735 0.86611717 0.34926878 0.31750559 0.05767144]
[0.0454214  0.88934071 0.52765231 0.33426172 0.11503716]
[0.4566777  0.19101277 0.13215912 0.60782906 0.03323014]
[0.25708273 0.77945609 0.04430887 0.14553574 0.2015536 ]
[ 4.00534980e-01  3.80883943e-01  6.20539757e-01 -2.77817021e-04
  4.42693545e-01]
[0.10836454 0.70870498 0.17448043 0.50590852 0.16756461]
[0.06163049 0.02515117 0.47597439 0.57639948 0.00180302]
[0.05108091 0.0494864  0.36815749 0.29153798 0.47117548]
[0.81915597 0.32534728 0.02690212 0.34928397 0.14815062]
[ 1.05784246e-04 -2.11906108e-04  1.18912166e-03  3.68287987e-03
  7.49061806e-01]
[0.01624659 0.02146392 0.72179654 0.66134182 0.35998927]
[ 3.90481968e-05 -4.55040766e-04 -4.03236661e-05  9.03415008e-03
  7.31950167e-01]
[9.76535587e-04 6.47146923e-04 1.57342223e-03 7.57923540e-01
 3.75962818e-01]
[0.40251637 0.59982604 0.11526876 0.04068353 0.47957108]
[-1.63459310e-04 -5.87834639e-04  9.19753053e-01  3.95432143e-01
  5.23579291e-02]
[0.00647781 0.00558922 0.35449355 0.85006075 0.03938953]
[0.21952674 0.58615182 0.18858339 0.02181682 0.5306969 ]
[0.87899773 0.43540164 0.03939184 0.03621206 0.33885997]
[0.36553028 0.01436862 0.02097634 0.30396022 0.54671328]
[0.0043565  0.06808915 0.04966242 1.03197406 0.00562075]
[0.31567911 0.61082061 0.55472177 0.3098528  0.05836928]
[ 0.24690026  0.11475765  0.1977531  -0.00064858  0.58162782]
[0.05807926 0.07764254 0.65411608 0.01568599 0.36152596]
[0.24919246 0.07919818 0.07403737 0.60756196 0.40255933]
[0.48710703 0.21928161 0.21540908 0.70914015 0.00604909]
[0.02985173 0.04253507 0.01368737 0.36303113 0.54715409]
[0.70108183 0.03114271 0.16874247 0.01245458 0.54392313]
[0.02492309 0.98900503 0.36643628 0.13619658 0.11990307]
[0.00113989 0.72932215 0.25164345 0.12289878 0.45619395]
[0.51430332 0.52224448 0.26442743 0.12909466 0.1475866 ]
[0.00525611 0.6569875  0.22285616 0.11385008 0.48388385]
[0.00137841 0.00791603 0.31701691 0.76097467 0.06061308]
[ 1.09719851e-04 -4.02159064e-04  2.27014435e-04  9.85953022e-01
  1.77504689e-01]
[0.22083213 0.00857084 0.10642046 0.49622009 0.41210778]
[0.43553281 0.31508681 0.16264093 0.68994552 0.00188054]
[0.15189975 0.10310695 0.19802988 0.15188483 0.53742212]
[0.01405673 0.18838563 0.01145955 1.03813678 0.00379961]
[0.09638986 0.47454131 0.13618371 0.10469857 0.52592787]
[0.22164778 0.84064893 0.39322043 0.02603725 0.19024194]
[0.00143424 0.02565963 0.17137324 0.99770959 0.01655326]
[0.00658531 0.00581772 0.36321978 0.47203453 0.36639972]
[ 2.40126870e-04 -1.59472568e-04  1.70403288e-04  2.75449711e-02
  6.72316903e-01]
[0.28911044 0.97111847 0.53150664 0.02513791 0.01523559]
[0.19522934 0.0599118  0.10518971 0.63162308 0.34359213]
[0.52119127 0.04662551 0.56158501 0.0149853  0.23797092]
[0.00071459 0.02735024 0.31921054 0.19046232 0.54302389]
[2.77298122e-03 3.30272860e-04 5.79744452e-01 2.29475925e-01
 3.86482207e-01]
[0.02395749 0.02295986 0.36815273 0.33851037 0.50772256]
[0.11715364 0.23438211 0.06367065 0.86603734 0.00660877]
[0.10592675 0.01813877 0.34374893 0.6933501  0.28315682]
[ 3.38306879e-04 -3.07096832e-04 -2.69297640e-05  1.36188979e-02
  6.82404124e-01]
[ 4.78153023e-02  7.86308163e-01  3.43137989e-01  7.65380117e-01
 -2.87523438e-04]
[0.13724333 0.05150621 0.01081093 0.40215533 0.6138827 ]
[0.2028178  0.14118845 0.12236888 0.42737319 0.48800336]
[0.07415597 0.05324308 0.02032467 1.05235771 0.0045209 ]
[0.02065708 0.00925297 0.01591006 1.12143477 0.02940043]
[0.36424647 0.15130273 0.16072535 0.50661038 0.2976359 ]
[0.25094346 0.08838047 1.15401378 0.0039948  0.3312116 ]
[0.80000658 0.31723419 0.06344875 0.34120371 0.12546211]
[0.33636514 0.09037748 0.51934992 0.50284002 0.13979925]
[0.01860395 0.019903   0.73862873 0.68053704 0.17630966]
[ 3.02362711e-01  1.42663217e-01  1.46891448e-01 -1.48079745e-04
  6.42048307e-01]
[2.38472810e-02 6.00039899e-03 4.14288312e-04 8.77933745e-01
 2.85770506e-01]
[0.41589938 0.30222999 0.29205123 0.04361296 0.45167981]
[0.56922864 0.13251815 0.25078407 0.09882839 0.51599604]
[0.11393556 0.01463661 0.90914711 0.04891603 0.15565871]
[-4.66418434e-05 -1.70819169e-04  3.03141582e-04  6.31157289e-01
  6.69711868e-01]
[0.27040972 0.08380751 0.69013443 0.02845895 0.35585827]
[0.01015446 0.1915523  0.3551112  0.36224691 0.43843542]
[0.0186     0.00270552 0.0036686  0.77266922 0.27946972]
[0.05086443 0.86659022 0.35626544 0.11963738 0.12868901]
[0.21116343 0.06559155 0.00580624 0.5641671  0.43952172]
[0.01146285 0.03580901 0.02057565 0.93141943 0.04628048]
[0.1230476  0.13513902 0.00452217 0.51991765 0.56478548]
[0.20320822 0.5785548  0.16577174 0.60600552 0.00339841]
[0.05459776 0.12853749 0.32647656 0.31180246 0.5108698 ]
[0.41164707 0.41927078 0.13934275 0.43732604 0.14477535]
[0.00394471 0.01092226 0.16214708 0.58111993 0.46136842]
[ 1.85132246e-04  4.53446385e-04 -1.22810013e-05  1.62140751e-01
  6.59661770e-01]
[-1.67108837e-04 -6.11689919e-04  3.10522706e-03  1.35183673e-02
  7.55174477e-01]
[0.00745247 0.02627568 0.02527864 0.70076972 0.29087349]
[0.02344442 0.37845128 0.17297257 0.14393738 0.56003325]
[1.41221583e-04 1.45536108e-02 2.21145937e-01 5.87750947e-01
 3.88283912e-01]
[0.42358882 0.14584481 0.03793122 0.07430457 0.52492124]
[1.29509480e-04 7.20044638e-01 4.17539793e-01 4.79196255e-02
 3.88182721e-01]
[0.66963017 0.30130824 0.02027524 0.61977621 0.05507095]
[ 2.98911478e-04 -2.60592050e-04 -2.23222629e-05  8.94349193e-03
  7.26680518e-01]
[0.23398607 0.10614196 0.20765758 0.55981974 0.39122193]
[0.05228218 0.15653605 0.0113444  0.67409476 0.04597943]
[0.03603997 0.59251521 0.14322625 0.57287175 0.03785704]
[0.31504131 0.13092777 0.13903354 0.81262147 0.03803519]
[0.30487812 0.14385448 0.73599637 0.01250613 0.33859911]
[ 2.63792559e-04 -5.63286357e-04  3.04066730e-04  6.53801105e-01
  6.67925935e-01]
[0.28610475 0.12192801 0.12550373 0.40162245 0.43319775]
[0.14857425 0.62873472 0.22472675 0.108477   0.4059559 ]
[0.00462428 0.00293177 0.83199283 0.14582322 0.15640748]
[-1.52762488e-04 -5.91789907e-04  1.03016596e+00  1.16747279e-02
  1.73548653e-01]
[0.00559412 0.01287798 0.0025621  0.55520374 0.60470465]
[0.00557187 0.00354378 0.21266885 1.0161956  0.08634601]
[0.41569281 0.42339575 0.13851837 0.44116952 0.1444928 ]
[0.17103012 0.20528841 0.74351285 0.31499417 0.06460931]
[0.25979268 0.84582454 0.33848093 0.02978207 0.12774256]
[0.11658839 0.3176589  0.12511182 0.40036216 0.44090032]
[ 0.31471961  0.14792695  0.15671012 -0.0009565   0.63855594]
[0.01149912 0.00475673 0.23725805 0.57349085 0.38085736]
[0.01130154 0.04312662 0.35922673 0.69830794 0.29360862]
[0.49222727 0.34335942 0.28379933 0.39539489 0.38497703]
[0.0034134  0.00292675 0.01067467 0.72318408 0.15076842]
[0.29661176 0.36796232 0.13364602 0.14986165 0.4528371 ]
[0.29664478 0.74058678 0.47523247 0.30538859 0.07829216]
[0.38789781 0.01734838 0.45453786 0.36010749 0.3987811 ]
[0.01315331 0.01572663 0.03093893 0.37923538 0.54140689]
[0.01684325 0.04183427 0.37529548 0.29008537 0.53009064]
[0.53873917 0.62344183 0.49052988 0.11113821 0.11237328]
[0.58495026 0.08184787 0.60686517 0.12570009 0.00132369]
[8.88926590e-04 2.75821199e-03 1.31688558e-03 9.36541253e-01
 1.25753620e-01]
[0.02406587 0.06027617 0.57054794 0.51544471 0.13626926]
[0.18760899 0.27938216 0.83059645 0.07209686 0.19579587]
[0.03017074 0.42574741 0.43478052 0.18806462 0.38829076]
[0.10671429 0.12602043 0.41581918 0.15746716 0.55480625]
[ 9.48189023e-06 -4.35926769e-04  2.10235900e-01  4.91861993e-01
  5.20318287e-01]
[0.10397475 0.55033035 0.3046761  0.32122888 0.43945735]
[0.40907541 0.36118377 0.52747336 0.45828929 0.0512005 ]
[0.01165017 0.01041364 0.63033441 0.70843462 0.0013137 ]
[ 1.06776528e-03 -4.44781195e-04  7.96719431e-03  3.65871127e-02
  6.28654452e-01]
[0.00898306 0.05920965 0.47911191 0.39668897 0.47854087]
[-1.41890653e-04  4.90917072e-04  5.49017062e-04 -1.98014547e-03
  6.64885941e-01]
[0.21638435 0.03408554 0.10363812 0.48914481 0.40625136]
[0.14658227 0.44770904 0.57949336 0.12360879 0.1338771 ]
[0.0192347  0.0210802  0.77199714 0.63805624 0.18368591]
[0.34968734 0.16507543 0.85454692 0.00331755 0.39244226]
[0.15414937 0.10340827 0.400376   0.17732028 0.46700102]
[0.94565617 0.70134208 0.01849889 0.04320858 0.25234412]
[2.78026041e-04 7.11959649e-03 2.82152576e-01 5.24192054e-01
 3.63370460e-01]
[0.41424779 0.39811751 0.58479428 0.03343032 0.00535919]
[0.12491552 0.16643946 0.02382485 0.55875609 0.42965956]
[ 3.70611368e-03 -5.71324685e-05  1.70896817e-01  7.60675949e-01
  3.11680665e-01]
[0.04288458 0.00668115 0.61640542 0.09373001 0.39549752]
[0.42325757 0.48400222 0.55773177 0.01686128 0.25363215]
[0.36105633 0.14997286 0.16364857 0.5009723  0.28775165]
[0.24725002 0.96994847 0.15755972 0.01440428 0.15701812]
[3.88477393e-04 8.31008018e-03 3.48919037e-01 3.13649979e-01
 5.13996121e-01]
[0.43124628 0.03205157 0.0115     0.61982479 0.20239447]
[0.3446947  0.01351513 0.03196561 0.28741509 0.51714167]
[0.17591224 0.76874928 0.44728951 0.04386845 0.1408838 ]
[-1.51812116e-04 -5.90745269e-04  1.08481444e+00  1.24080934e-02
  4.89951698e-02]
[-1.51714481e-04 -5.99847876e-04  8.84997631e-01  4.21591484e-01
  1.66033280e-01]
[0.0136478  0.0071801  0.18841806 0.67619308 0.30943345]
[ 2.53393726e-01  1.67710441e-01  1.53209769e-01 -2.49934862e-04
  6.52399200e-01]
[0.01351378 0.00959647 0.00089542 0.71313799 0.0476455 ]
[0.35493369 0.21809785 0.1838387  0.75457129 0.0405195 ]
[0.0028661  0.00159265 0.00278033 0.14908907 0.64168481]
[0.19580957 0.14580078 0.57777341 0.10569146 0.30196287]
[3.16695879e-03 4.56367548e-04 9.37225153e-04 7.49025694e-01
 4.11316503e-01]
[0.01948723 0.01116143 0.0010644  0.60726184 0.44512607]
[0.01113653 0.01323627 0.78221829 0.00992786 0.54506968]
[0.01700931 0.01617187 0.262119   0.42915963 0.50786835]
[0.56776145 0.55189646 0.37532665 0.00131153 0.35016425]
[0.03627573 0.96848736 0.23143117 0.05674902 0.45876293]
[0.15320976 0.3920269  0.48255203 0.22579684 0.32204427]
[0.25072967 0.10394247 0.11063701 0.58836866 0.2996367 ]
[0.00143876 0.67459637 0.32324295 0.34706113 0.38595566]
[0.45926505 0.01253382 0.40889533 0.4860138  0.33691738]
[0.20389229 0.50848816 0.32485221 0.43198238 0.10246214]
[0.70111482 0.6755991  0.05700227 0.03302119 0.33257788]
[0.19663179 0.55982693 0.27540826 0.64877289 0.00363871]
[0.05434752 0.06657277 0.00397529 0.98184369 0.028298  ]
[0.03471966 0.03803088 0.77402066 0.41658989 0.21667011]
[0.04863441 0.0321854  0.00168655 0.58592328 0.45730996]
[0.09117422 0.59889787 0.38994118 0.05454257 0.17605098]
[6.50505376e-04 1.90203469e-04 1.24529022e-02 3.77533085e-05
 5.60875866e-01]
[0.35940103 0.49550747 0.60993938 0.03027857 0.2076261 ]
[0.13424816 0.80258263 0.01074316 0.36523568 0.05638578]
[0.09009396 0.06510779 0.57102485 0.04839572 0.48306731]
[0.32901566 0.47248368 0.15068716 0.45593123 0.31454391]
[0.01618141 0.0063044  0.00419453 0.57175643 0.52113965]
[0.01322238 0.17730181 0.02112693 1.01593185 0.00370698]
[0.0951923  0.31972339 0.87822962 0.02317062 0.01410782]
[0.46477045 0.19320817 0.0330643  0.5945291  0.01879458]
[ 1.88759377e-03 -3.35304530e-04  1.48462486e-03  8.07416913e-01
  1.60062180e-01]
[0.16364301 0.07419567 0.41896214 0.77256278 0.04231222]
[0.498178   0.34630834 0.11840129 0.23502411 0.45282236]
[0.70987492 0.52314218 0.06000726 0.13470305 0.05176689]
[ 1.17137970e-03 -6.93882538e-05  2.18389482e-02  8.08085582e-01
  1.38868639e-01]
[0.36173509 0.53901793 0.1035896  0.34581461 0.49878435]
[0.21597839 0.99549229 0.24742614 0.05231186 0.00234808]
[0.01032274 0.58127537 0.037889   0.4751002  0.45878437]
[0.06192445 0.04438045 0.01697091 0.87958745 0.00455955]
[0.04913169 0.21028682 0.3843597  0.00951199 0.50545058]
[0.39465066 0.26675386 0.52364733 0.40182825 0.09758025]
[ 1.51811170e-03 -7.13550277e-05  3.32556538e-01  7.82547196e-01
  5.05644542e-02]
[0.00186839 0.00812672 0.03913735 0.83116728 0.04412223]
[0.53869135 0.35105186 0.07272347 0.09844602 0.48350928]
[0.3143023  0.61697501 0.55396773 0.31069629 0.05852818]
[0.0308962  0.02232775 0.5848217  0.78434824 0.00673181]
[0.18204416 1.12392785 0.14167657 0.01048306 0.29696094]
[0.01706146 0.01889779 1.04345368 0.0118563  0.08657114]
[0.25094256 0.23837493 0.37593622 0.29843401 0.35618859]
[0.04953203 0.06488392 0.59956673 0.04347458 0.42641701]
[0.01297031 0.3362886  0.11440127 0.4948164  0.39465313]
[8.33306052e-04 5.20238218e-04 3.13210610e-03 5.94556893e-01
 4.09536449e-01]
[0.7081537  0.21690343 0.28198313 0.26274479 0.24753962]
[0.27219916 0.19673973 0.09717889 0.75996354 0.03474064]
[-1.60700985e-04 -5.82668930e-04  8.66809649e-04  1.60499087e-01
  6.34932776e-01]
[ 6.81308269e-04 -5.89560003e-04  8.13545868e-01  4.61184995e-02
  4.84153402e-01]
[0.58842005 0.40312682 0.20686011 0.34289884 0.00314782]
[0.03346889 0.00242399 0.77137152 0.03049589 0.27171258]
[0.20545409 0.24983113 0.43817306 0.5671223  0.00744387]
[ 3.49430453e-04 -2.22790057e-04 -5.21606047e-05  1.13755109e-02
  8.85892509e-01]
[0.22621248 0.07961606 1.01846601 0.01627216 0.2925718 ]
[0.05020331 0.14458982 0.86717282 0.12693151 0.13234304]
[0.00148603 0.0053537  0.0047199  0.44162007 0.46428246]
[0.01361032 0.24951158 0.71935799 0.11929456 0.12001315]
[0.11025845 0.35938161 0.52956052 0.36114226 0.05729864]
[-8.89458022e-06  2.13070980e-03  6.11692355e-03  4.72345411e-01
  5.54293172e-01]
[0.18161521 0.20722721 0.76900936 0.32586889 0.0546511 ]
[0.00991341 0.00879371 0.34058374 0.8246941  0.04611833]
[3.52513667e-04 1.15582486e-02 1.22906036e-02 7.21153325e-01
 3.96236506e-01]
[0.01882871 0.28981817 0.29714155 0.35502273 0.43843015]
[0.10534185 0.35707974 0.27018056 0.64201461 0.03922522]
[0.21816475 0.83438109 0.02322785 0.04510946 0.168509  ]
[0.03827374 0.01562085 0.06179867 0.79011235 0.04220619]
[0.06735961 0.8846375  0.30187636 0.1691696  0.18466055]
[0.03026023 0.03646823 0.07015779 0.86288235 0.03416694]
[0.60764247 0.10680699 0.3104165  0.03309406 0.44788892]
[0.50232631 0.35391764 0.11983381 0.22970281 0.45598153]
[0.08669396 0.60888563 0.8685269  0.04945798 0.09770714]
[0.51984669 0.04650368 0.56013656 0.01984913 0.23739641]
[0.66006575 0.09440807 0.69705904 0.01402364 0.18284186]
[0.00243619 0.00748435 0.005613   0.01811251 0.64070781]
[ 1.46658787e-04 -1.32885986e-04  3.05396992e-05 -1.65253057e-03
  7.27848825e-01]
[0.23760911 0.23083904 0.49106756 0.21512175 0.35464296]
[0.42612388 0.29725424 0.08607292 0.43230198 0.47925669]
[0.50093438 0.13439867 0.78214066 0.11367528 0.17246235]
[0.22386639 0.56356963 0.66174137 0.03388847 0.03738656]
[0.16154962 0.10968859 0.2423384  0.17672154 0.49690523]
[0.23514347 0.51976382 0.15756115 0.52334603 0.13586884]
[0.48011402 0.17699767 0.13853827 0.03127758 0.51975635]
[0.49232424 0.23262605 0.40779548 0.00165632 0.40837009]
[2.94550108e-05 1.35561279e-05 4.11606863e-04 8.68885657e-01
 4.02464429e-01]
[0.05100075 0.15074713 0.15918971 0.63628253 0.04475361]
[0.06432425 0.38196026 0.1030788  0.13234093 0.52542958]
[0.50803445 0.21124364 0.22209484 0.70972606 0.00223065]
[0.2940043  0.13266352 0.01843518 0.64196405 0.28764255]
[ 1.34886560e-03 -1.49234394e-04  1.26988810e-03  8.27307175e-01
  1.48940218e-01]
[0.00929615 0.33740096 0.12788126 0.18112568 0.51668179]
[0.08222524 0.01039905 0.65647773 0.04135122 0.49969131]
[0.57278281 0.58276565 0.29566282 0.16013229 0.00597396]
[0.63476357 0.29580726 0.29749239 0.23496192 0.19467911]
[4.21031072e-02 4.35082636e-04 8.62768585e-03 1.13174054e-01
 6.81125266e-01]
[0.6865821  0.0961706  0.71228342 0.16533741 0.06022954]
[ 1.82903576e-04  1.28645119e-03  7.92556449e-02 -4.31230065e-04
  7.34679032e-01]
[0.02643377 0.63176087 0.21941525 0.61144711 0.17458592]
[0.30667778 0.10843837 0.02419916 0.13098148 0.6131803 ]
[0.11175556 0.05041613 0.08304989 0.24802564 0.586385  ]
[0.94810928 0.3720554  0.43954028 0.06236931 0.13657327]
[0.01703176 0.09039007 0.1302318  0.62008063 0.41197722]
[0.63836574 0.24356304 0.67692175 0.12783135 0.21627233]
[0.00798214 0.0392726  0.02281849 0.28412601 0.60219549]
[0.60534916 0.40994685 0.13495659 0.26021669 0.2939375 ]
[0.48419154 0.33750344 0.29620517 0.59491802 0.04685909]
[0.08391501 0.02632803 0.58656954 0.26318726 0.49246975]
[0.01398431 0.01976924 0.04806421 0.40218294 0.6059865 ]
[0.31037327 0.30436561 0.69226429 0.26141633 0.19311885]
[0.10087319 0.76195267 0.74799144 0.25416785 0.05688004]
[0.00109621 0.02049481 0.20405037 0.03398311 0.63407048]
[0.00091246 0.01743293 0.17444134 0.07450614 0.58741465]
[0.2426182  0.11939987 0.5980263  0.19203167 0.51046912]
[0.00432062 0.01326828 0.37004213 0.80657391 0.15753895]
[0.02317459 0.32186914 0.2856655  0.67448143 0.13169538]
[0.2734113  0.88608463 0.06352491 0.43722434 0.06858334]
[0.00240184 0.00448784 0.08163796 0.48753122 0.52449423]
[0.11740861 0.01730624 0.05484382 0.22056752 0.61456769]
[0.00283297 0.05771793 0.50133202 0.06366148 0.61110908]
[0.34696836 0.23817563 0.67934157 0.44035182 0.20306874]
[0.45950268 0.17766881 0.61691231 0.28925857 0.18818207]
[0.04722504 0.29188988 0.00546427 0.75643323 0.25494685]
[0.27757968 0.02794128 0.7218361  0.39504023 0.27766898]
[0.27144552 0.26769447 0.31611507 0.42940212 0.46445749]
[0.16158039 0.15909532 0.48420755 0.58757305 0.16526431]
[0.08198489 1.15137105 0.21778814 0.14579494 0.07165001]
[0.2865706  0.25672048 0.02007058 0.38501283 0.55396728]
[0.13923136 0.09775591 0.07601751 0.33929836 0.56968569]
[0.87105461 0.70180159 0.03081216 0.08025301 0.18186028]
[0.02828053 0.03405594 0.06636353 0.81369661 0.10141478]
[0.50510627 0.48242837 0.71110354 0.04111468 0.14640887]
[0.43807881 0.18208123 0.19334276 0.61270461 0.03804008]
[0.47941926 0.65603627 0.2993426  0.47349637 0.06547839]
[0.15581729 0.52112216 0.28515964 0.83529456 0.02701829]
[7.60759643e-02 3.38823694e-05 2.01376007e-01 7.82874234e-01
 4.98856046e-02]
[0.25559437 0.08951316 0.13093093 0.14361262 0.5679867 ]
[0.52883374 0.46705663 0.68184487 0.16088779 0.05677891]
[0.35439771 0.35527319 0.81846148 0.36003221 0.03609131]
[0.26280514 0.01325034 0.26495383 0.32318476 0.52940605]
[0.00451016 0.00088627 0.32320889 0.12700238 0.64114242]
[0.00064519 0.04948434 0.5483876  0.45921153 0.49276192]
[0.32040162 0.03234343 0.83313316 0.01832047 0.28440363]
[0.0395393  0.04876719 0.01101812 0.0936895  0.63742122]
[0.35054487 0.09409429 0.4408932  0.61776693 0.32621948]
[0.27263241 0.92624849 0.520388   0.17989982 0.04895038]
[0.3617019  0.351647   0.42142964 0.32780428 0.17860517]
[0.07806456 0.02277765 0.11081766 0.70865753 0.33358567]
[0.7077675  0.07725807 0.47053523 0.30224284 0.13352121]
[0.11444211 0.05305583 0.72443013 0.37946278 0.418654  ]
[0.0494496  0.05629525 0.04101005 0.84957452 0.04524479]
[0.90077228 0.35253691 0.28253662 0.05918907 0.19236091]
[0.25946899 0.00682127 0.02032784 0.18485692 0.58757839]
[0.00434596 0.20507628 0.52730149 0.6021442  0.1719328 ]
[0.11373397 0.05253432 0.33092696 0.01117701 0.65817126]
[0.0557447  0.81179499 0.50786864 0.24139216 0.28352146]
[0.02829884 0.04821663 0.1245884  0.78238407 0.1656075 ]
[0.15574746 0.04252664 0.21971409 0.69389363 0.30841839]
[0.26107919 0.06975124 0.73055483 0.02757001 0.40254822]
[0.27243609 0.07418366 0.14815281 0.00117629 0.64783299]
[0.14314517 0.34287098 1.01174681 0.03974474 0.16772429]
[0.27209478 0.19576795 0.98642494 0.14616893 0.14685769]
[0.52726413 0.78583481 0.15387591 0.14055181 0.18168603]
[0.84556153 0.33089557 0.39248359 0.05804845 0.29669449]
[0.53278063 0.18712841 0.459178   0.12841119 0.43277835]
[0.01819077 0.54910143 0.48756951 0.59880108 0.16021159]
[0.33451726 0.21519642 0.21795187 0.6527829  0.28004987]
[0.02091023 0.05198066 0.49178596 0.15971347 0.5750361 ]
[0.04008987 0.65885264 0.48085344 0.8192544  0.00600781]
[0.16599794 0.72543057 0.42210188 0.1288592  0.21222892]
[0.54356943 0.37313229 0.05662613 0.33754021 0.51828527]
[0.45650412 0.66230251 0.33077241 0.26377712 0.05277042]
[0.23982598 0.81478713 0.45780115 0.35995799 0.04594798]
[0.35285635 0.14655453 0.45541501 0.74878389 0.04088868]
[0.11631203 0.79200879 0.19168533 0.44731692 0.4438379 ]
[0.04400355 0.05001494 0.83559512 0.2825742  0.20739905]
[0.01198277 0.08229376 0.62092278 0.40669669 0.41143074]
[0.0034475  0.00421992 0.05009283 0.14932969 0.64104278]
[0.05707835 0.06544624 0.00307876 0.77150809 0.19082826]
[0.0457631  0.07907202 0.00744425 0.59502008 0.63276218]
[0.73109653 0.74210344 0.25204011 0.11703859 0.17745489]
[0.26017337 0.8352579  0.05071527 0.15510898 0.21464502]
[0.64646447 0.30616352 0.07897101 0.62274913 0.05501748]
[0.2291777  0.27872559 0.49857935 0.64804165 0.06236697]
[0.11001117 0.56842068 0.4591744  0.51753531 0.37143562]
[0.72842531 0.02104619 0.49303666 0.36328924 0.15407092]
[0.40997799 0.60140878 0.11846206 0.33296066 0.50384889]
[0.25629335 0.25026264 0.32675031 0.15914346 0.53740634]
[0.56062951 0.56697809 0.28861511 0.1407149  0.16068979]
[0.03023679 0.14901576 0.04284721 0.75423326 0.06648572]
[0.24146251 0.02353187 0.7858708  0.16608404 0.13213315]
[0.23786353 0.60166911 0.58668718 0.03770541 0.40524647]
[0.73921497 0.34837288 0.01913049 0.40659003 0.15861095]
[0.45928548 0.1865186  0.01299842 0.70048244 0.22667834]
[0.01809741 0.21933377 0.07481591 0.6334831  0.45255021]
[0.14984977 0.50116251 0.27424837 0.80325695 0.03291054]
[0.02348837 0.11846286 0.07195044 0.73337446 0.05399532]
[0.27379418 0.00723138 0.00165372 0.19446892 0.66054786]
[0.03410564 0.07800247 0.00703805 0.76196908 0.21698571]
[0.04358936 0.00193812 0.11793638 0.45675166 0.55619647]
[0.41660278 0.50030091 0.16904019 0.5122161  0.35281912]
[5.58385570e-04 2.95370751e-03 3.95491068e-02 2.71162801e-01
 6.29967858e-01]
[0.04084745 0.03209038 0.3674672  0.05150611 0.56745281]
[0.0046284  0.21318631 0.54364559 0.64609813 0.00294183]
[0.01173328 0.17030441 0.06618809 0.70650351 0.36217479]
[0.15097601 1.02788457 0.24875142 0.061156   0.48522898]
[0.45818205 0.71319435 0.38345508 0.00256361 0.43421402]
[0.00593771 0.29663025 0.19190443 0.01248918 0.57599642]
[0.22970996 0.6684674  0.70306877 0.21686961 0.05294249]
[0.32868987 0.33271916 0.68261469 0.26326685 0.19447762]
[0.0129215  0.00904527 0.17808499 0.06955026 0.58820387]
[0.06298691 0.18285396 0.41346513 0.76239946 0.04938572]
[0.42487081 0.14588153 0.03803711 0.07451771 0.52537071]
[ 8.39235770e-03 -1.45630587e-04  3.52353626e-01  8.46022731e-01
  1.27900562e-01]
[-1.54983958e-04 -5.94305008e-04  9.00532669e-01  4.52212292e-01
  1.70637747e-01]
[0.49089226 0.35519874 0.17525055 0.64041743 0.00361476]
[0.26896307 0.00819666 0.68875672 0.13277701 0.56250776]
[0.50130568 0.0164837  0.59292794 0.13645762 0.4315991 ]
[0.62832373 0.46237086 0.27069088 0.12661431 0.25118909]
[0.70276333 0.33228674 0.33005745 0.26091269 0.2160304 ]
[0.00846179 0.32855922 0.29075168 0.67032552 0.13173726]
[0.00793231 0.04244648 0.0187232  0.08587302 0.65466241]
[0.05201106 0.36552767 0.97610299 0.05036431 0.1597772 ]
[0.04809577 0.03448239 0.62977216 0.41313319 0.40972403]
[0.16582384 0.70171866 0.42395711 0.22746096 0.40066255]
[0.300509   0.96314822 0.06128255 0.47564129 0.07461561]
[0.01076852 0.01193699 0.07939332 0.91625521 0.04880708]
[0.04459394 0.27217048 0.78568909 0.1645948  0.3274821 ]
[0.37026156 0.35206182 0.56950064 0.32468086 0.34896882]
[0.28830965 0.02311681 0.93996254 0.0523631  0.1661606 ]
[0.02118902 0.00188086 0.90292929 0.3909696  0.25089899]
[0.04391543 0.01156043 0.04515613 0.95463677 0.06295072]
[0.0386444  0.23097586 0.50254374 0.60417471 0.17005001]
[0.01124125 0.35012617 0.13598446 0.18889195 0.53859329]
[0.01202609 0.43557378 0.38678241 0.49134765 0.39907227]
[0.77297715 0.30322971 0.37163986 0.54097226 0.05905303]
[0.02837647 0.43452579 0.43497254 0.18962517 0.3914797 ]
[0.50118088 0.19873569 0.14098966 0.03457897 0.59226114]
[0.40822947 0.78729972 0.21522123 0.42254714 0.00734407]
[0.01500665 0.01058335 0.19737411 0.03240342 0.61311462]
[0.27421765 0.19628992 0.02431693 0.15426008 0.61135018]
[0.12021456 0.85105889 0.48454618 0.07459534 0.2412889 ]
[0.18693796 0.20731559 0.28191023 0.32882188 0.5157864 ]
[0.22557866 0.22005797 0.33943023 0.26317342 0.50794527]
[0.01571673 0.01688967 0.00866092 0.79068917 0.11639287]
[0.06249229 0.08910062 0.672909   0.25956874 0.56245502]
[0.30478802 0.22372144 0.79434972 0.15954319 0.18269017]
[0.18131605 0.40872361 0.02517333 0.51768476 0.51271133]
[0.12241483 0.29588796 0.18186462 0.36775023 0.52924916]
[0.01094562 0.01201736 0.07421856 0.59023015 0.48688016]
[0.05239368 0.29606399 0.22043297 0.59368849 0.41017555]
[0.22059659 0.02495558 0.23828565 0.68857989 0.31045469]
[0.0540435  0.03582034 0.00187954 0.6167775  0.48154942]
[0.44373484 0.00690116 0.52959941 0.55270829 0.38351986]
[1.01555214 0.10814617 0.25357955 0.12183299 0.15124119]
[0.12809564 0.43517811 0.24337156 0.7573871  0.04385355]
[0.48337707 0.74413082 0.409828   0.00253395 0.46541507]
[0.03499302 0.05029994 0.01590719 0.27703616 0.58507653]
[0.52594084 0.01732352 0.48573933 0.12441091 0.52760455]
[0.3756862  0.14271564 0.17098001 0.52110458 0.31869165]
[0.02421414 0.00589167 0.92763142 0.01890967 0.29775775]
