[0.04722504 0.29188988 0.00546427 0.75643323 0.25494685]
[0.44115798 0.18336484 0.19465858 0.6170017  0.03373598]
[0.01500665 0.01058335 0.19737411 0.03240342 0.61311462]
[0.10867018 0.07252984 0.28577782 0.54873165 0.49133834]
[0.01589933 0.24433791 0.24747753 0.18963074 0.54067769]
[0.00446647 0.00380423 0.24935488 0.59812634 0.39705677]
[0.15349076 0.02280484 0.07169088 0.28891428 0.60023955]
[0.28968481 0.02322992 0.93994331 0.05238149 0.15522846]
[0.11175556 0.05041613 0.08304989 0.24802564 0.586385  ]
[0.00832887 0.00512682 0.00184855 0.41337548 0.65613406]
[0.024573   0.35466035 0.19325388 0.1414934  0.55065735]
[0.300509   0.96314822 0.06128255 0.47564129 0.07461561]
[0.55524401 0.85481772 0.47038029 0.00354546 0.43944603]
[0.34803473 0.06092651 0.2052988  0.74337575 0.02667967]
[0.04395763 0.66270628 0.22902413 0.66748197 0.00305232]
[ 2.98282313e-01  1.40730804e-01  1.48701139e-01 -1.65125970e-04
  6.31193019e-01]
[0.00109621 0.02049481 0.20405037 0.03398311 0.63407048]
[ 1.10490134e-03 -2.03605277e-04  2.51161137e-01  6.09795846e-01
  4.04035736e-01]
[0.26950917 0.40669589 0.07341014 0.42154367 0.49261078]
[3.02265301e-04 7.53749308e-03 2.97406463e-01 5.50767166e-01
 3.84066835e-01]
[0.68593042 0.03045662 0.26704325 0.01285591 0.54205511]
[0.09995039 0.42300464 0.24371391 0.17128529 0.51268359]
[ 5.69941165e-04 -5.85348764e-04  4.82124584e-04 -1.37417115e-03
  6.99907530e-01]
[0.02091023 0.05198066 0.49178596 0.15971347 0.5750361 ]
[-1.49312509e-04 -5.46227490e-04 -8.93240757e-06  2.19880475e-02
  6.94898273e-01]
[0.12547937 0.09057128 0.33017344 0.35777167 0.41630817]
[0.27421765 0.19628992 0.02431693 0.15426008 0.61135018]
[0.96669693 0.71978194 0.03334536 0.16647235 0.19807163]
[0.02829884 0.04821663 0.1245884  0.78238407 0.1656075 ]
[0.34648733 0.00802151 0.39432851 0.31565676 0.45484282]
[0.00674454 0.04064612 0.10012804 0.47670181 0.57257961]
[0.22557866 0.22005797 0.33943023 0.26317342 0.50794527]
[0.00298087 0.00167597 0.00281342 0.15315734 0.65531362]
[0.01750994 0.00192036 0.82239383 0.01688785 0.26443759]
[0.89404599 0.34990036 0.41498435 0.00432547 0.18925388]
[0.07961904 0.23843721 0.01728537 0.64249749 0.04520144]
[0.67940723 0.0195891  0.45413265 0.28974681 0.11874836]
[0.88257288 0.34540316 0.02815015 0.05510091 0.20422046]
[0.03202371 0.03861704 0.07422666 0.91301159 0.06073412]
[0.26447555 0.32757613 0.24079074 0.17813433 0.4691211 ]
[0.18308197 0.12437463 0.2434798  0.18570973 0.52189486]
[0.94810928 0.3720554  0.43954028 0.06236931 0.13657327]
[-1.70039960e-04 -6.11364119e-04 -3.99690478e-05  3.00681811e-02
  7.29335979e-01]
[0.03086414 0.4577994  0.18843315 0.76252533 0.00721888]
[0.51923187 0.21591151 0.22698953 0.72541104 0.00228879]
[ 0.00103329  0.00275449  0.01708449 -0.00169125  0.83969425]
[0.31037327 0.30436561 0.69226429 0.26141633 0.19311885]
[0.04123654 0.24427058 0.00581665 0.66757025 0.04668693]
[0.01569799 0.01014743 0.00348331 0.77433334 0.32104531]
[0.90077228 0.35253691 0.28253662 0.05918907 0.19236091]
[0.3617019  0.351647   0.42142964 0.32780428 0.17860517]
[0.01244209 0.01172429 0.74569156 0.01754404 0.43479096]
[0.52963447 0.14141839 0.82671769 0.12027615 0.18231415]
[0.0503651  0.1006889  0.02741054 0.89112225 0.00660736]
[0.4171061  0.58837483 0.12122779 0.5661016  0.17933397]
[-1.54983958e-04 -5.94305008e-04  9.00532669e-01  4.52212292e-01
  1.70637747e-01]
[-1.53643544e-04 -5.59679695e-04  1.76808812e-06  2.17618796e-02
  6.88383557e-01]
[5.15417669e-05 8.26583715e-05 4.83201745e-04 9.81200688e-01
 4.54412447e-01]
[0.34696836 0.23817563 0.67934157 0.44035182 0.20306874]
[0.00793231 0.04244648 0.0187232  0.08587302 0.65466241]
[0.276034   0.82689581 0.06432248 0.12566301 0.04998119]
[0.04489442 0.06415394 0.02057294 0.35908321 0.54714029]
[0.02053064 0.00235298 0.96290949 0.02066611 0.18973454]
[0.08095525 0.01028783 0.68513862 0.03277344 0.38239244]
[0.13570946 0.83797267 0.30444609 0.05508297 0.24817377]
[0.16238543 0.57763149 0.54632268 0.28910554 0.37163018]
[0.20598624 0.14944201 0.54223331 0.04745369 0.48962148]
[0.21863093 0.24882885 0.79828316 0.01832301 0.2731642 ]
[0.01054476 0.59358721 0.03503735 0.48492109 0.46773854]
[0.18266213 0.55793089 0.72197809 0.15452732 0.16689169]
[0.12241483 0.29588796 0.18186462 0.36775023 0.52924916]
[0.00511972 0.00432249 0.28206717 0.67152381 0.33644392]
[0.77588968 0.02100048 0.5349862  0.05718893 0.15614103]
[0.00913216 0.00971913 0.39131789 0.35931001 0.56406834]
[0.0557447  0.81179499 0.50786864 0.24139216 0.28352146]
[0.20940467 0.66839909 0.48508856 0.16165164 0.22359214]
[0.05311649 0.07097541 0.59805651 0.0434159  0.42634808]
[0.11740861 0.01730624 0.05484382 0.22056752 0.61456769]
[0.03004876 0.05146562 0.00263735 0.67018299 0.59964825]
[0.25629335 0.25026264 0.32675031 0.15914346 0.53740634]
[0.16599794 0.72543057 0.42210188 0.1288592  0.21222892]
[1.02674723e-03 1.05218725e-04 1.47028032e-02 4.32361072e-04
 6.62091476e-01]
[0.01025707 0.14910866 0.06921757 0.64227385 0.32931171]
[0.23982598 0.81478713 0.45780115 0.35995799 0.04594798]
[0.00851348 0.02622677 0.7155665  0.68671518 0.17403883]
[0.16017976 0.14334363 0.05915163 0.66534826 0.43182032]
[0.00389974 0.33420875 0.30833856 0.06206703 0.60401467]
[0.60463511 0.43761369 0.14740901 0.76874151 0.00441808]
[0.04568553 0.05816849 0.0501459  0.88651483 0.13197166]
[0.45950268 0.17766881 0.61691231 0.28925857 0.18818207]
[0.11389835 0.25156657 0.07633185 0.52798783 0.40117186]
[0.01809741 0.21933377 0.07481591 0.6334831  0.45255021]
[0.03499288 0.05009781 0.13731047 0.89565489 0.05894169]
[0.01124125 0.35012617 0.13598446 0.18889195 0.53859329]
[0.22141735 0.86611717 0.34926878 0.31750559 0.05767144]
[0.0454214  0.88934071 0.52765231 0.33426172 0.11503716]
[0.02127469 0.01523734 0.00130329 0.87275948 0.15907974]
[0.4566777  0.19101277 0.13215912 0.60782906 0.03323014]
[0.25708273 0.77945609 0.04430887 0.14553574 0.2015536 ]
[0.6109566  0.34568165 0.18737992 0.42559832 0.35587454]
[ 4.00534980e-01  3.80883943e-01  6.20539757e-01 -2.77817021e-04
  4.42693545e-01]
[0.2734113  0.88608463 0.06352491 0.43722434 0.06858334]
[0.10836454 0.70870498 0.17448043 0.50590852 0.16756461]
[0.30332157 0.21144818 0.06126215 0.54791854 0.47956258]
[0.06163049 0.02515117 0.47597439 0.57639948 0.00180302]
[0.05108091 0.0494864  0.36815749 0.29153798 0.47117548]
[0.81915597 0.32534728 0.02690212 0.34928397 0.14815062]
[0.00844242 0.05077649 0.12472673 0.43833404 0.54873545]
[ 1.05784246e-04 -2.11906108e-04  1.18912166e-03  3.68287987e-03
  7.49061806e-01]
[ 0.33458296  0.51496344  0.07232211 -0.00159835  0.80781107]
[0.01712479 0.04253667 0.3815068  0.29492131 0.53886936]
[0.01076852 0.01193699 0.07939332 0.91625521 0.04880708]
[0.6984005  0.52264451 0.54787511 0.02268592 0.22751509]
[ 1.86184824e-03 -1.24779176e-04  1.48836183e-03  8.09382100e-01
  1.60451713e-01]
[0.03131401 0.03773507 0.07257164 0.91035357 0.06467876]
[0.01624659 0.02146392 0.72179654 0.66134182 0.35998927]
[0.48744254 0.95403151 0.26382991 0.51113082 0.008061  ]
[0.26280514 0.01325034 0.26495383 0.32318476 0.52940605]
[ 3.90481968e-05 -4.55040766e-04 -4.03236661e-05  9.03415008e-03
  7.31950167e-01]
[ 0.005351    0.01425177  0.00471796 -0.00137975  0.70532182]
[0.02273495 0.0272986  0.05283356 0.64932144 0.44745349]
[0.00240184 0.00448784 0.08163796 0.48753122 0.52449423]
[0.01774403 0.00696533 0.00460061 0.62660065 0.47489356]
[9.76535587e-04 6.47146923e-04 1.57342223e-03 7.57923540e-01
 3.75962818e-01]
[0.40251637 0.59982604 0.11526876 0.04068353 0.47957108]
[-1.63459310e-04 -5.87834639e-04  9.19753053e-01  3.95432143e-01
  5.23579291e-02]
[0.32728356 0.11518957 0.02574245 0.13712104 0.62571775]
[ 6.65551423e-04 -5.81935690e-04  4.61868357e-04 -1.32070156e-03
  7.47997027e-01]
[0.00647781 0.00558922 0.35449355 0.85006075 0.03938953]
[0.73109653 0.74210344 0.25204011 0.11703859 0.17745489]
[0.21952674 0.58615182 0.18858339 0.02181682 0.5306969 ]
[0.0540435  0.03582034 0.00187954 0.6167775  0.48154942]
[0.87899773 0.43540164 0.03939184 0.03621206 0.33885997]
[0.36553028 0.01436862 0.02097634 0.30396022 0.54671328]
[0.05255164 0.06370762 0.00703846 0.76201266 0.21699811]
[0.02828053 0.03405594 0.06636353 0.81369661 0.10141478]
[0.0043565  0.06808915 0.04966242 1.03197406 0.00562075]
[0.6865821  0.0961706  0.71228342 0.16533741 0.06022954]
[0.31567911 0.61082061 0.55472177 0.3098528  0.05836928]
[ 0.24690026  0.11475765  0.1977531  -0.00064858  0.58162782]
[0.05807926 0.07764254 0.65411608 0.01568599 0.36152596]
[0.24919246 0.07919818 0.07403737 0.60756196 0.40255933]
[0.50510627 0.48242837 0.71110354 0.04111468 0.14640887]
[0.48710703 0.21928161 0.21540908 0.70914015 0.00604909]
[0.02985173 0.04253507 0.01368737 0.36303113 0.54715409]
[0.70108183 0.03114271 0.16874247 0.01245458 0.54392313]
[0.19210309 0.83949224 0.48842294 0.05151189 0.17468896]
[0.0034475  0.00421992 0.05009283 0.14932969 0.64104278]
[0.02492309 0.98900503 0.36643628 0.13619658 0.11990307]
[0.00113989 0.72932215 0.25164345 0.12289878 0.45619395]
[0.25559437 0.08951316 0.13093093 0.14361262 0.5679867 ]
[0.40084222 0.55268601 0.68015711 0.03401348 0.23158564]
[0.51430332 0.52224448 0.26442743 0.12909466 0.1475866 ]
[0.01482143 0.01006573 0.00333205 0.74141972 0.50148248]
[0.00525611 0.6569875  0.22285616 0.11385008 0.48388385]
[0.00137841 0.00791603 0.31701691 0.76097467 0.06061308]
[ 1.09719851e-04 -4.02159064e-04  2.27014435e-04  9.85953022e-01
  1.77504689e-01]
[0.01741667 0.00682687 0.00451554 0.61511116 0.47764039]
[0.00998541 0.25976223 0.00899808 0.35625206 0.64352313]
[0.22083213 0.00857084 0.10642046 0.49622009 0.41210778]
[0.43553281 0.31508681 0.16264093 0.68994552 0.00188054]
[0.01152257 0.03685911 0.00233002 0.9017323  0.06899039]
[0.15189975 0.10310695 0.19802988 0.15188483 0.53742212]
[1.07335428e-02 3.04757148e-03 1.10050856e-02 5.08239827e-04
 6.81554131e-01]
[0.01405673 0.18838563 0.01145955 1.03813678 0.00379961]
[0.09638986 0.47454131 0.13618371 0.10469857 0.52592787]
[0.25946899 0.00682127 0.02032784 0.18485692 0.58757839]
[0.13923136 0.09775591 0.07601751 0.33929836 0.56968569]
[0.24146251 0.02353187 0.7858708  0.16608404 0.13213315]
[0.10972891 0.14416234 0.47622026 0.26378903 0.52160477]
[0.22164778 0.84064893 0.39322043 0.02603725 0.19024194]
[0.00143424 0.02565963 0.17137324 0.99770959 0.01655326]
[0.41692372 0.57046818 0.2498469  0.10753259 0.4685036 ]
[0.00861264 0.04235714 0.02684616 0.31554461 0.65380999]
[0.00658531 0.00581772 0.36321978 0.47203453 0.36639972]
[0.28513406 0.134504   0.14279094 0.00462642 0.57074118]
[ 2.40126870e-04 -1.59472568e-04  1.70403288e-04  2.75449711e-02
  6.72316903e-01]
[0.00195565 0.18642097 0.01043556 0.36761437 0.64697693]
[0.34035484 0.02166989 0.02551178 0.16075906 0.64040043]
[8.91286374e-04 2.76571895e-03 1.33740446e-03 9.40800935e-01
 1.69327665e-01]
[0.28911044 0.97111847 0.53150664 0.02513791 0.01523559]
[0.19522934 0.0599118  0.10518971 0.63162308 0.34359213]
[0.01378517 0.00968235 0.18148475 0.07094106 0.59388012]
[0.52119127 0.04662551 0.56158501 0.0149853  0.23797092]
[0.06178627 0.26441905 0.48302901 0.01266856 0.63526198]
[0.00071459 0.02735024 0.31921054 0.19046232 0.54302389]
[2.77298122e-03 3.30272860e-04 5.79744452e-01 2.29475925e-01
 3.86482207e-01]
[0.02395749 0.02295986 0.36815273 0.33851037 0.50772256]
[0.11715364 0.23438211 0.06367065 0.86603734 0.00660877]
[0.00617344 0.00399092 0.01832524 0.6050947  0.49519765]
[0.10592675 0.01813877 0.34374893 0.6933501  0.28315682]
[0.04358936 0.00193812 0.11793638 0.45675166 0.55619647]
[ 3.38306879e-04 -3.07096832e-04 -2.69297640e-05  1.36188979e-02
  6.82404124e-01]
[ 4.78153023e-02  7.86308163e-01  3.43137989e-01  7.65380117e-01
 -2.87523438e-04]
[0.27757968 0.02794128 0.7218361  0.39504023 0.27766898]
[0.13724333 0.05150621 0.01081093 0.40215533 0.6138827 ]
[0.52883374 0.46705663 0.68184487 0.16088779 0.05677891]
[0.2028178  0.14118845 0.12236888 0.42737319 0.48800336]
[0.07415597 0.05324308 0.02032467 1.05235771 0.0045209 ]
[0.02065708 0.00925297 0.01591006 1.12143477 0.02940043]
[0.11196225 0.13223798 0.43771088 0.16597929 0.58389185]
[0.36424647 0.15130273 0.16072535 0.50661038 0.2976359 ]
[0.25094346 0.08838047 1.15401378 0.0039948  0.3312116 ]
[0.80000658 0.31723419 0.06344875 0.34120371 0.12546211]
[0.33636514 0.09037748 0.51934992 0.50284002 0.13979925]
[0.01860395 0.019903   0.73862873 0.68053704 0.17630966]
[1.70446254e-04 1.16810684e-02 1.24066540e-02 7.27952569e-01
 3.99965065e-01]
[ 3.02362711e-01  1.42663217e-01  1.46891448e-01 -1.48079745e-04
  6.42048307e-01]
[0.22271726 0.56334556 0.54935238 0.10333758 0.38261349]
[2.38472810e-02 6.00039899e-03 4.14288312e-04 8.77933745e-01
 2.85770506e-01]
[0.01427968 0.00754877 0.19709641 0.70742782 0.3266862 ]
[0.04069858 0.0487267  0.06286452 0.8866635  0.05897381]
[0.41589938 0.30222999 0.29205123 0.04361296 0.45167981]
[0.56922864 0.13251815 0.25078407 0.09882839 0.51599604]
[0.11393556 0.01463661 0.90914711 0.04891603 0.15565871]
[-4.66418434e-05 -1.70819169e-04  3.03141582e-04  6.31157289e-01
  6.69711868e-01]
[0.00091249 0.01743342 0.17444601 0.07450819 0.58743039]
[0.27040972 0.08380751 0.69013443 0.02845895 0.35585827]
[0.01015446 0.1915523  0.3551112  0.36224691 0.43843542]
[0.00064519 0.04948434 0.5483876  0.45921153 0.49276192]
[0.0186     0.00270552 0.0036686  0.77266922 0.27946972]
[0.05086443 0.86659022 0.35626544 0.11963738 0.12868901]
[ 1.29492080e-03 -1.45711076e-04  2.33313083e-02  8.63314228e-01
  1.54516638e-01]
[0.21116343 0.06559155 0.00580624 0.5641671  0.43952172]
[0.21390823 0.04529211 0.05560869 0.55285458 0.52573052]
[0.01146285 0.03580901 0.02057565 0.93141943 0.04628048]
[0.18241419 0.17025157 0.22813159 0.18807989 0.53622793]
[0.06292098 0.14117224 0.0687899  0.31723858 0.57049063]
[0.1230476  0.13513902 0.00452217 0.51991765 0.56478548]
[0.16925103 0.24542969 0.89045343 0.04952137 0.15172762]
[0.20320822 0.5785548  0.16577174 0.60600552 0.00339841]
[0.05459776 0.12853749 0.32647656 0.31180246 0.5108698 ]
[0.02255258 0.05608729 0.50132096 0.06369977 0.5683169 ]
[0.01159877 0.01245841 0.37738595 0.34656163 0.56740654]
[0.41164707 0.41927078 0.13934275 0.43732604 0.14477535]
[0.00394471 0.01092226 0.16214708 0.58111993 0.46136842]
[ 1.85132246e-04  4.53446385e-04 -1.22810013e-05  1.62140751e-01
  6.59661770e-01]
[0.12021456 0.85105889 0.48454618 0.07459534 0.2412889 ]
[-1.67108837e-04 -6.11689919e-04  3.10522706e-03  1.35183673e-02
  7.55174477e-01]
[0.00745247 0.02627568 0.02527864 0.70076972 0.29087349]
[0.02344442 0.37845128 0.17297257 0.14393738 0.56003325]
[0.18652567 0.21223464 0.78864722 0.33424478 0.06855583]
[1.41221583e-04 1.45536108e-02 2.21145937e-01 5.87750947e-01
 3.88283912e-01]
[0.42358882 0.14584481 0.03793122 0.07430457 0.52492124]
[1.29509480e-04 7.20044638e-01 4.17539793e-01 4.79196255e-02
 3.88182721e-01]
[0.66963017 0.30130824 0.02027524 0.61977621 0.05507095]
[0.43629809 0.86935225 0.24371527 0.46421797 0.00810467]
[ 2.98911478e-04 -2.60592050e-04 -2.23222629e-05  8.94349193e-03
  7.26680518e-01]
[0.35439771 0.35527319 0.81846148 0.36003221 0.03609131]
[2.40556234e-04 7.07058185e-03 1.41438127e-02 6.75449555e-01
 5.52468293e-01]
[0.23398607 0.10614196 0.20765758 0.55981974 0.39122193]
[0.22970996 0.6684674  0.70306877 0.21686961 0.05294249]
[0.05228218 0.15653605 0.0113444  0.67409476 0.04597943]
[0.03603997 0.59251521 0.14322625 0.57287175 0.03785704]
[0.31504131 0.13092777 0.13903354 0.81262147 0.03803519]
[0.01703176 0.09039007 0.1302318  0.62008063 0.41197722]
[0.30487812 0.14385448 0.73599637 0.01250613 0.33859911]
[0.14820659 0.18495465 0.0564136  0.87968697 0.04439605]
[0.06284419 0.00951277 0.01793946 0.31296562 0.57706464]
[0.71789661 0.28158345 0.33281459 0.4988122  0.06020161]
[0.01398431 0.01976924 0.04806421 0.40218294 0.6059865 ]
[ 2.63792559e-04 -5.63286357e-04  3.04066730e-04  6.53801105e-01
  6.67925935e-01]
[0.28610475 0.12192801 0.12550373 0.40162245 0.43319775]
[0.14857425 0.62873472 0.22472675 0.108477   0.4059559 ]
[0.49480594 0.48119793 0.17676777 0.40628631 0.33978911]
[0.9124747  0.07445676 0.46609822 0.0516426  0.16395907]
[0.00462428 0.00293177 0.83199283 0.14582322 0.15640748]
[0.50427342 0.35185992 0.11997344 0.22997284 0.45651307]
[-1.52762488e-04 -5.91789907e-04  1.03016596e+00  1.16747279e-02
  1.73548653e-01]
[0.00559412 0.01287798 0.0025621  0.55520374 0.60470465]
[0.00557187 0.00354378 0.21266885 1.0161956  0.08634601]
[0.00083434 0.00441976 0.04307377 0.15666868 0.62075079]
[0.27243609 0.07418366 0.14815281 0.00117629 0.64783299]
[0.02837647 0.43452579 0.43497254 0.18962517 0.3914797 ]
[0.11278954 0.01012267 0.12165075 0.79522005 0.33243681]
[0.40997799 0.60140878 0.11846206 0.33296066 0.50384889]
[0.11082574 0.3020271  0.02162029 0.68376895 0.33464717]
[0.70276333 0.33228674 0.33005745 0.26091269 0.2160304 ]
[0.08391501 0.02632803 0.58656954 0.26318726 0.49246975]
[0.22059659 0.02495558 0.23828565 0.68857989 0.31045469]
[0.0195987  0.10444224 0.04576002 0.00394728 0.6803493 ]
[0.0244815  0.05392072 0.39039107 0.54360347 0.52495033]
[0.17579958 0.07249176 0.09644321 0.88428086 0.07494118]
[0.84556153 0.33089557 0.39248359 0.05804845 0.29669449]
[0.26247621 0.19041809 0.95389453 0.13917076 0.15955353]
[0.72925981 0.41271783 0.22366392 0.40961452 0.4027702 ]
[0.01274816 0.00887821 0.16545335 0.90321757 0.35620715]
[0.17674491 0.23352162 0.8013242  0.43523071 0.19879201]
[0.15581729 0.52112216 0.28515964 0.83529456 0.02701829]
[0.11444211 0.05305583 0.72443013 0.37946278 0.418654  ]
[0.06943211 0.22531501 0.06808351 1.15436836 0.02398445]
[0.44414616 0.00846857 0.53011749 0.55325102 0.38389539]
[0.35285635 0.14655453 0.45541501 0.74878389 0.04088868]
[0.28163716 1.09552011 0.08767345 0.36494945 0.26188201]
[0.08880119 0.03426303 0.04124049 0.95450358 0.07314345]
[0.06249229 0.08910062 0.672909   0.25956874 0.56245502]
[0.04588653 0.17337665 0.19775865 1.08387834 0.03927863]
[0.32040162 0.03234343 0.83313316 0.01832047 0.28440363]
[0.03601601 0.04438599 0.0276605  0.09362181 0.68838171]
[0.14397758 0.31806444 0.09647454 0.66778204 0.13695774]
[0.4798686  0.12901647 0.6222287  0.10687577 0.40590021]
[0.21940065 0.66519281 0.66926284 0.18980535 0.23687584]
[0.18171553 0.13981015 0.59725067 0.69765133 0.05201506]
[0.33076498 0.05787443 0.16898724 0.68247759 0.27872396]
[0.01383022 0.09843655 0.05597168 0.94324267 0.26233671]
[0.39202856 0.24094469 0.20668309 0.83656342 0.04495405]
[0.14251434 0.33474764 0.20679017 0.33069341 0.54163402]
[0.06298691 0.18285396 0.41346513 0.76239946 0.04938572]
[0.36513397 0.08578838 0.00606264 1.03157658 0.14598596]
[0.45928548 0.1865186  0.01299842 0.70048244 0.22667834]
[0.27065209 0.16155647 0.37155161 0.89056242 0.04734845]
[0.12256271 0.00303654 0.0817065  0.8330314  0.11699108]
[0.49862321 0.34223814 0.05194081 0.30946095 0.57160744]
[0.18633398 0.55056484 0.6859037  0.44087751 0.35102542]
[0.11502562 0.05313699 0.33468023 0.01132815 0.66563942]
[0.12388599 0.14156629 0.90051708 0.30893512 0.24801773]
[0.01200239 0.0137592  0.0625404  0.03962516 0.67566201]
[0.34602963 0.50628659 0.29689638 0.2541843  0.44766216]
[0.01452528 0.22339336 0.22604699 0.15294582 0.60014267]
[0.11631203 0.79200879 0.19168533 0.44731692 0.4438379 ]
[0.00434596 0.20507628 0.52730149 0.6021442  0.1719328 ]
[0.16158039 0.15909532 0.48420755 0.58757305 0.16526431]
[0.02044569 0.26964426 0.09187919 0.77834606 0.18432313]
[0.11251577 0.03056556 0.15877828 0.50089995 0.52911685]
[0.13323598 0.10268586 0.01102939 0.9992728  0.13710999]
[0.27928869 0.09786693 0.0212296  0.39906144 0.59236692]
[0.11001117 0.56842068 0.4591744  0.51753531 0.37143562]
[0.04024761 0.03661458 0.00208811 0.91698686 0.34495149]
[0.33451726 0.21519642 0.21795187 0.6527829  0.28004987]
[0.51333492 0.7447988  0.33538984 0.29155519 0.05832527]
[0.02292133 0.01642149 0.30454189 0.05151181 0.62357004]
[0.00432062 0.01326828 0.37004213 0.80657391 0.15753895]
[0.27144552 0.26769447 0.31611507 0.42940212 0.46445749]
[0.64063819 0.25791841 0.17760296 0.35268584 0.5079947 ]
[0.04008987 0.65885264 0.48085344 0.8192544  0.00600781]
[0.00846179 0.32855922 0.29075168 0.67032552 0.13173726]
[0.44912649 0.18668668 0.19821805 0.62820428 0.04034848]
[0.24057638 0.11819927 0.59284317 0.19482983 0.53597047]
[0.24818525 0.72008579 0.30035399 0.10609642 0.50807648]
[0.25905187 0.02528937 0.84308127 0.17303579 0.35080583]
[0.30606548 0.41438921 0.14314562 0.02866128 0.63481648]
[0.01545    0.09258702 0.20220805 0.8603891  0.18492985]
[0.25137476 1.17664852 0.22821164 0.15287394 0.07509788]
[0.13054299 0.44349311 0.24663044 0.77060143 0.0446236 ]
[0.00113274 0.00573605 0.05194459 0.15491231 0.66468269]
[0.12419615 0.17549988 0.05451306 0.34706065 0.5955513 ]
[0.28830965 0.02311681 0.93996254 0.0523631  0.1661606 ]
[0.72842531 0.02104619 0.49303666 0.36328924 0.15407092]
[0.01202609 0.43557378 0.38678241 0.49134765 0.39907227]
[0.73121782 0.49804499 0.16474762 0.3383128  0.40951006]
[0.52726413 0.78583481 0.15387591 0.14055181 0.18168603]
[0.29530929 0.0207641  0.95760999 0.13608615 0.15937905]
[0.88550399 0.62899044 0.22261934 0.14907599 0.06770139]
[0.21662321 0.64890127 0.08158804 0.67196607 0.05949281]
[0.45783101 0.43723362 0.64456534 0.03212121 0.33140337]
[0.09940489 0.03210329 0.04710434 0.27512102 0.67668374]
[0.01125513 0.01217166 0.08189302 0.94867026 0.05054262]
[0.02594432 0.00635312 0.99345462 0.02040398 0.32670774]
[0.50276531 0.19652739 0.1511778  0.03603131 0.59285908]
[0.47546579 0.02986505 0.03169243 0.63696875 0.45041259]
[0.24071287 0.29300048 0.5563588  0.23547321 0.47796795]
[0.10964885 0.35695826 1.0844978  0.0424953  0.1787627 ]
[0.11844118 0.46074541 0.56849485 0.26856742 0.46088402]
[0.16059782 0.0964376  0.01243632 1.12638455 0.05348353]
[0.01198277 0.08229376 0.62092278 0.40669669 0.41143074]
[0.63950398 0.07448367 0.67234333 0.3026334  0.24134028]
[0.45290155 0.31596469 0.09148303 0.45557403 0.50739071]
[0.40361588 0.38539304 0.46666623 0.36321728 0.29807687]
[0.56062951 0.56697809 0.28861511 0.1407149  0.16068979]
[0.07894674 0.07508204 0.02524949 0.04248964 0.68996561]
[0.01173328 0.17030441 0.06618809 0.70650351 0.36217479]
[0.43142464 0.17408935 0.12567872 0.23841496 0.53359576]
[0.04799568 0.2966459  0.03331974 0.77557407 0.26095982]
[0.07806456 0.02277765 0.11081766 0.70865753 0.33358567]
[0.40500025 0.39625244 0.16287875 0.21423054 0.56167391]
[0.0311366  0.87245359 0.30072642 0.03154171 0.53428522]
[0.16565939 0.70102288 0.42353705 0.23253082 0.40107905]
[0.00838867 0.00881907 0.06490588 0.04932613 0.67752979]
[0.01767405 0.08668786 0.06524121 0.70956493 0.43499454]
[ 2.79085135e-01  1.31639319e-01  2.17252077e-01 -4.39450716e-05
  6.67301129e-01]
[0.05159942 0.08860438 0.00455728 0.66596781 0.59936024]
[0.20590481 0.1390056  0.16944813 0.16257747 0.63468622]
[0.04404055 0.01805582 0.07107701 0.90895575 0.13531456]
[0.19117534 0.00621884 0.13872222 0.35064254 0.61097961]
[0.04583174 0.03152367 0.02758268 0.09390849 0.68667539]
[0.57628982 0.88723172 0.48858622 0.00376234 0.54473248]
[0.2865706  0.25672048 0.02007058 0.38501283 0.55396728]
[0.32651736 0.39728162 0.75352987 0.04097248 0.2778963 ]
[0.99652605 0.41589941 0.31486086 0.0662054  0.2160543 ]
[ 3.73298876e-03 -5.32872412e-05  1.72081985e-01  8.53461270e-01
  3.56748310e-01]
[0.5101844  0.00981818 0.45414792 0.54003187 0.36647128]
[0.16531311 0.06813535 0.10804068 0.87191831 0.07389034]
[0.15097601 1.02788457 0.24875142 0.061156   0.48522898]
[0.43554841 0.37928892 0.70593617 0.09162977 0.44792123]
[0.52895968 0.72473231 0.27805523 0.15673556 0.26721513]
[0.38949015 0.58040293 0.11153824 0.37250057 0.53504128]
[0.09106585 0.21392452 0.2121942  0.25841491 0.61537137]
[0.20765724 0.01632041 0.03397122 1.00458758 0.17770231]
[0.01062939 0.66272908 0.14983047 0.46978357 0.50406283]
[0.07142691 0.07066174 0.00353818 0.89995343 0.2225779 ]
[0.0386444  0.23097586 0.50254374 0.60417471 0.17005001]
[0.01138931 0.01264915 0.07571348 0.86914033 0.17887194]
[0.02544126 0.0337957  0.29830852 0.0194605  0.66927598]
[0.33243174 0.57256917 0.6046885  0.17133496 0.2563015 ]
[0.32470884 0.23252254 0.03102571 0.21260345 0.60357211]
[0.2291777  0.27872559 0.49857935 0.64804165 0.06236697]
[0.49128845 0.73219223 0.20651487 0.40831083 0.21653455]
[0.24806992 0.01980694 0.80313212 0.53146002 0.2214828 ]
[0.0159027  0.01121774 0.20434382 0.03362899 0.62879346]
[0.03138125 0.10058479 0.79714998 0.0384826  0.44497035]
[0.41660278 0.50030091 0.16904019 0.5122161  0.35281912]
[0.01214711 0.00847405 0.17493571 0.09043855 0.66140024]
[0.5996016  0.18293408 0.08244461 0.67903872 0.06012127]
[0.03209307 0.03870156 0.07444143 0.91548427 0.11411848]
[0.01760567 0.09342615 0.13440373 0.64021743 0.42532293]
[0.52594084 0.01732352 0.48573933 0.12441091 0.52760455]
[0.19235139 0.1292008  0.11685699 0.21043095 0.66197555]
[0.66950404 0.26956415 0.18560573 0.35240791 0.52404178]
[0.31058202 0.13221144 0.14328669 0.51689331 0.55126733]
[0.37026156 0.35206182 0.56950064 0.32468086 0.34896882]
[0.49089226 0.35519874 0.17525055 0.64041743 0.00361476]
[0.10660651 0.33705757 0.19929153 0.35135347 0.56777062]
[0.04438158 0.07654845 0.00721031 0.57669654 0.6614316 ]
[0.01450122 0.01021053 0.19079938 0.07469132 0.62786761]
[0.50087606 0.74648811 0.14617461 0.40862871 0.21003677]
[4.21031072e-02 4.35082636e-04 8.62768585e-03 1.13174054e-01
 6.81125266e-01]
[0.34169977 0.32486927 0.52941842 0.29355472 0.41145796]
[0.04809577 0.03448239 0.62977216 0.41313319 0.40972403]
[0.00495913 0.16232551 0.16779994 0.35812638 0.64689067]
[0.14984977 0.50116251 0.27424837 0.80325695 0.03291054]
[0.7077675  0.07725807 0.47053523 0.30224284 0.13352121]
[0.52204916 0.59330054 0.24761832 0.24502731 0.24637626]
[0.04675515 0.01226562 0.02502757 1.09804892 0.07194007]
[0.8817731  0.33511337 0.03954577 0.46779786 0.19423692]
[0.05201106 0.36552767 0.97610299 0.05036431 0.1597772 ]
[0.07786692 0.0243903  0.4191828  0.51190544 0.50106813]
[0.06472115 0.06281973 0.05199619 0.04391125 0.66548945]
[0.02069502 0.00237488 0.97054744 0.02084709 0.1912427 ]
[0.00638011 0.04368297 0.29978307 0.0195655  0.67252965]
[2.51462171e-04 1.46028160e-02 1.34383293e-02 8.34799393e-01
 4.58557565e-01]
[0.42560222 0.41900689 0.14727332 0.60847708 0.17113692]
[0.23680911 0.93502242 0.44701149 0.35532269 0.06454253]
[0.24198943 0.16292754 0.04509715 0.2687201  0.60280368]
[0.44604902 0.42597014 0.74901311 0.02807447 0.35937966]
[0.04300328 0.70657432 0.1707794  0.6834493  0.0412182 ]
[0.06080977 0.16423322 0.07318224 0.29496455 0.60096112]
[0.11333515 0.55792554 0.1600921  0.12344943 0.61829408]
[0.49178943 0.96254181 0.26499003 0.51552355 0.00813348]
[0.44804657 0.00734646 0.21928223 0.44681846 0.48663856]
[0.28436683 0.02781881 0.92541968 0.19595575 0.1556671 ]
[0.25568752 0.00131583 0.06530423 0.64952605 0.52207992]
[0.10009562 0.03869019 0.0029044  0.87817639 0.20555007]
[0.01921923 0.02077932 0.76639994 0.7023392  0.18250292]
[0.30938667 0.74336407 0.19079198 0.28348148 0.51164333]
[0.11694342 0.27477981 0.2723996  0.33232548 0.54429188]
