7.673985804930803626e-05 1.254238462248623287e-01 3.760056277239228195e-01
8.207415667260745700e-07 2.923078449669306300e-01 2.088238607212505593e-01
2.946108829833532505e-01 8.252787313727891205e-02 1.244696309277141255e-01
0.000000000000000000e+00 0.000000000000000000e+00 5.013304582038742296e-01
1.663586141256296613e-01 3.354269116901943959e-01 2.649359440707910488e-04
4.187688168920724041e-01 8.287426670818269503e-02 3.761581835500931027e-06
4.212985761372494559e-02 4.227037722592007912e-02 4.173079059674212332e-01
8.368210528881951660e-02 4.176671302979051981e-01 2.927478750062058321e-04
2.543213298032901970e-01 4.816212861826260627e-02 1.992616890516449302e-01
2.494273529747720597e-01 8.202469747432164331e-04 2.513915136754474311e-01
1.258876001061396410e-01 2.929985094401024170e-01 8.297044184744425954e-02
3.348182731686324964e-01 1.255952162916334214e-01 4.167069873847069339e-02
9.237875208933596069e-07 1.671363708763478062e-01 3.342437741491313119e-01
2.514729469551000296e-01 8.321995624461066277e-02 1.669822720615069533e-01
1.670797566346590712e-01 2.090152818118116151e-01 1.252212796391717065e-01
2.099378422564714408e-01 4.287415056974708261e-02 2.486933737214198081e-01
1.675507904667681847e-01 2.519644383274045607e-01 8.244079168812380731e-02
1.980293362181807760e-05 3.346549008502480715e-01 1.672728419295400615e-01
2.498759596845068764e-01 1.259690578426954366e-01 1.255158833816065744e-01
3.778279753673275954e-01 8.388453199027916252e-02 4.047656777995295441e-02
4.630442750501081442e-04 8.368194884690301205e-02 4.178274350497284129e-01
2.093474542551428119e-01 1.670125033044775054e-01 1.248482175026413427e-01
4.139425683148723056e-02 3.348022658840764110e-01 1.254956517294479323e-01
5.937305653864014562e-05 4.202375476147077876e-02 4.602755441785956747e-01
5.563435350625619885e-07 4.606738763966722883e-01 4.163936332555974451e-02
4.879635273330470784e-05 2.087666581787767373e-01 2.925427637268859238e-01
4.174918054146655594e-02 2.092620522189877208e-01 2.506846004792023241e-01
5.905555287599216979e-05 2.512038342049798256e-01 2.509359300040113760e-01
1.243128636393776715e-01 3.358922026203962630e-01 4.189588949581671273e-02
2.532838520821376060e-01 2.079965031656779983e-01 4.043868265905094933e-02
3.013297154655637522e-01 1.997847864598885637e-01 2.606138636516901826e-04
8.975657460425977285e-02 2.045490305051077262e-01 2.070963693410315110e-01
3.768712123983009588e-01 4.171945520387283085e-02 8.282873700962835317e-02
1.261921806215849373e-01 5.331909326922892422e-05 3.767056853299763364e-01
3.901996170704135746e-04 4.188397207910619091e-01 8.358126265655586862e-02
2.514739150327777728e-01 2.511109428084368766e-01 5.942878256118393390e-06
1.681137486673225656e-01 4.275363296146465200e-08 3.351329162921671267e-01
2.101753420732129229e-01 1.260997956562575073e-01 1.653815195262626214e-01
1.686828694050027111e-01 4.010338900748242758e-02 2.933159313368127741e-01
2.929129196879995956e-01 7.449177451151507428e-08 2.090859433121574629e-01
8.380988791322822873e-02 3.344353655526457469e-01 8.311373552826388511e-02
8.452916130513334070e-02 2.920917451019492961e-01 1.254914227054309828e-01
2.928252308297979445e-01 1.248771793379592349e-01 8.355213477750447759e-02
4.603169452207859780e-01 4.086256597406764945e-02 5.360042688758078757e-04
5.019758547154853368e-01 1.276593474248959527e-07 7.958105564950637674e-08
3.346830759430383107e-01 8.347600716021505440e-02 8.348146087834247553e-02
4.242770526299673162e-02 1.259896001498254092e-01 3.331556229317287898e-01
8.317171539514300882e-02 3.765257803168641781e-01 4.165124195731948614e-02
8.405692634520786632e-02 8.386169034778785669e-02 3.342743549887624011e-01
1.673449805424874759e-01 2.937985759563505050e-01 4.168805490633607086e-02
3.760734052197042265e-01 1.250434537294696780e-01 4.953781332861135773e-04
6.057348006813094753e-07 5.015717467928251239e-01 1.604736115737579731e-08
1.666302443694091806e-01 8.359883328614889364e-02 2.511216831213611278e-01
2.079125081723875723e-01 8.449481454088633714e-02 2.089563946140112205e-01
3.355475318476343616e-01 4.060756450216581465e-02 1.255139083441158820e-01
3.767075629475549747e-01 8.717136404294270537e-05 1.252938343617439054e-01
1.681336535365824877e-04 3.759865473203189423e-01 1.251767963278914708e-01
4.188240779660728497e-01 2.915961839431943360e-07 8.347280128675148292e-02
1.256826770328500764e-01 1.254962224319527420e-01 2.509678221742707716e-01
1.264658978607836326e-01 8.268199105902364343e-02 2.930860173822220638e-01
3.346941869014347648e-01 6.759632729677270005e-05 1.671425959237748948e-01
2.936437245947130514e-01 4.228019057635905298e-02 1.661041792547045814e-01
1.265792976536168346e-01 4.128062998945761924e-02 3.335503179516717820e-01
1.691697883913514111e-01 1.249766090831566784e-01 2.090465964590126069e-01
4.593107398020778720e-01 1.073711452187203893e-04 4.196717522167898312e-02
1.248207344362774890e-01 1.678217521728084249e-01 2.088933125611076858e-01
2.937060414173696121e-01 1.663388919844296099e-01 4.128996914261504753e-02
4.158168553228665243e-02 2.518458569261627367e-01 2.080140079903836092e-01
4.205426980920413949e-02 1.677680990300121355e-01 2.920472319499009539e-01
2.101060666395823673e-01 2.090994189962679661e-01 8.357639113136018649e-02
1.258618437294057313e-01 2.090962055004083053e-01 1.671289285462028429e-01
1.256657476533655504e-01 2.506940427021898676e-01 1.248481620367793421e-01
4.173744150731617530e-02 3.764390301919436910e-01 8.337129861545389264e-02
8.373012016274936076e-02 5.036029265274515705e-04 4.171651649278355078e-01
4.178956435858389717e-01 4.254131352835673063e-02 4.122849059576852437e-02
1.275692441564547086e-01 3.735314339638843850e-01 2.606066743262026018e-04
8.370507883577502084e-02 4.180653490795205318e-02 3.760840875978230802e-01
1.681062315417687358e-01 1.673008110010174021e-01 1.673504946755591249e-01
4.029373438999902385e-02 2.935788435235507365e-01 1.674537508629022065e-01
7.776722913718445976e-04 3.753499228420125733e-01 1.251677826989044395e-01
7.840130805976273931e-02 3.820227361196940064e-01 4.167165401570244176e-02
2.961231032430745591e-01 3.979240422203664251e-02 1.661000218993185229e-01
4.955253579475553671e-01 1.122449546934830298e-03 5.717129117208232317e-03
1.664103334025432701e-01 3.237820696629401142e-05 3.354572928571388224e-01
3.494315483141303136e-01 1.133901114163897994e-01 3.855993423076035931e-02
8.446556980030378928e-04 8.330248447221902386e-02 4.178380963575241136e-01
1.644347040343663302e-01 3.373508517156065811e-01 2.649359598756151866e-04
4.089268043318891599e-01 9.291214746045282913e-02 2.626400009600498762e-04
4.014073927928494406e-02 2.142160905549181926e-01 2.474003141766689395e-01
3.039433125345506470e-01 1.969109818485414165e-01 5.864700167372506514e-04
2.000705041885068088e-03 3.288401411408480302e-01 1.707233082960949722e-01
