8.561807993515681281e-02 3.738552274776950068e-01 4.067842240607948828e-02
4.223303415640915909e-02 4.578697954439459594e-01 2.729543403697749023e-05
4.163861793276366075e-01 4.245818984068659013e-02 4.129625405158987572e-02
2.097083833727902691e-01 2.487701412085702724e-01 4.172216261359056738e-02
2.091426291213052957e-01 8.327784660179089748e-02 2.077268388953188161e-01
1.253520278213676731e-01 2.502822006221707696e-01 1.244864024338819819e-01
2.512117168595894845e-01 4.138435059617131401e-02 2.075578911036071728e-01
1.248788471418814106e-01 5.664026002458205254e-05 3.752042433632303275e-01
4.167850273991315913e-01 2.265108352234352671e-07 8.343595129845038372e-02
3.470732135354570181e-07 4.584406493062059273e-01 4.168048879441232230e-02
8.307902300555941588e-02 1.667965802675638320e-01 2.502745634697394750e-01
1.666474395590680779e-01 1.251005958782231142e-01 2.083605963641741443e-01
8.175412682541705056e-02 3.906717845412403800e-02 3.792904845272037639e-01
1.103101862285149081e-05 1.667464681701150142e-01 3.333552437025516513e-01
1.056767941590431832e-04 2.085050978112230613e-01 2.915363736641871095e-01
2.917497005460410464e-01 8.342377615945104075e-02 1.249406867300573987e-01
8.330052154002948184e-02 5.193150489460226338e-05 4.167852229508797191e-01
1.248253308408558554e-01 2.914116417990429975e-01 8.392683059694235059e-02
1.683439770900728438e-01 8.149560378372472380e-02 2.503626857036894138e-01
2.927060652270948582e-01 1.239864664664735855e-01 8.341578769553427419e-02
2.917329984751598215e-01 2.083930639034877741e-01 1.567439291635701204e-05
4.180277415757552850e-01 8.208710819069293951e-02 3.653699609658528853e-07
8.201320374041108641e-02 2.516444741885682790e-01 1.665003017229142179e-01
8.309116096777756366e-02 1.251765184558274735e-01 2.919058635643750899e-01
2.083856329028806187e-01 2.083027733150518701e-01 8.342399191766636246e-02
1.663210441701742925e-01 1.675003114694707251e-01 1.663238613462578452e-01
1.256023724535058061e-01 3.329201707647043151e-01 4.163343340971456530e-02
8.346795123593950261e-02 8.348249750044797746e-02 3.332293014685552279e-01
2.093210130458145191e-01 1.241193856200192985e-01 1.666704897505264793e-01
1.669691543889176011e-01 2.150313298091071029e-04 3.329678891055622425e-01
3.329484694716084991e-01 8.403768452796103738e-02 8.320174781382809470e-02
2.498265255749089753e-01 1.320985031157862197e-05 2.503628405787064470e-01
4.258189200817204256e-02 2.920403902075115465e-01 1.654889288473416209e-01
4.201554538504415764e-02 4.154264423548945651e-01 4.267257235942367721e-02
2.508280696573554902e-01 2.086445712481774239e-01 4.067836339837258008e-02
8.873277374041082990e-05 8.342115638365951713e-02 4.166718587949325703e-01
2.502576926735740059e-01 2.497848434053846212e-01 1.111754725285195734e-04
4.187211405099118544e-02 2.509155019509863860e-01 2.073401684175127102e-01
8.389470946871500912e-02 2.084579808315447647e-01 2.078523733627237746e-01
1.653537162918504722e-01 3.346044157250465667e-01 1.873272488908552089e-04
3.336629015505994666e-01 1.255414608145949407e-01 4.100860214927331410e-02
2.081279966894547251e-01 2.680377705836270680e-04 2.917594373837607002e-01
3.751360505011941404e-02 8.332621012455403153e-02 3.793485920528347766e-01
3.751222610793212286e-01 3.388870701837771348e-05 1.250246886359860088e-01
2.072912743309760497e-01 2.913425365090415164e-01 1.535348760398449900e-03
1.250609613759011696e-01 3.746394813950779112e-01 4.889417179120761478e-04
4.129387832446686224e-02 1.276430649383630746e-04 4.587300528881240735e-01
8.508271832967993775e-02 3.318176652639010515e-01 8.322978030416815221e-02
4.097454272125926333e-02 1.257452415676837132e-01 3.334301615950330255e-01
1.594411640640417104e-05 2.501050708285273982e-01 2.500342869129732470e-01
2.907479778870070697e-01 4.288850806806229765e-02 1.665133882506876772e-01
1.659238227471188654e-01 2.489388741339708944e-01 8.534737488951128770e-02
4.067194346507949088e-02 4.278005166070901477e-02 4.166607439008590541e-01
8.405929623774306692e-02 4.142854867488369175e-01 1.800017342569326315e-03
3.332679770009344677e-01 4.186754314800027882e-02 1.250178135947673519e-01
5.400623263190836113e-07 4.167566675024420020e-01 8.343010705433617780e-02
4.212733498939325721e-02 3.739789633218544851e-01 8.404403548776169519e-02
1.250217080848279871e-01 4.173613531355210848e-02 3.333829526745092919e-01
2.097771684468181241e-01 4.058430901220885095e-02 2.500247394722093230e-01
5.001614271712189197e-01 7.573999003852117980e-12 7.568612683748175449e-14
3.335037709150179830e-01 7.723873663560908663e-05 1.666162403122199986e-01
1.247628313128836819e-01 1.670099113206480190e-01 2.083782417482653582e-01
1.660557192571372742e-01 2.925744324017057751e-01 4.153512657527800439e-02
5.061781732207510138e-06 3.334506317967287359e-01 1.666781349266612811e-01
1.069957572181400122e-04 1.251181384744098346e-01 3.749197905649799267e-01
1.238190067921838000e-01 2.096048006229664640e-01 1.666844366611298089e-01
1.149603598185745325e-06 2.917940337500961046e-01 2.083960797275896115e-01
7.286803769567720709e-13 3.716072187838699753e-12 5.001315539003471367e-01
4.081306065286439272e-02 1.659323709318640538e-01 2.934061296207241543e-01
3.750935802803772035e-01 1.250579310584541415e-01 2.545388273275385565e-08
3.740424988928341410e-01 8.374805878500993228e-02 4.236258228895232320e-02
4.585205959027134903e-01 2.344706701298820499e-07 4.168884053658385852e-02
4.185836429827461541e-02 3.336598908721826184e-01 1.246339338666042490e-01
9.564258374936181635e-11 5.001895675253190676e-01 4.140591707728785724e-11
2.923361998515164317e-01 1.427407195514191862e-04 2.076975897750064637e-01
2.927475335230732001e-01 1.657565914088777181e-01 4.164820025966491090e-02
2.083204641797639367e-01 1.671978276573533317e-01 1.246339460362125701e-01
1.249445142962455901e-01 8.365908072603946144e-02 2.915263400998878152e-01
2.497842922259642662e-01 8.327923600646486291e-02 1.670918200558041411e-01
1.666288073013374726e-01 4.179235084860707244e-02 2.917690541417506944e-01
1.255429672486756409e-01 1.242288802348931048e-01 2.503854148357315124e-01
1.652970295131730716e-01 2.101393385989843432e-01 1.247086914599745272e-01
4.012599143213231578e-02 2.085698740794351691e-01 2.514551941560959625e-01
8.578456356397239080e-02 2.893948914380771731e-01 1.249798780097126083e-01
2.500162646905175756e-01 1.667414198015596261e-01 8.339702303719907783e-02
1.596617116163088498e-07 4.142130232164496773e-02 4.587293949852049857e-01
1.513120771723666652e-06 3.751105625324673842e-01 1.250487250303293774e-01
3.747439261423811119e-01 4.188008588588672948e-02 8.356547087310151056e-02
3.342614487421764480e-01 1.658547983320463048e-01 1.552781180323502864e-08
4.584368197924900690e-01 4.165637947192087770e-02 3.731803420227829539e-05
2.503805537453835384e-01 1.246409485014636637e-01 1.251103336717347969e-01
