[0.0051239  0.03390393 0.10082455 0.94678092 0.00421332]
[6.70921542e-04 1.97007110e-02 8.53244902e-01 2.31588516e-02
 3.17732519e-01]
[0.54156988 0.05173497 0.70846087 0.17313933 0.00085428]
[ 7.46876453e-02 -4.13718182e-04  2.73763314e-03  8.52258374e-02
  8.33712895e-01]
[ 9.89779564e-02 -3.49450793e-04  3.64374652e-03  2.23994800e-02
  7.16411034e-01]
[0.05508802 0.78212424 0.06849175 0.00741348 0.56144641]
[0.48462253 0.42182735 0.12228343 0.06256936 0.48670719]
[ 1.29517600e-01 -7.70270941e-05  1.68940684e-01  8.74422801e-01
  5.04922460e-03]
[2.73268133e-05 5.55278803e-01 6.75537439e-01 8.90042045e-02
 2.99690105e-01]
[0.45222901 0.08409279 0.10906944 0.61139275 0.05576048]
[0.05782657 0.02332474 0.93450409 0.03247365 0.11352652]
[0.39751293 0.4456906  0.17271458 0.77083042 0.34782572]
[0.17748735 0.34419079 0.14220751 0.04992701 0.59719261]
[0.00203659 0.01112467 0.00528148 0.88966217 0.07290054]
[ 9.17936873e-02 -3.75184035e-04  2.07682554e-01  1.20617794e-02
  6.45267332e-01]
[2.62221184e-03 1.42388854e-02 4.43117065e-04 9.89832299e-01
 1.33038918e-02]
[0.09034012 1.2582032  0.11019641 0.01323234 0.01192075]
[0.0053903  0.01281921 0.0306243  0.884203   0.02795021]
[0.03040278 0.42500162 0.45679215 0.87308366 0.00707062]
[0.13964105 0.13032808 0.45171988 0.47962471 0.03295304]
[0.00578325 0.10831166 0.12146842 0.01623977 0.73896363]
[0.00210479 0.04897152 0.07940918 0.05998441 0.64131562]
[-1.68300968e-04  3.06558209e-03  2.33285249e-05 -1.87270552e-03
  9.73850336e-01]
[0.81205819 0.02810152 0.02810769 0.07957469 0.28777955]
[0.08439681 0.03454164 0.96020646 0.01267688 0.01103933]
[0.03113778 0.09660095 0.27460654 0.18290675 0.61299209]
[0.09681884 0.0205626  0.07946136 0.30485992 0.67191573]
[0.01865417 0.90256715 0.64658891 0.07048836 0.05883484]
[ 0.59354531  0.09950662  0.05897978 -0.00137086  0.50271658]
[0.06478954 0.07118157 0.79064894 0.4239826  0.00207391]
[0.61852688 0.05932734 0.31939396 0.09283838 0.53156305]
[0.92788625 0.00280731 0.0471874  0.01055428 0.07252304]
[0.04265687 0.09904308 0.83382958 0.0246087  0.03874474]
[0.02125626 0.19959371 0.66564765 0.08189066 0.26058687]
[0.14707765 0.84374291 0.61590033 0.06678577 0.05146708]
[ 4.25853995e-02 -1.59725070e-04  6.73884455e-01  5.26927578e-01
  3.73126957e-03]
[0.02429451 1.14736441 0.10018834 0.01298005 0.26465355]
[0.88297325 0.71865315 0.04348102 0.01050364 0.00736862]
[0.02438152 0.21826272 0.72823946 0.08979252 0.0040249 ]
[0.40032209 0.74608661 0.01280977 0.08716129 0.06942329]
[0.24695821 0.93554949 0.192409   0.14404967 0.06253425]
[0.19261611 0.01801661 0.25208126 0.92697759 0.00096534]
[0.61572949 0.09561033 0.34426223 0.54322414 0.25446622]
[0.36354172 0.06776102 0.27119734 0.83447271 0.0023656 ]
[0.76184922 0.02632657 0.00293984 0.07446938 0.2697767 ]
[0.37386807 0.50603713 0.03248799 0.06713816 0.53005592]
[0.18280487 0.17353705 0.59513161 0.45289707 0.03785883]
[0.07824082 0.03175011 0.93300429 0.03247138 0.11351905]
[0.14862409 0.54876242 0.12106775 0.67885236 0.06193623]
[0.00761161 0.11548814 0.89713667 0.48137192 0.00706194]
[ 1.30475077e-04 -5.60163720e-04  6.96374634e-03  6.06653299e-02
  8.18881848e-01]
[0.93748293 0.01604823 0.11786539 0.0847871  0.01000863]
[0.01647941 0.99393946 0.03008324 0.095338   0.29972816]
[0.12989782 0.00109965 0.11122795 0.14103235 0.71043488]
[0.19699859 0.12882769 0.11444524 0.85138059 0.11554205]
[8.41052178e-01 2.47272533e-04 2.56257297e-01 1.00406097e-01
 3.06455606e-01]
[0.35726282 0.64297952 0.01114018 0.55255903 0.06206856]
[2.00344903e-05 3.30374733e-01 1.47279036e-01 1.12360893e+00
 1.18331413e-01]
[0.60479743 0.30188397 0.62044672 0.16721578 0.19596035]
[1.10224607 0.10925586 0.03441616 0.02781244 0.00155738]
[ 3.21208870e-02 -1.86891814e-04  1.64751292e-01  1.44383702e-01
  7.27072917e-01]
[0.03538472 0.1277315  1.03613723 0.33769448 0.09557056]
[0.34285108 0.75266599 0.07046369 0.36815149 0.0282221 ]
[0.02144211 0.03830356 0.81781843 0.43098796 0.02939366]
[0.29063572 0.08290021 0.5185953  0.21208732 0.61461059]
[0.05230222 0.0044585  0.86231048 0.17226516 0.04987171]
[0.1489014  0.92439351 0.67289511 0.0273843  0.00266001]
[ 3.08550085e-03 -5.32667884e-05  7.58924122e-02  4.55931824e-03
  7.92362810e-01]
[1.01775135e-04 9.53048100e-04 3.65139054e-03 5.74725281e-01
 3.80440641e-01]
[0.45455247 0.4638128  0.45863682 0.38731443 0.00247129]
[-1.65861432e-04 -5.86348767e-04 -4.49077377e-06  9.17911285e-01
  3.31984645e-01]
[0.00423228 0.00245686 0.16981795 0.00511647 0.72192918]
[0.12536623 0.06606105 0.39658152 0.81380579 0.0177133 ]
[0.0727659  0.00094109 0.84587115 0.05905723 0.26256906]
[-9.89162091e-05 -2.50896110e-04  6.85891406e-03  3.50051421e-01
  6.44344055e-01]
[5.92355321e-02 4.94153453e-04 1.44595221e-03 8.61372745e-01
 1.09065465e-01]
[0.07677387 0.27842161 0.69416798 0.04438686 0.01069011]
[0.1717491  0.74828844 0.57877374 0.01019296 0.07371564]
[0.90485673 0.34194446 0.02893711 0.0304281  0.18966326]
[0.39311884 0.91453332 0.08463271 0.02450657 0.03807784]
[0.00496246 1.11266029 0.01635353 0.47854654 0.03377912]
[0.16804351 0.02929295 0.63769912 0.04549045 0.24084118]
[0.10048258 0.00199742 0.90875056 0.25412214 0.00726113]
[7.02772098e-05 4.17691811e-01 6.55162335e-03 9.73807137e-01
 1.96645903e-02]
[0.19781232 0.96110327 0.05240667 0.0484172  0.02985437]
[ 2.86718021e-01 -3.22964357e-04  7.72719820e-01  6.52911792e-01
  8.74120257e-02]
[0.01654513 0.00237535 0.39571688 0.7595581  0.24838999]
[0.06561622 0.14361794 0.01345198 0.068782   0.67257114]
[0.73710218 0.01381881 0.32442306 0.60376824 0.0799754 ]
[0.09963597 0.55522407 0.40057183 0.72528173 0.0529752 ]
[6.36608455e-04 1.40192176e+00 4.63114963e-02 2.29366593e-01
 1.20656296e-01]
[0.95331017 0.22665222 0.02774234 0.10422234 0.13660924]
[0.03019183 0.01796536 0.54431127 0.432254   0.56624928]
[4.36826084e-04 9.29739323e-01 4.71817059e-01 4.66889926e-01
 1.03767363e-01]
[0.52102567 0.00130838 0.69214317 0.0103382  0.07116484]
[0.04711205 0.13911364 0.82453949 0.14802955 0.09843311]
[0.96575375 0.02442763 0.04668963 0.24820264 0.007084  ]
[0.10961712 0.08480338 0.06500728 0.11002862 0.63832518]
[0.00528374 0.34844711 0.84040402 0.45777203 0.102671  ]
[0.97626881 0.03229251 0.01619469 0.47743111 0.03243728]
