[0.12989782 0.00109965 0.11122795 0.14103235 0.71043488]
[0.01444428 0.00581257 0.76226813 0.20811793 0.24713828]
[0.12491214 0.09154367 0.04986197 0.47803799 0.71425913]
[0.34640595 0.85195407 0.39304363 0.69055482 0.09148879]
[-4.72117401e-05  2.13507167e-01  2.63859362e-01  9.58606926e-01
  3.65812730e-01]
[0.03113778 0.09660095 0.27460654 0.18290675 0.61299209]
[0.00578325 0.10831166 0.12146842 0.01623977 0.73896363]
[0.01993061 0.0391714  0.08223985 0.95682288 0.41880365]
[0.54199893 0.9756138  0.01692622 0.49752147 0.08226118]
[0.00210479 0.04897152 0.07940918 0.05998441 0.64131562]
[0.10961712 0.08480338 0.06500728 0.11002862 0.63832518]
[0.00139991 0.06155238 0.08177777 0.02681644 0.64768121]
[0.60479743 0.30188397 0.62044672 0.16721578 0.19596035]
[0.67278473 0.36869089 0.49127727 0.53328108 0.23328627]
[ 1.87854186e-03 -2.86496519e-04  4.76615116e-02  3.95586989e-01
  7.65851499e-01]
[1.90867571e-02 7.31884507e-04 2.23679044e-02 1.95792153e-01
 7.90120330e-01]
[0.07703982 0.21685001 0.77734444 0.05592212 0.29366608]
[0.65915702 0.49275166 0.07309927 0.06880853 0.60447867]
[0.1407448  0.33974536 0.72828206 0.04791219 0.10128357]
[0.17748735 0.34419079 0.14220751 0.04992701 0.59719261]
[0.0155604  0.17609098 0.42635329 0.88003379 0.01849212]
[0.03019183 0.01796536 0.54431127 0.432254   0.56624928]
[0.39751293 0.4456906  0.17271458 0.77083042 0.34782572]
[0.09963597 0.55522407 0.40057183 0.72528173 0.0529752 ]
[0.20308279 0.01702636 0.15484931 0.58455958 0.49207099]
[0.00364704 0.02234708 0.04830899 0.77561068 0.53483556]
[0.61852688 0.05932734 0.31939396 0.09283838 0.53156305]
[0.21748771 1.08842527 0.16574492 0.18872326 0.55874186]
[-7.81284969e-05 -1.45975409e-04  7.71140334e-03  3.93599988e-01
  7.30502325e-01]
[0.01726185 0.00130716 0.00502945 0.00432115 0.71661573]
[0.03032976 0.00431447 0.03051165 0.98296754 0.28940393]
[0.00676605 0.01106175 0.00834831 0.00117934 0.81464207]
[0.09588811 0.09592739 0.64473414 0.34845052 0.21647829]
[0.36354172 0.06776102 0.27119734 0.83447271 0.0023656 ]
[0.39539811 0.31342015 0.04791378 0.68481898 0.47683305]
[0.37386807 0.50603713 0.03248799 0.06713816 0.53005592]
[0.20891928 0.33879544 0.08794576 0.44220721 0.55676683]
[0.22447968 0.13463688 0.53171986 0.62268759 0.31032651]
[ 4.79882206e-02 -3.77348364e-04  2.39720360e-01  8.59844338e-02
  8.05374317e-01]
[0.01125277 0.05600142 0.16320799 1.07998485 0.0933946 ]
[0.21176424 0.11194725 0.07801521 0.46560322 0.59043914]
[0.03538472 0.1277315  1.03613723 0.33769448 0.09557056]
[0.5189374  0.13028504 0.19282343 1.01463832 0.03666728]
[0.15618452 0.06917619 0.27200908 1.06644763 0.05509566]
[0.04711205 0.13911364 0.82453949 0.14802955 0.09843311]
[0.09681884 0.0205626  0.07946136 0.30485992 0.67191573]
[0.00397786 0.05780842 0.07025864 0.0725266  0.63112298]
[0.09596781 0.0127054  0.09988421 0.92316359 0.56339362]
[0.07131655 0.1564614  0.01464795 0.03526426 0.66937978]
[0.45222901 0.08409279 0.10906944 0.61139275 0.05576048]
[0.00576862 0.02525895 0.52104978 0.64912183 0.39928942]
[0.04519196 0.04017639 0.24706319 0.71501346 0.12028791]
[0.29063572 0.08290021 0.5185953  0.21208732 0.61461059]
[0.19699859 0.12882769 0.11444524 0.85138059 0.11554205]
[0.48462253 0.42182735 0.12228343 0.06256936 0.48670719]
[0.00791408 0.37994875 0.40721425 0.7736482  0.29848268]
[0.32826543 0.00765018 0.42803098 0.3020874  0.61862881]
[0.00423228 0.00245686 0.16981795 0.00511647 0.72192918]
[0.01336094 0.00105697 0.0115736  0.07013807 0.79827044]
[0.18280487 0.17353705 0.59513161 0.45289707 0.03785883]
[0.18216849 0.27237752 0.44710585 0.47496214 0.53043031]
[0.07852024 0.03171973 0.93583472 0.09279798 0.10874134]
[3.06871841e-02 1.75527751e-05 1.71646644e-01 8.68351032e-01
 3.16157001e-01]
[0.14490841 0.23271655 0.06302292 0.91271311 0.5026377 ]
[0.56371939 0.00088016 0.11131349 0.74076523 0.30807291]
[0.00075989 0.12243328 0.06093643 0.06208873 0.7130412 ]
[0.01123328 0.00872971 0.08311753 0.97380097 0.3877958 ]
[0.01517029 0.05046172 0.00165796 0.05365453 0.82044782]
[0.493722   0.00069496 0.0352592  0.63603217 0.26458464]
[0.23890886 0.02372891 0.3377553  0.82425347 0.05655849]
[ 1.55083661e-03 -3.99505246e-04  1.98941831e-02  8.23858258e-02
  8.15985206e-01]
[ 1.30475077e-04 -5.60163720e-04  6.96374634e-03  6.06653299e-02
  8.18881848e-01]
[1.67245361e-03 1.98313984e-04 6.44961485e-01 1.75730400e-01
 2.12099210e-01]
[0.01654513 0.00237535 0.39571688 0.7595581  0.24838999]
[0.58513045 1.05327605 0.01827713 0.18487371 0.07775756]
[2.73268133e-05 5.55278803e-01 6.75537439e-01 8.90042045e-02
 2.99690105e-01]
[ 3.21208870e-02 -1.86891814e-04  1.64751292e-01  1.44383702e-01
  7.27072917e-01]
[0.27506097 0.06592145 0.78171547 0.47052089 0.00241381]
[0.82286039 0.02926646 0.25378078 0.22083856 0.30901162]
[0.73710218 0.01381881 0.32442306 0.60376824 0.0799754 ]
[-7.72354832e-05 -6.06483451e-04  1.33306137e-02  9.04054729e-02
  7.72974268e-01]
[-1.69783490e-04  4.89098273e-04  1.30206080e-03  2.78914626e-03
  9.80065983e-01]
[0.45455247 0.4638128  0.45863682 0.38731443 0.00247129]
[0.16804351 0.02929295 0.63769912 0.04549045 0.24084118]
[0.01822288 0.07951989 0.04690854 0.18464002 0.87959903]
[0.14252087 0.18544096 0.32827672 0.8161208  0.39007472]
[0.15599244 0.37657349 0.861098   0.06820041 0.13436574]
[0.00978903 0.08029039 0.28530112 0.01855518 0.73886372]
[0.61572949 0.09561033 0.34426223 0.54322414 0.25446622]
[0.05508802 0.78212424 0.06849175 0.00741348 0.56144641]
[0.02299185 0.19030873 0.04373837 0.51146692 0.72897899]
[0.0820471  0.01892774 0.08707455 0.06153877 0.70928835]
[0.22377422 0.29907986 0.1968955  0.69524853 0.55570591]
[3.71208974e-02 1.48766253e-04 2.07445865e-01 8.88346706e-01
 3.25970877e-01]
[0.50033085 0.11154347 0.62585346 0.72426562 0.13520677]
[-9.89162091e-05 -2.50896110e-04  6.85891406e-03  3.50051421e-01
  6.44344055e-01]
[1.90229264e-01 3.15061221e-04 1.61412530e-01 8.40750763e-02
 7.87917836e-01]
[0.23256972 0.59475998 0.73909716 0.16411073 0.30516916]
[6.61390671e-04 4.39085740e-03 9.82210572e-03 6.69715268e-01
 4.43200104e-01]
[0.06561622 0.14361794 0.01345198 0.068782   0.67257114]
