[0.09521397 0.93269631 0.22076094 0.08007587 0.33120714]
[0.5161633  0.47819235 0.25285655 0.49512891 0.33292836]
[0.00568619 0.00192856 0.00681932 0.0009831  0.86116819]
[0.00687093 0.01165021 0.00231024 1.03610075 0.42122069]
[0.18071815 0.14275511 0.4299576  0.68628846 0.09171749]
[0.02360875 0.02978    0.3690797  0.76407812 0.00715588]
[0.06608757 0.13558001 0.50972259 0.60534067 0.20562219]
[0.26047232 0.30667455 0.34782055 0.85584176 0.33013953]
[ 5.35018268e-03  1.93124471e-02  2.60620753e-02 -1.67329942e-04
  8.38216532e-01]
[0.02062525 0.04344694 0.10723805 0.03157632 0.83310559]
[0.08857693 0.12377197 0.08404035 0.75945854 0.34778752]
[0.21970151 0.00737053 0.88540961 0.23060295 0.02118723]
[0.04790421 0.1280201  0.44616552 0.30357291 0.56740482]
[0.62324483 0.73805471 0.23995163 0.36585574 0.2675907 ]
[0.10424915 0.25570663 0.72058408 0.10512685 0.38676018]
[0.11966661 0.70712985 0.4506439  0.1179322  0.1191824 ]
[0.49743347 0.68191674 0.61702962 0.40483235 0.18514028]
[-1.06275960e-04  2.18382818e-03  1.05891598e-01  3.05295653e-01
  1.09691833e+00]
[0.63829261 0.10289663 0.27424786 0.29807045 0.42820225]
[0.5175613  0.26186067 0.13617885 0.57516669 0.18867073]
[0.00897934 0.00250761 0.10631682 1.03158088 0.21444798]
[0.0181344  0.01858417 0.72327333 0.50658667 0.32321376]
[0.00967384 0.18895576 0.75763018 0.50899875 0.15474642]
[0.64454977 0.17324852 0.16928586 0.08343839 0.5562723 ]
[0.0197105  0.40585857 0.88008767 0.35912156 0.24965075]
[0.05825203 0.02080465 0.417664   0.70492536 0.2394683 ]
[0.12477081 0.02316277 0.67682168 0.1228142  0.44174886]
[0.17254908 0.50924065 0.02953136 0.76144736 0.50840746]
[0.20217641 0.12705263 0.18308394 0.44971695 0.36885051]
[0.49809716 0.83879591 0.07200186 0.20001035 0.1160144 ]
[0.04085388 0.1022745  0.01517104 0.05733289 0.57393931]
[0.0032901  0.015785   0.07492269 0.10228664 0.84474748]
[0.0028244  0.76825012 0.73476067 0.02261179 0.15066674]
[0.01631476 0.00123423 0.37703678 0.00206833 0.71627973]
[0.28730045 0.04439637 0.57010679 0.3206906  0.53447903]
[0.58297694 0.2546132  0.40683195 0.69334127 0.05066992]
[0.01881203 0.00251254 0.33116911 0.28738806 0.71997492]
[0.00289654 0.0212531  0.10584646 0.02697925 0.8765937 ]
[0.0405986  0.15566011 0.58076786 0.5957664  0.23574456]
[0.47976389 0.18578935 0.12360947 0.51161529 0.46172687]
[0.33677025 0.66960609 0.00569756 0.48526901 0.79360804]
[0.30847609 0.23263884 0.96250946 0.2057943  0.14921477]
[0.15016176 0.53279563 0.58074622 0.49914707 0.45397437]
[0.31324885 0.65641698 0.04262813 0.71529405 0.01476764]
[0.2012384  0.47360705 0.00377407 0.09054605 0.82180346]
[0.03409908 0.00340316 0.74970384 0.33740652 0.57033208]
[0.84403833 0.41621549 0.13856765 0.2495159  0.15483113]
[0.01706974 0.00493749 0.41693629 0.41490604 0.54620706]
[0.14505949 0.06959604 0.07794259 0.465931   0.61401282]
[0.64398667 0.73060195 0.67352518 0.01366231 0.27417671]
[0.00333546 0.00527645 0.11546056 0.56212665 0.56204636]
[ 2.06271380e-02 -9.37190919e-05  6.19588959e-02  3.60031946e-01
  7.22715647e-01]
[0.00261005 0.02096553 0.02002151 0.12814331 0.79992217]
[0.00912675 0.26896642 0.37623634 0.81459627 0.24587559]
[0.02371097 0.00129494 0.17591643 0.16771942 0.7790433 ]
[0.26709451 0.23135895 0.70280089 0.04306019 0.42769068]
[0.06238627 0.46496642 0.27115408 0.81172643 0.23385923]
[0.06184865 0.0853293  0.09212086 0.03251238 0.74902894]
[0.43164637 0.02541813 0.01723541 1.028747   0.37077164]
[0.36030434 0.45863534 0.12961524 0.19243066 0.50010622]
[0.25456496 0.28217107 0.90736287 0.16499939 0.03370384]
[0.00470561 0.00391876 0.01166428 0.1411883  0.71421817]
[0.01526083 0.009154   0.01142437 0.03485968 0.63820268]
[0.36370176 0.24337207 0.67766815 0.36448187 0.30550034]
[0.35834862 0.22256976 0.06331645 0.28182172 0.55577811]
[0.00983198 0.02733653 0.41586372 0.32748199 0.66774786]
[0.31485076 0.21612    0.56011234 0.28478591 0.34946353]
[0.00753128 0.00097301 0.00565163 0.90652033 0.48881125]
[0.06220359 0.238633   0.43378478 0.36073715 0.56284147]
[5.60160244e-04 4.59664040e-03 2.51718497e-02 4.83661880e-02
 6.68723638e-01]
[0.00133885 0.00484037 0.00791229 0.01514227 0.83500831]
[0.00698793 0.00399285 0.00200639 0.01106449 0.78027419]
[3.40472366e-04 1.30549063e-01 9.65897975e-01 1.30837408e-02
 1.51420441e-01]
[ 2.51090903e-03 -5.14434093e-04  1.07433560e-02  9.23719410e-01
  2.05438747e-02]
[0.75578413 1.0362783  0.01743029 0.39840543 0.21587591]
[0.06759632 0.08599984 1.05191842 0.30578101 0.003977  ]
[0.00217423 0.00156674 0.05924556 0.64806167 0.40672156]
[0.58941685 0.2902777  0.16666257 0.65578531 0.01941431]
[0.08174941 0.09032778 0.85091608 0.14632266 0.02989233]
[0.09165417 0.11596498 0.03710853 0.04773684 0.71328084]
[0.5801016  0.23246648 0.50070038 0.30343638 0.19283757]
[0.32532727 0.12781552 0.47858597 0.63213762 0.42902583]
[0.08843718 0.03200192 0.20705172 0.20415413 0.6903214 ]
[0.1089025  0.15233129 0.03619907 0.61906341 0.64214845]
[0.05710666 0.17768165 0.04142393 0.28825518 0.8452281 ]
[0.2968992  0.03756516 0.21853522 0.65621015 0.58158067]
[0.11103548 0.07083117 0.40275605 0.83926073 0.14236936]
[0.02086276 0.60510177 0.7583151  0.05543623 0.33065052]
[0.07269536 0.18461947 0.80859639 0.54338156 0.16534302]
[0.41827015 0.03301403 0.96957041 0.66219695 0.11921593]
[0.22295049 0.10053549 0.69314599 0.1010423  0.36964711]
[0.30982544 0.47255844 0.89255362 0.47978423 0.12398452]
[0.0053304  0.01893019 0.27955847 0.07126928 0.72797424]
[0.24234675 0.16831806 0.73267911 0.15614277 0.1259948 ]
[0.58783681 0.69445863 0.22221124 0.38436243 0.09467094]
[0.04175343 0.10624457 0.30367622 0.94488223 0.49461846]
[0.09461652 0.05756539 0.08361921 0.10409875 1.00960939]
[0.00674779 0.02508394 0.47877042 0.36073315 0.56283526]
[0.46894941 0.79561815 0.53373201 0.46476856 0.17702825]
[0.07387966 0.35398087 0.16842126 0.04526588 0.81951163]
