[0.09521397 0.93269631 0.22076094 0.08007587 0.33120714]
[0.5161633  0.47819235 0.25285655 0.49512891 0.33292836]
[0.00568619 0.00192856 0.00681932 0.0009831  0.86116819]
[0.06608757 0.13558001 0.50972259 0.60534067 0.20562219]
[ 5.35018268e-03  1.93124471e-02  2.60620753e-02 -1.67329942e-04
  8.38216532e-01]
[0.08857693 0.12377197 0.08404035 0.75945854 0.34778752]
[0.21970151 0.00737053 0.88540961 0.23060295 0.02118723]
[0.04790421 0.1280201  0.44616552 0.30357291 0.56740482]
[0.62324483 0.73805471 0.23995163 0.36585574 0.2675907 ]
[0.10424915 0.25570663 0.72058408 0.10512685 0.38676018]
[0.11966661 0.70712985 0.4506439  0.1179322  0.1191824 ]
[0.49743347 0.68191674 0.61702962 0.40483235 0.18514028]
[0.63829261 0.10289663 0.27424786 0.29807045 0.42820225]
[0.5175613  0.26186067 0.13617885 0.57516669 0.18867073]
[0.0181344  0.01858417 0.72327333 0.50658667 0.32321376]
[0.00967384 0.18895576 0.75763018 0.50899875 0.15474642]
[0.64454977 0.17324852 0.16928586 0.08343839 0.5562723 ]
[0.12477081 0.02316277 0.67682168 0.1228142  0.44174886]
[0.17254908 0.50924065 0.02953136 0.76144736 0.50840746]
[0.20217641 0.12705263 0.18308394 0.44971695 0.36885051]
[0.49809716 0.83879591 0.07200186 0.20001035 0.1160144 ]
[0.04085388 0.1022745  0.01517104 0.05733289 0.57393931]
[0.0028244  0.76825012 0.73476067 0.02261179 0.15066674]
[0.01631476 0.00123423 0.37703678 0.00206833 0.71627973]
[0.28730045 0.04439637 0.57010679 0.3206906  0.53447903]
[0.0405986  0.15566011 0.58076786 0.5957664  0.23574456]
[0.47976389 0.18578935 0.12360947 0.51161529 0.46172687]
[0.15016176 0.53279563 0.58074622 0.49914707 0.45397437]
[0.31324885 0.65641698 0.04262813 0.71529405 0.01476764]
[0.03409908 0.00340316 0.74970384 0.33740652 0.57033208]
[0.84403833 0.41621549 0.13856765 0.2495159  0.15483113]
[0.01706974 0.00493749 0.41693629 0.41490604 0.54620706]
[0.14505949 0.06959604 0.07794259 0.465931   0.61401282]
[0.64398667 0.73060195 0.67352518 0.01366231 0.27417671]
[0.00333546 0.00527645 0.11546056 0.56212665 0.56204636]
[0.00912675 0.26896642 0.37623634 0.81459627 0.24587559]
[0.26709451 0.23135895 0.70280089 0.04306019 0.42769068]
[0.06238627 0.46496642 0.27115408 0.81172643 0.23385923]
[0.36030434 0.45863534 0.12961524 0.19243066 0.50010622]
[0.01526083 0.009154   0.01142437 0.03485968 0.63820268]
[0.36370176 0.24337207 0.67766815 0.36448187 0.30550034]
[0.35834862 0.22256976 0.06331645 0.28182172 0.55577811]
[0.00983198 0.02733653 0.41586372 0.32748199 0.66774786]
[0.31485076 0.21612    0.56011234 0.28478591 0.34946353]
[0.00753128 0.00097301 0.00565163 0.90652033 0.48881125]
[0.06220359 0.238633   0.43378478 0.36073715 0.56284147]
[5.60160244e-04 4.59664040e-03 2.51718497e-02 4.83661880e-02
 6.68723638e-01]
[0.00133885 0.00484037 0.00791229 0.01514227 0.83500831]
[0.00698793 0.00399285 0.00200639 0.01106449 0.78027419]
[3.40472366e-04 1.30549063e-01 9.65897975e-01 1.30837408e-02
 1.51420441e-01]
[ 2.51090903e-03 -5.14434093e-04  1.07433560e-02  9.23719410e-01
  2.05438747e-02]
[0.75578413 1.0362783  0.01743029 0.39840543 0.21587591]
[0.06759632 0.08599984 1.05191842 0.30578101 0.003977  ]
[0.00217423 0.00156674 0.05924556 0.64806167 0.40672156]
[0.58941685 0.2902777  0.16666257 0.65578531 0.01941431]
[0.08174941 0.09032778 0.85091608 0.14632266 0.02989233]
[0.5801016  0.23246648 0.50070038 0.30343638 0.19283757]
[0.02086276 0.60510177 0.7583151  0.05543623 0.33065052]
[0.07269536 0.18461947 0.80859639 0.54338156 0.16534302]
[0.22295049 0.10053549 0.69314599 0.1010423  0.36964711]
[0.24234675 0.16831806 0.73267911 0.15614277 0.1259948 ]
[0.58783681 0.69445863 0.22221124 0.38436243 0.09467094]
[0.00674779 0.02508394 0.47877042 0.36073315 0.56283526]
[0.2365277  1.11450814 0.08172271 0.22493566 0.13164749]
[0.00985459 0.01220103 0.30677198 0.63284958 0.00586049]
[2.71648663e-02 4.10930980e-03 3.32398993e-04 1.18900145e+00
 2.16526247e-01]
[0.76605064 0.33473872 0.53473037 0.14939165 0.04846097]
[ 1.47648746e-03 -5.33638103e-04  4.86660850e-03  2.65886036e-02
  7.22300588e-01]
[3.91802476e-03 7.26335223e-03 4.67257998e-04 9.45573648e-01
 1.47299575e-02]
[0.01909523 0.04580458 0.69891986 0.18138359 0.20316656]
[0.50337338 0.55717284 0.52679244 0.14660813 0.02920006]
[1.23777793e-04 7.49169683e-02 6.45348852e-01 5.73435780e-01
 3.65899836e-01]
[0.00334382 0.00166196 0.00754616 0.01250271 0.68264719]
[0.00442498 1.17916726 0.2885674  0.10036372 0.15759451]
[0.00386443 0.00198365 0.00107991 0.00640603 0.85228975]
[0.00754388 1.03900834 0.26232177 0.01582177 0.01958593]
[-1.20683456e-04  9.43485407e-04  5.62245954e-02  2.58044910e-01
  9.24120750e-01]
[0.02429989 0.09027625 0.81865437 0.6204481  0.05439696]
[0.01030343 0.18559133 0.74440356 0.50007581 0.15203795]
[0.80952577 0.02878372 0.52961835 0.14726887 0.02074389]
[-5.79824098e-05  4.34671890e-03  1.01900200e-03  5.94672161e-03
  8.06517247e-01]
[ 2.50851486e-03  3.84866976e-04  3.01526421e-03 -1.55444190e-03
  8.99940306e-01]
[1.10688558 0.21646145 0.00729493 0.53665489 0.21545372]
[0.37015264 0.32945747 0.97842591 0.06121867 0.02370532]
[6.26920544e-03 1.06023547e-02 1.02090028e-04 9.29382579e-01
 3.71319503e-01]
[0.0554147  1.13583995 0.10426199 0.35725272 0.24835721]
[0.03356291 0.0270685  0.92177201 0.26683801 0.00636057]
[0.71148066 0.49315722 0.12036994 0.15643773 0.12623034]
[0.56035314 0.94367559 0.08100498 0.0928489  0.12759763]
[0.01612541 0.7076226  0.16270539 0.00979558 0.33411548]
[0.26047232 0.30667455 0.34782055 0.85584176 0.33013953]
[0.25456496 0.28217107 0.90736287 0.16499939 0.03370384]
[0.828983   0.40878194 0.23541753 0.2513237  0.15520151]
[0.01881203 0.00251254 0.33116911 0.28738806 0.71997492]
[0.23918276 0.11756863 0.85361967 0.11931577 0.15857021]
[-3.35744736e-05  3.66755366e-03  5.89382578e-02  2.71000701e-01
  9.70155371e-01]
[0.00391589 1.12365355 0.26304123 0.45042709 0.11092225]
[0.49230333 0.58153061 0.22880582 0.3557707  0.08199063]
[0.0197105  0.40585857 0.88008767 0.35912156 0.24965075]
[0.00406732 1.08734315 0.26610346 0.22419268 0.14866922]
