[0.64398667 0.73060195 0.67352518 0.01366231 0.27417671]
[0.29529661 1.33785521 0.10759786 0.01648936 0.1542244 ]
[0.00857063 1.06315844 0.01384186 0.25196169 0.16737197]
[1.076898   0.41380214 0.07340733 0.12637636 0.00713132]
[0.24234675 0.16831806 0.73267911 0.15614277 0.1259948 ]
[0.01706974 0.00493749 0.41693629 0.41490604 0.54620706]
[3.40472366e-04 1.30549063e-01 9.65897975e-01 1.30837408e-02
 1.51420441e-01]
[0.71148066 0.49315722 0.12036994 0.15643773 0.12623034]
[0.85791343 0.42186691 0.01374739 0.25023409 0.16574202]
[0.01612541 0.7076226  0.16270539 0.00979558 0.33411548]
[5.32898103e-03 1.64855325e-03 5.74641870e-05 8.72361468e-01
 3.51243994e-03]
[0.01498934 0.02036747 0.99053024 0.00366992 0.18431893]
[0.01909523 0.04580458 0.69891986 0.18138359 0.20316656]
[0.5175613  0.26186067 0.13617885 0.57516669 0.18867073]
[0.5161633  0.47819235 0.25285655 0.49512891 0.33292836]
[0.02086276 0.60510177 0.7583151  0.05543623 0.33065052]
[0.01030343 0.18559133 0.74440356 0.50007581 0.15203795]
[0.00445399 0.87405182 0.0829151  0.4482714  0.20872788]
[1.10688558 0.21646145 0.00729493 0.53665489 0.21545372]
[0.00333546 0.00527645 0.11546056 0.56212665 0.56204636]
[0.5286359  0.4333065  0.43546243 0.21472679 0.00504934]
[0.03356291 0.0270685  0.92177201 0.26683801 0.00636057]
[0.00968169 0.04082018 0.86515126 0.00752929 0.06545391]
[0.01051312 0.34089032 0.57097999 0.01047484 0.35313657]
[-1.62421825e-04 -5.96729686e-04 -3.79126610e-05  1.47558734e-03
  7.87559932e-01]
[0.00442498 1.17916726 0.2885674  0.10036372 0.15759451]
[0.58941685 0.2902777  0.16666257 0.65578531 0.01941431]
[0.20217641 0.12705263 0.18308394 0.44971695 0.36885051]
[4.32772059e-03 1.15419709e+00 4.79371484e-04 1.54422828e-01
 4.10329978e-01]
[0.26709451 0.23135895 0.70280089 0.04306019 0.42769068]
[0.00674779 0.02508394 0.47877042 0.36073315 0.56283526]
[0.02429989 0.09027625 0.81865437 0.6204481  0.05439696]
[0.36030434 0.45863534 0.12961524 0.19243066 0.50010622]
[8.09754611e-04 3.00401035e-02 1.12227452e+00 2.60553866e-02
 8.11934432e-03]
[0.42912649 0.80126636 0.03631604 0.30932795 0.19456453]
[0.06247886 0.94490001 0.23922886 0.01423995 0.00658603]
[0.00816462 0.00345588 0.00212486 0.79849967 0.18926891]
[0.0554147  1.13583995 0.10426199 0.35725272 0.24835721]
[0.0405986  0.15566011 0.58076786 0.5957664  0.23574456]
[0.63829261 0.10289663 0.27424786 0.29807045 0.42820225]
[0.59710145 1.00558373 0.0290953  0.28619357 0.0051093 ]
[0.13459693 1.34191959 0.10539218 0.01971015 0.01181197]
[0.04085388 0.1022745  0.01517104 0.05733289 0.57393931]
[0.22295049 0.10053549 0.69314599 0.1010423  0.36964711]
[0.11966661 0.70712985 0.4506439  0.1179322  0.1191824 ]
[1.45640367e-03 2.18627234e-01 8.54170471e-01 1.54887869e-02
 2.62942724e-04]
[0.0181344  0.01858417 0.72327333 0.50658667 0.32321376]
[0.80952577 0.02878372 0.52961835 0.14726887 0.02074389]
[0.00985459 0.01220103 0.30677198 0.63284958 0.00586049]
[0.00397812 1.06444295 0.26050114 0.23082977 0.02000244]
[0.08857693 0.12377197 0.08404035 0.75945854 0.34778752]
[0.50697714 0.97625259 0.06470764 0.00719982 0.01468834]
[0.09521397 0.93269631 0.22076094 0.08007587 0.33120714]
[0.28864324 1.33641679 0.01549599 0.05726674 0.01250062]
[0.0028244  0.76825012 0.73476067 0.02261179 0.15066674]
[0.35834862 0.22256976 0.06331645 0.28182172 0.55577811]
[0.47976389 0.18578935 0.12360947 0.51161529 0.46172687]
[4.08626730e-04 9.77773467e-01 3.12943840e-01 2.07253484e-01
 1.37512509e-01]
[0.06759632 0.08599984 1.05191842 0.30578101 0.003977  ]
[0.78344994 0.69758745 0.01267778 0.01367245 0.12604366]
[0.2365277  1.11450814 0.08172271 0.22493566 0.13164749]
[0.8394582  0.32520762 0.21605625 0.01064943 0.13930454]
[0.08174941 0.09032778 0.85091608 0.14632266 0.02989233]
[0.9130696  0.80495548 0.10203889 0.01552683 0.1462395 ]
[0.49230333 0.58153061 0.22880582 0.3557707  0.08199063]
[0.05399038 0.0013545  0.8712733  0.14022488 0.01974675]
[0.06081543 1.51767329 0.01973597 0.45122488 0.02896442]
[5.60160244e-04 4.59664040e-03 2.51718497e-02 4.83661880e-02
 6.68723638e-01]
[0.06220359 0.238633   0.43378478 0.36073715 0.56284147]
[0.91127163 0.81175726 0.01475665 0.05444185 0.02327087]
[0.0649193  1.27309937 0.09951607 0.01849195 0.41169819]
[0.94540708 0.0337168  0.01158839 0.1402211  0.01974621]
[0.64454977 0.17324852 0.16928586 0.08343839 0.5562723 ]
[0.43257211 0.90655737 0.05798763 0.1320808  0.04398157]
[4.75178001e-04 3.72292015e-02 6.03349976e-01 5.34238956e-01
 3.15585694e-01]
[0.31324885 0.65641698 0.04262813 0.71529405 0.01476764]
[0.828983   0.40878194 0.23541753 0.2513237  0.15520151]
[7.09659284e-03 9.78729174e-01 2.26956039e-01 1.46640464e-02
 2.31583547e-04]
[0.04927752 0.95159037 0.06742078 0.5149894  0.09013109]
[0.36370176 0.24337207 0.67766815 0.36448187 0.30550034]
[0.14505949 0.06959604 0.07794259 0.465931   0.61401282]
[0.03409908 0.00340316 0.74970384 0.33740652 0.57033208]
[0.56035314 0.94367559 0.08100498 0.0928489  0.12759763]
[0.22386246 0.11000424 0.79897847 0.11413054 0.00618719]
[0.75578413 1.0362783  0.01743029 0.39840543 0.21587591]
[0.49354675 0.5458579  0.22186481 0.11649309 0.02442903]
[0.10156952 0.99488345 0.00357951 0.08213935 0.33952903]
[0.00263329 0.77077272 0.17715878 0.30794664 0.04863554]
[ 0.16607406  0.01999723  0.88043991 -0.00200639  0.14964152]
[0.5801016  0.23246648 0.50070038 0.30343638 0.19283757]
[0.39381974 0.68259852 0.01126257 0.14999435 0.28559823]
[1.36702324e-04 7.82350889e-02 5.80624213e-01 1.03670549e-01
 3.78054330e-01]
[0.12477081 0.02316277 0.67682168 0.1228142  0.44174886]
[0.76605064 0.33473872 0.53473037 0.14939165 0.04846097]
[ 1.25490754e-04 -5.16926253e-04  7.03803232e-03  6.98673212e-01
  6.45658463e-01]
[0.01631476 0.00123423 0.37703678 0.00206833 0.71627973]
[0.28730045 0.04439637 0.57010679 0.3206906  0.53447903]
[4.16543075e-03 1.17031746e-03 2.91955582e-05 6.87319386e-01
 4.46925927e-01]
[0.00983198 0.02733653 0.41586372 0.32748199 0.66774786]
[0.04530474 0.05100926 1.01798684 0.02385283 0.00832782]
