[0.09560469 0.07658663 0.25276312 0.00331657 0.60114703]
[0.04360468 0.42771464 0.76966403 0.01276044 0.34923007]
[9.97808601e-03 5.24649801e-04 2.86547216e-01 3.80030393e-03
 5.66391767e-01]
[0.35834862 0.22256976 0.06331645 0.28182172 0.55577811]
[0.08434385 0.03036935 0.60421974 0.41561679 0.32634091]
[0.01410755 1.05854347 0.22739568 0.02077436 0.13945658]
[8.70923299e-04 7.14896159e-04 3.25306141e-04 6.47242496e-01
 5.77492797e-01]
[0.47462222 0.23989198 0.12486262 0.52721193 0.17296495]
[0.00870695 0.17033671 0.68321144 0.4587944  0.13568596]
[0.28300851 0.11892193 0.17517826 0.32665304 0.41947194]
[0.01864966 0.01399923 0.01894899 0.51728859 0.63667257]
[0.21125225 0.00677205 0.85135008 0.22165005 0.02035657]
[0.00724964 0.00171694 0.35035635 0.53100071 0.44230205]
[0.06238627 0.46496642 0.27115408 0.81172643 0.23385923]
[0.65348286 0.28558909 0.45683625 0.01170037 0.27631531]
[0.33030977 0.28622619 0.86904495 0.24172443 0.01060598]
[0.14978906 0.11824164 0.42899292 0.66493942 0.08933644]
[ 0.11163994  0.04622707  0.25648076 -0.00134857  0.65119406]
[0.30438498 0.05005842 0.60472819 0.14421465 0.51802284]
[0.52555657 0.81494138 0.13017937 0.39286552 0.09185387]
[0.14138742 0.02963452 0.76960291 0.11870775 0.16828932]
[0.02049703 0.01981817 0.7869109  0.18777926 0.27869969]
[0.01501209 0.00427518 0.37369629 0.37164909 0.48951237]
[0.2053226  0.00400308 0.79416923 0.57856514 0.04221201]
[0.03649995 0.55157448 1.01813968 0.07451842 0.0927633 ]
[0.00440985 0.00573519 0.0054087  0.13442256 0.73524504]
[0.49809716 0.83879591 0.07200186 0.20001035 0.1160144 ]
[-8.16428067e-05 -4.87356613e-04  2.92867122e-05 -1.38867570e-03
  7.61715963e-01]
[0.12468486 0.02148151 0.6699458  0.12277475 0.43785356]
[0.29559035 0.74113711 0.10971463 0.01589359 0.10619495]
[0.36030434 0.45863534 0.12961524 0.19243066 0.50010622]
[0.01452085 0.05290972 0.77309442 0.22606025 0.16673476]
[0.09521397 0.93269631 0.22076094 0.08007587 0.33120714]
[0.00897934 0.00250761 0.10631682 1.03158088 0.21444798]
[0.27418393 0.30506125 0.97900432 0.04654972 0.035915  ]
[0.91710218 0.02090031 0.03662903 0.12948294 0.53222332]
[0.17785336 0.68305438 0.46226322 0.00879237 0.07657219]
[0.03604258 0.30245638 0.92219151 0.14355773 0.0483034 ]
[ 1.71622652e-03 -6.69611662e-05  2.16179484e-02  9.35041396e-01
  3.13618278e-01]
[0.58909555 0.76744095 0.05443017 0.00076959 0.34968781]
[0.10561778 0.25906621 0.73002954 0.09584337 0.31720379]
[0.09585441 0.13262393 0.01198407 0.51651615 0.52227239]
[0.37934205 0.1926448  0.44691244 0.62675068 0.20556512]
[0.04650896 0.00461537 1.06771639 0.02515723 0.06544534]
[0.05637215 0.01014747 0.30626789 0.86419727 0.31679201]
[0.00741184 0.0120582  0.27504391 0.45976137 0.53474747]
[0.16946322 0.09991167 0.49792264 0.55994649 0.19717217]
[0.04081546 0.10217814 0.0151439  0.05727584 0.5733885 ]
[0.08860028 0.14893247 0.69821399 0.32544875 0.27603443]
[0.53679265 0.50930506 0.41700715 0.20780323 0.06883543]
[0.21136229 0.37241735 0.28879599 0.10779213 0.55466236]
[0.00551632 0.00297436 0.00192104 0.84647454 0.51958343]
[3.72972739e-01 6.21961154e-01 8.45985578e-05 1.78343251e-01
 6.42958076e-01]
[0.17919168 0.63320395 0.57661549 0.04823824 0.15847589]
[0.20100896 0.10256511 0.1715636  0.43360648 0.35379849]
[0.01455042 0.13039578 0.25843228 0.48955599 0.49813213]
[0.40088507 0.15550066 0.57137276 0.04705982 0.38564734]
[0.63829261 0.10289663 0.27424786 0.29807045 0.42820225]
[0.05475589 0.13119112 0.00737263 0.02357236 0.70942584]
[0.195321   0.0285613  0.61202704 0.07892848 0.36975101]
[0.50705705 0.18932501 0.35411686 0.41413234 0.23705921]
[0.08857693 0.12377197 0.08404035 0.75945854 0.34778752]
[0.48607175 0.81857179 0.07075997 0.45716157 0.137111  ]
[0.32455905 0.31731761 0.46343558 0.26716037 0.37742195]
[0.00564364 0.02417621 0.35376612 0.27434463 0.5650131 ]
[0.33709123 0.5994763  0.46341849 0.35008057 0.05377671]
[0.01552209 0.15697985 0.56536067 0.57990575 0.22631293]
[0.00637092 0.00410591 0.00136325 0.97718745 0.48946286]
[0.16871834 0.00551962 0.68009106 0.03863831 0.40225161]
[0.43164637 0.02541813 0.01723541 1.028747   0.37077164]
[0.48259437 0.01360229 0.51448877 0.11980588 0.40542335]
[0.02738506 0.59029464 0.8701078  0.06113656 0.15186973]
[0.03473171 0.00330931 0.2103365  0.19978034 0.55187765]
[0.00324482 0.00512421 0.1124739  0.5534494  0.56237955]
[0.0030774  1.01636207 0.02612729 0.4253124  0.16135183]
[0.69215776 0.11162931 0.29407461 0.20522753 0.43972547]
[0.00896309 0.80054008 0.76567676 0.02365362 0.09991331]
[0.75868001 0.29254829 0.0187722  0.51212381 0.04618634]
[0.01704309 0.00159268 0.92394718 0.00552274 0.23277641]
[0.29739895 0.20411331 0.52907971 0.26888996 0.33008106]
[ 1.40276556e-03 -1.57743392e-04  1.78333162e-02  1.20809281e+00
  5.30677483e-02]
[0.01741958 0.50663446 0.70799155 0.30797086 0.21730561]
[0.06608757 0.13558001 0.50972259 0.60534067 0.20562219]
[0.1030076  0.71301827 0.45221989 0.10962749 0.11939409]
[0.19726128 0.25091746 0.01796602 0.48005551 0.49599558]
[0.01720537 0.02081215 0.56895401 0.26308516 0.4357309 ]
[0.32341293 0.02109301 0.79243058 0.14449946 0.02952025]
[0.02121081 0.02671523 0.33486228 0.69300185 0.00523674]
[0.02674894 0.06441918 0.28634353 0.88347979 0.14972273]
[0.47976389 0.18578935 0.12360947 0.51161529 0.46172687]
[1.90765911e-03 4.14270174e-04 1.95028066e-01 8.85543724e-01
 1.54297036e-01]
[0.52155606 0.35324527 0.03924041 0.65672542 0.01367636]
[0.57157455 0.21902863 0.09193306 0.38376625 0.22025581]
[0.63029803 0.16940528 0.16554253 0.08403893 0.54425011]
[0.02451244 0.01199511 0.71399687 0.49444869 0.31793886]
[0.01585764 0.15602555 0.56404148 0.57844982 0.31228246]
[0.00766177 0.2264105  0.75402364 0.29126423 0.14278333]
[0.25003927 0.50108389 0.12238644 0.67107061 0.19809873]
[0.86886453 0.37973707 0.6063079  0.02694603 0.05433412]
[0.10224315 0.42107971 0.62030084 0.33354355 0.2796201 ]
