[0.09521397 0.93269631 0.22076094 0.08007587 0.33120714]
[0.5161633  0.47819235 0.25285655 0.49512891 0.33292836]
[0.00568619 0.00192856 0.00681932 0.0009831  0.86116819]
[0.00687093 0.01165021 0.00231024 1.03610075 0.42122069]
[0.02052711 0.01534403 0.01342666 0.6005504  0.64384142]
[0.04210846 0.22905558 0.32978972 0.14544182 0.83147026]
[0.18071815 0.14275511 0.4299576  0.68628846 0.09171749]
[0.09461652 0.05756539 0.08361921 0.10409875 1.00960939]
[0.02360875 0.02978    0.3690797  0.76407812 0.00715588]
[0.08843718 0.03200192 0.20705172 0.20415413 0.6903214 ]
[0.04175343 0.10624457 0.30367622 0.94488223 0.49461846]
[0.02508457 0.08138972 0.31859702 0.08341542 0.84847352]
[0.06608757 0.13558001 0.50972259 0.60534067 0.20562219]
[0.26047232 0.30667455 0.34782055 0.85584176 0.33013953]
[0.30982544 0.47255844 0.89255362 0.47978423 0.12398452]
[ 5.35018268e-03  1.93124471e-02  2.60620753e-02 -1.67329942e-04
  8.38216532e-01]
[0.02062525 0.04344694 0.10723805 0.03157632 0.83310559]
[0.07387966 0.35398087 0.16842126 0.04526588 0.81951163]
[0.08857693 0.12377197 0.08404035 0.75945854 0.34778752]
[0.21970151 0.00737053 0.88540961 0.23060295 0.02118723]
[0.04790421 0.1280201  0.44616552 0.30357291 0.56740482]
[0.13564084 0.12667509 0.28415916 0.00500155 0.88005989]
[0.62324483 0.73805471 0.23995163 0.36585574 0.2675907 ]
[0.10424915 0.25570663 0.72058408 0.10512685 0.38676018]
[0.11966661 0.70712985 0.4506439  0.1179322  0.1191824 ]
[0.49743347 0.68191674 0.61702962 0.40483235 0.18514028]
[0.25587611 0.22156523 0.04201241 0.4873034  0.70575259]
[0.01658795 0.02066359 0.12241105 0.04948481 0.73348047]
[0.22521263 0.24971551 0.91121683 0.33960056 0.04620435]
[0.02480184 0.10191754 0.11573467 0.28927917 0.71693567]
[0.11770918 0.08452214 0.51269788 0.71062802 0.38727409]
[-1.06275960e-04  2.18382818e-03  1.05891598e-01  3.05295653e-01
  1.09691833e+00]
[0.63829261 0.10289663 0.27424786 0.29807045 0.42820225]
[0.5175613  0.26186067 0.13617885 0.57516669 0.18867073]
[0.00897934 0.00250761 0.10631682 1.03158088 0.21444798]
[0.41827015 0.03301403 0.96957041 0.66219695 0.11921593]
[0.0181344  0.01858417 0.72327333 0.50658667 0.32321376]
[0.11103548 0.07083117 0.40275605 0.83926073 0.14236936]
[0.00967384 0.18895576 0.75763018 0.50899875 0.15474642]
[0.20224237 0.35635007 0.27669602 0.24602232 0.61462851]
[0.1089025  0.15233129 0.03619907 0.61906341 0.64214845]
[0.64454977 0.17324852 0.16928586 0.08343839 0.5562723 ]
[0.0197105  0.40585857 0.88008767 0.35912156 0.24965075]
[0.05825203 0.02080465 0.417664   0.70492536 0.2394683 ]
[0.27681521 0.0484212  0.64796073 0.48996013 0.6195628 ]
[0.2140992  0.54154137 0.32192142 0.08318846 0.75197622]
[0.12477081 0.02316277 0.67682168 0.1228142  0.44174886]
[0.17254908 0.50924065 0.02953136 0.76144736 0.50840746]
[0.20217641 0.12705263 0.18308394 0.44971695 0.36885051]
[0.03096737 0.26688606 0.0755076  0.25190065 0.73737164]
[0.49809716 0.83879591 0.07200186 0.20001035 0.1160144 ]
[0.02940046 0.01126597 0.0241503  0.28915842 0.70039172]
[0.04085388 0.1022745  0.01517104 0.05733289 0.57393931]
[0.2968992  0.03756516 0.21853522 0.65621015 0.58158067]
[0.06956728 0.75435267 0.43848001 0.37267114 0.60655432]
[0.0032901  0.015785   0.07492269 0.10228664 0.84474748]
[0.0028244  0.76825012 0.73476067 0.02261179 0.15066674]
[0.01631476 0.00123423 0.37703678 0.00206833 0.71627973]
[0.28730045 0.04439637 0.57010679 0.3206906  0.53447903]
[0.58297694 0.2546132  0.40683195 0.69334127 0.05066992]
[0.01881203 0.00251254 0.33116911 0.28738806 0.71997492]
[0.00289654 0.0212531  0.10584646 0.02697925 0.8765937 ]
[0.0405986  0.15566011 0.58076786 0.5957664  0.23574456]
[0.07282571 0.06387723 0.21199492 0.20808239 0.76359419]
[0.47976389 0.18578935 0.12360947 0.51161529 0.46172687]
[0.33677025 0.66960609 0.00569756 0.48526901 0.79360804]
[0.30847609 0.23263884 0.96250946 0.2057943  0.14921477]
[0.15016176 0.53279563 0.58074622 0.49914707 0.45397437]
[0.31324885 0.65641698 0.04262813 0.71529405 0.01476764]
[0.2012384  0.47360705 0.00377407 0.09054605 0.82180346]
[0.03409908 0.00340316 0.74970384 0.33740652 0.57033208]
[0.05710666 0.17768165 0.04142393 0.28825518 0.8452281 ]
[0.0776578  0.0901341  0.06292257 0.52232339 0.65612721]
[0.84403833 0.41621549 0.13856765 0.2495159  0.15483113]
[0.01706974 0.00493749 0.41693629 0.41490604 0.54620706]
[0.14505949 0.06959604 0.07794259 0.465931   0.61401282]
[0.64398667 0.73060195 0.67352518 0.01366231 0.27417671]
[0.00333546 0.00527645 0.11546056 0.56212665 0.56204636]
[ 2.06271380e-02 -9.37190919e-05  6.19588959e-02  3.60031946e-01
  7.22715647e-01]
[0.00261005 0.02096553 0.02002151 0.12814331 0.79992217]
[0.00912675 0.26896642 0.37623634 0.81459627 0.24587559]
[0.02371097 0.00129494 0.17591643 0.16771942 0.7790433 ]
[0.26709451 0.23135895 0.70280089 0.04306019 0.42769068]
[0.06238627 0.46496642 0.27115408 0.81172643 0.23385923]
[0.03786138 0.05207684 0.09887859 0.20390457 0.97393699]
[0.06184865 0.0853293  0.09212086 0.03251238 0.74902894]
[0.43164637 0.02541813 0.01723541 1.028747   0.37077164]
[0.36030434 0.45863534 0.12961524 0.19243066 0.50010622]
[0.01308897 0.00968218 0.01333401 0.38838596 0.77070329]
[0.25456496 0.28217107 0.90736287 0.16499939 0.03370384]
[0.10621533 0.04639748 0.6018992  0.10953871 0.86159046]
[0.00470561 0.00391876 0.01166428 0.1411883  0.71421817]
[0.01526083 0.009154   0.01142437 0.03485968 0.63820268]
[0.32532727 0.12781552 0.47858597 0.63213762 0.42902583]
[0.36370176 0.24337207 0.67766815 0.36448187 0.30550034]
[0.35834862 0.22256976 0.06331645 0.28182172 0.55577811]
[0.00983198 0.02733653 0.41586372 0.32748199 0.66774786]
[0.31485076 0.21612    0.56011234 0.28478591 0.34946353]
[0.00753128 0.00097301 0.00565163 0.90652033 0.48881125]
[0.06220359 0.238633   0.43378478 0.36073715 0.56284147]
