[0.33009517 0.16876829 0.54565582 0.27907808 0.02944236]
[0.01023155 0.02074511 0.66036202 0.28956672 0.11886063]
[0.13014661 0.04945055 0.64350381 0.44618515 0.00414909]
[0.00443382 0.01519629 0.52463004 0.03126418 0.42250484]
[0.62506597 0.11014439 0.26216713 0.15424364 0.39487007]
[-3.83057127e-05 -5.95545984e-04  2.41453431e-05 -1.43523857e-03
  7.15135688e-01]
[7.57951760e-04 5.70969702e-04 2.84066017e-04 5.76792007e-01
 5.14798288e-01]
[0.2659352  0.1358632  0.44271469 0.22559639 0.27520054]
[0.00978472 0.01211173 0.25179307 0.65786558 0.13073999]
[0.03418758 0.28693185 0.95723471 0.0091454  0.04931823]
[0.19592647 0.44882579 0.10649172 0.58367641 0.06231433]
[0.00564364 0.02417621 0.35376612 0.27434463 0.5650131 ]
[ 2.67395668e-01  8.96731981e-02  6.00261302e-01 -2.73697776e-04
  3.37931813e-01]
[0.32032102 0.02088561 0.78485823 0.17390507 0.01362775]
[0.4284218  0.35966581 0.70284932 0.06672424 0.00961358]
[0.24552107 0.07435698 0.59586515 0.31216015 0.02899173]
[0.46269552 0.09152828 0.02766919 0.43336751 0.48735567]
[0.08126176 0.03363027 0.20542093 0.10608366 0.52553079]
[0.01501209 0.00427518 0.37369629 0.37164909 0.48951237]
[0.74487907 0.370447   0.06022215 0.18032802 0.0174497 ]
[0.48078123 0.28439607 0.0097986  0.53096771 0.12477002]
[0.64761377 0.44388564 0.04717837 0.06082174 0.03011655]
[0.00607265 0.69560433 0.66716979 0.01204172 0.06978514]
[0.68241509 0.26270017 0.01687748 0.46036808 0.04149719]
[0.15006112 0.04522893 0.36432888 0.56429143 0.07369436]
[0.08187237 1.03435566 0.05297976 0.0121742  0.07237953]
[0.48259437 0.01360229 0.51448877 0.11980588 0.40542335]
[0.33408855 0.17081634 0.55225424 0.15988135 0.02801375]
[0.00724964 0.00171694 0.35035635 0.53100071 0.44230205]
[0.17321459 0.59468329 0.54305259 0.04537436 0.14825852]
[0.13566943 0.02661546 0.09999362 0.7344138  0.0588727 ]
[1.12509240e-04 5.80810504e-04 1.64181770e-04 7.29221068e-01
 7.67280687e-02]
[0.98470666 0.12503113 0.02874402 0.02214266 0.15850041]
[0.34301485 0.40477748 0.34047145 0.37151935 0.3513374 ]
[0.04650896 0.00461537 1.06771639 0.02515723 0.06544534]
[0.20100896 0.10256511 0.1715636  0.43360648 0.35379849]
[0.00480898 0.00088731 0.14710944 0.74679597 0.06514492]
[0.02520238 0.00681216 0.7484472  0.18198897 0.06695581]
[0.32341293 0.02109301 0.79243058 0.14449946 0.02952025]
[0.00820165 0.01650419 0.01130411 0.71722618 0.36053077]
[0.00337431 0.00113843 0.33271196 0.56378088 0.32094105]
[0.00156223 0.02353394 0.77163577 0.01791487 0.12600476]
[0.19730612 0.25097458 0.0191168  0.47292671 0.49775761]
[0.01361204 0.12897856 0.70401059 0.25916059 0.21036221]
[0.00233871 0.79885136 0.00900949 0.16306272 0.16607445]
[5.87307900e-03 4.23939094e-07 2.83829784e-01 5.07983007e-01
 5.06203316e-01]
[0.19096382 0.03184684 0.77794026 0.20186744 0.01856355]
[0.00444636 0.00132511 0.01001568 0.47384161 0.58264672]
[0.08278476 0.00819866 0.05663654 0.06673158 0.60945915]
[ 0.03554254  0.00318119  0.13097798 -0.00202099  0.70397997]
[0.20032903 0.51168517 0.31273331 0.55126838 0.13487261]
[0.01832747 0.02770528 0.51840198 0.00352995 0.52214658]
[0.29571771 0.70530969 0.43911148 0.20080498 0.01802172]
[0.0145922  0.00094643 0.79076923 0.00702199 0.19917348]
[0.49488106 0.14380648 0.35982473 0.47207513 0.00457316]
[0.55823343 0.05793012 0.00575642 0.00350887 0.52020737]
[0.50686069 0.34587526 0.03687446 0.04719165 0.3632422 ]
[0.13279283 0.17639995 0.00520078 0.94550067 0.03951383]
[0.02523979 0.07528829 0.68521823 0.02046988 0.22359391]
[0.22239789 0.45738542 0.50685272 0.16510661 0.1673047 ]
[0.0068377  0.13680905 0.27998135 0.48328085 0.49686537]
[0.02716166 0.03664251 0.03222806 0.80483107 0.06243296]
[0.34345969 0.40511443 0.0300451  0.29751615 0.50164264]
[0.15830018 0.04739298 0.47541172 0.24283038 0.36397462]
[0.05596502 0.04867195 0.8988469  0.19776985 0.03817583]
[0.00312846 0.0044952  0.10285531 0.50037741 0.50866977]
[0.19010548 0.44864798 0.27804966 0.48990228 0.33642817]
[0.02079368 0.84535735 0.06100237 0.47243136 0.08733385]
[0.11009271 0.04262879 0.07644888 0.62769595 0.32198872]
[0.39081343 0.1202851  0.50433079 0.0500204  0.34989583]
[0.00578183 0.23507377 0.47962638 0.00108597 0.5218244 ]
[0.30596399 0.09734876 0.19556579 0.5641098  0.33399243]
[1.19590011e-03 6.28398431e-05 1.28210487e-01 6.89131216e-01
 3.42274922e-01]
[0.09826329 0.41905642 0.01570226 0.27490308 0.5661551 ]
[0.0172371  0.00448156 0.51346985 0.12418203 0.39897453]
[0.31206524 0.12153783 0.27099854 0.63403426 0.19159518]
[0.02269645 0.08968224 0.06239236 0.483815   0.4519056 ]
[ 6.16262674e-04 -3.84603967e-04  9.17983225e-03  9.04219870e-01
  3.03222496e-01]
[0.0090138  0.16071864 0.5753799  0.37825918 0.26855762]
[0.1411608  0.0937859  0.65447264 0.29196116 0.03846366]
[0.0621822  0.05833078 0.04843755 0.03897978 0.60707748]
[0.38486988 0.32163926 0.1150058  0.4854417  0.05782105]
[0.00883564 0.35599247 0.7257273  0.00274645 0.13885986]
[9.97808601e-03 5.24649801e-04 2.86547216e-01 3.80030393e-03
 5.66391767e-01]
[0.09811274 0.13512063 0.01205255 0.52716762 0.4854848 ]
[1.60441716e-01 6.15159008e-01 4.13238140e-01 2.26388854e-04
 6.87262908e-02]
[0.15203172 0.00491382 0.60036363 0.03389486 0.35548945]
[ 5.43112044e-04 -3.80348514e-04  2.12107582e-02  9.98078784e-01
  8.12716346e-02]
[0.01883721 0.19044565 0.68060653 0.25419281 0.20635526]
[0.7170716  0.06703124 0.10854528 0.05374611 0.37491219]
[0.10242476 0.41915998 0.28275587 0.28151469 0.49013985]
[0.05071539 0.12940675 0.50844351 0.52056843 0.28128927]
[0.8027915  0.12665611 0.09575919 0.02057552 0.25568254]
[0.01024751 0.2036715  0.41623366 0.34342967 0.49720427]
[0.30086675 0.15944671 0.24284264 0.66557499 0.06067554]
[0.03164623 0.5872506  0.34935251 0.37080591 0.12358383]
[0.22655945 0.87010079 0.16100762 0.00901943 0.00754893]
[0.52725094 0.21401005 0.00575485 0.00843849 0.5201421 ]
[0.0426775  0.07494873 0.05850741 0.47662207 0.55896633]
[ 0.10454488  0.04325485  0.24020198 -0.00139946  0.60984587]
