[0.14978906 0.11824164 0.42899292 0.66493942 0.08933644]
[1.90765911e-03 4.14270174e-04 1.95028066e-01 8.85543724e-01
 1.54297036e-01]
[0.00359729 0.0007939  0.77656649 0.50553478 0.23184912]
[0.09585441 0.13262393 0.01198407 0.51651615 0.52227239]
[0.00334671 0.00820894 0.09392305 0.05504914 0.57164029]
[0.20100896 0.10256511 0.1715636  0.43360648 0.35379849]
[0.2053226  0.00400308 0.79416923 0.57856514 0.04221201]
[0.27418393 0.30506125 0.97900432 0.04654972 0.035915  ]
[0.16871834 0.00551962 0.68009106 0.03863831 0.40225161]
[0.09560469 0.07658663 0.25276312 0.00331657 0.60114703]
[0.30168976 1.08650624 0.05858738 0.2727466  0.3288819 ]
[0.01864966 0.01399923 0.01894899 0.51728859 0.63667257]
[0.33709123 0.5994763  0.46341849 0.35008057 0.05377671]
[0.02451244 0.01199511 0.71399687 0.49444869 0.31793886]
[0.00741184 0.0120582  0.27504391 0.45976137 0.53474747]
[-8.16428067e-05 -4.87356613e-04  2.92867122e-05 -1.38867570e-03
  7.61715963e-01]
[0.01720537 0.02081215 0.56895401 0.26308516 0.4357309 ]
[0.02432943 0.00909916 0.74373997 0.1773602  0.26338857]
[0.02818277 0.00122583 0.33610991 0.86847883 0.19186377]
[0.01585764 0.15602555 0.56404148 0.57844982 0.31228246]
[0.63029803 0.16940528 0.16554253 0.08403893 0.54425011]
[ 4.54160620e-04 -4.30310288e-04  1.68729320e-02  1.13982769e+00
  5.00514027e-02]
[0.57157455 0.21902863 0.09193306 0.38376625 0.22025581]
[0.53679265 0.50930506 0.41700715 0.20780323 0.06883543]
[0.02121081 0.02671523 0.33486228 0.69300185 0.00523674]
[ 0.10454488  0.04325485  0.24020198 -0.00139946  0.60984587]
[0.05475589 0.13119112 0.00737263 0.02357236 0.70942584]
[0.02187654 0.16231227 0.09445116 0.84826933 0.14700303]
[0.00896309 0.80054008 0.76567676 0.02365362 0.09991331]
[0.01501209 0.00427518 0.37369629 0.37164909 0.48951237]
[0.00551632 0.00297436 0.00192104 0.84647454 0.51958343]
[0.12468486 0.02148151 0.6699458  0.12277475 0.43785356]
[0.00870695 0.17033671 0.68321144 0.4587944  0.13568596]
[0.47462222 0.23989198 0.12486262 0.52721193 0.17296495]
[0.23149345 0.41158666 0.32145149 0.24072942 0.50088553]
[0.22061912 0.4537251  0.49496836 0.28548247 0.17444421]
[0.20800464 0.03474073 0.84730341 0.22005692 0.02025496]
[0.62506597 0.11014439 0.26216713 0.15424364 0.39487007]
[0.01704309 0.00159268 0.92394718 0.00552274 0.23277641]
[0.01455042 0.13039578 0.25843228 0.48955599 0.49813213]
[0.00637092 0.00410591 0.00136325 0.97718745 0.48946286]
[0.65596552 0.25187404 0.1688468  0.08373434 0.440316  ]
[0.68137416 0.26468215 0.10872637 0.05383931 0.37553804]
[0.00347494 0.0047743  0.11030633 0.54274725 0.55153896]
[0.01315648 0.98799215 0.21224499 0.01924731 0.13014009]
[0.01007954 0.0028827  0.10621069 1.03145609 0.22095001]
[0.00564364 0.02417621 0.35376612 0.27434463 0.5650131 ]
[0.40088507 0.15550066 0.57137276 0.04705982 0.38564734]
[0.30438498 0.05005842 0.60472819 0.14421465 0.51802284]
[0.15672934 0.09236568 0.45997826 0.51718749 0.18021761]
[0.03604258 0.30245638 0.92219151 0.14355773 0.0483034 ]
[0.32341293 0.02109301 0.79243058 0.14449946 0.02952025]
[0.18037994 0.23014682 0.04656677 0.66743877 0.13264222]
[0.75868001 0.29254829 0.0187722  0.51212381 0.04618634]
[0.01942264 0.19633011 0.70653558 0.26470488 0.21423364]
[0.0030774  1.01636207 0.02612729 0.4253124  0.16135183]
[0.86886453 0.37973707 0.6063079  0.02694603 0.05433412]
[ 0.02751989  0.06883372  0.70819583 -0.00164069  0.11175259]
[0.21136229 0.37241735 0.28879599 0.10779213 0.55466236]
[ 1.71622652e-03 -6.69611662e-05  2.16179484e-02  9.35041396e-01
  3.13618278e-01]
[0.17785336 0.68305438 0.46226322 0.00879237 0.07657219]
[0.31827217 0.27577824 0.83554779 0.23240955 0.01018531]
[0.03473171 0.00330931 0.2103365  0.19978034 0.55187765]
[0.03649995 0.55157448 1.01813968 0.07451842 0.0927633 ]
[0.35437539 0.34268518 0.11207505 0.61437532 0.42228582]
[0.1030076  0.71301827 0.45221989 0.10962749 0.11939409]
[0.26677585 0.10329811 0.6342088  0.04656859 0.37591806]
[0.2659352  0.1358632  0.44271469 0.22559639 0.27520054]
[0.2065691  0.36723889 0.64364353 0.3465453  0.12404633]
[0.13060514 0.01933048 0.40955776 0.44870779 0.41195286]
[8.70923299e-04 7.14896159e-04 3.25306141e-04 6.47242496e-01
 5.77492797e-01]
[0.06608757 0.13558001 0.50972259 0.60534067 0.20562219]
[0.50705705 0.18932501 0.35411686 0.41413234 0.23705921]
[0.38389236 0.4797287  0.03432366 0.56335044 0.32243953]
[0.15066592 0.0997796  0.69785482 0.31145493 0.04104006]
[0.0063149  0.18688386 0.62273415 0.64675871 0.1558549 ]
[0.35834862 0.22256976 0.06331645 0.28182172 0.55577811]
[3.72972739e-01 6.21961154e-01 8.45985578e-05 1.78343251e-01
 6.42958076e-01]
[0.64109792 0.05721343 0.42628382 0.02185637 0.23732391]
[0.45593612 0.32833767 0.09395528 0.50856939 0.36331952]
[0.52702091 0.72905123 0.06090314 0.01456443 0.07951322]
[0.0171374  0.92603861 0.03278124 0.01678852 0.4710466 ]
[0.80382946 0.08098919 0.21864113 0.07763078 0.29081721]
[0.19926762 0.25347354 0.01814916 0.47751061 0.50256428]
[0.36683605 0.9074953  0.07112777 0.19755803 0.11460214]
[0.20649811 0.4730551  0.11223568 0.61525852 0.0656957 ]
[0.00724964 0.00171694 0.35035635 0.53100071 0.44230205]
[0.0882389  0.02952921 0.0166066  1.05483419 0.21883885]
[9.97808601e-03 5.24649801e-04 2.86547216e-01 3.80030393e-03
 5.66391767e-01]
[0.00440985 0.00573519 0.0054087  0.13442256 0.73524504]
[0.01452085 0.05290972 0.77309442 0.22606025 0.16673476]
[0.04650896 0.00461537 1.06771639 0.02515723 0.06544534]
[0.01599783 0.00119874 0.45654983 0.00263866 0.74264125]
[0.00628945 0.00258693 0.48976977 0.84464525 0.24333461]
[0.48259437 0.01360229 0.51448877 0.11980588 0.40542335]
[0.04081546 0.10217814 0.0151439  0.05727584 0.5733885 ]
[0.03263847 0.12595557 0.08665313 0.50544706 0.511237  ]
[0.03417344 0.00323404 0.78554656 0.00751683 0.09930723]
[0.37934205 0.1926448  0.44691244 0.62675068 0.20556512]
[0.17399655 0.59616815 0.54451413 0.04550226 0.14865859]
