[0.00156223 0.02353394 0.77163577 0.01791487 0.12600476]
[0.08187237 1.03435566 0.05297976 0.0121742  0.07237953]
[0.8027915  0.12665611 0.09575919 0.02057552 0.25568254]
[0.22239789 0.45738542 0.50685272 0.16510661 0.1673047 ]
[0.98470666 0.12503113 0.02874402 0.02214266 0.15850041]
[0.22655945 0.87010079 0.16100762 0.00901943 0.00754893]
[0.15681956 0.00397919 0.61937804 0.01731167 0.24463681]
[0.34345969 0.40511443 0.0300451  0.29751615 0.50164264]
[0.00607265 0.69560433 0.66716979 0.01204172 0.06978514]
[0.15203172 0.00491382 0.60036363 0.03389486 0.35548945]
[0.28409665 0.23574856 0.77190772 0.21284952 0.00964656]
[0.55823343 0.05793012 0.00575642 0.00350887 0.52020737]
[ 0.22319164  0.17261648  0.04357974 -0.00142143  0.5919879 ]
[0.20032903 0.51168517 0.31273331 0.55126838 0.13487261]
[0.0145922  0.00094643 0.79076923 0.00702199 0.19917348]
[0.03332335 0.62879599 0.38054816 0.39955603 0.12993754]
[ 6.16262674e-04 -3.84603967e-04  9.17983225e-03  9.04219870e-01
  3.03222496e-01]
[0.32341293 0.02109301 0.79243058 0.14449946 0.02952025]
[0.01225574 0.02492991 0.02112188 0.79907861 0.20410067]
[0.0068377  0.13680905 0.27998135 0.48328085 0.49686537]
[0.48078123 0.28439607 0.0097986  0.53096771 0.12477002]
[0.20100896 0.10256511 0.1715636  0.43360648 0.35379849]
[0.24552107 0.07435698 0.59586515 0.31216015 0.02899173]
[0.00465398 0.00685685 0.15044484 0.73793887 0.1907556 ]
[ 0.10454488  0.04325485  0.24020198 -0.00139946  0.60984587]
[0.46269552 0.09152828 0.02766919 0.43336751 0.48735567]
[0.01501209 0.00427518 0.37369629 0.37164909 0.48951237]
[0.58979246 0.43095421 0.11925212 0.01329866 0.33571923]
[0.05875904 0.13720077 0.08608074 0.78268014 0.13563387]
[0.01883721 0.19044565 0.68060653 0.25419281 0.20635526]
[0.20800464 0.03474073 0.84730341 0.22005692 0.02025496]
[0.21877385 0.44891538 0.49773752 0.28519598 0.11582089]
[0.62506597 0.11014439 0.26216713 0.15424364 0.39487007]
[0.01019594 0.0134883  0.01217407 0.30353775 0.59986912]
[0.8782498  0.35243275 0.60654493 0.00368207 0.05365239]
[0.17328251 0.66550093 0.44696717 0.00292446 0.07436967]
[0.12238877 0.02323534 0.65927238 0.12078463 0.43087186]
[0.11968506 0.46175646 0.31670148 0.00105604 0.49965308]
[0.00724964 0.00171694 0.35035635 0.53100071 0.44230205]
[0.00978472 0.01211173 0.25179307 0.65786558 0.13073999]
[0.33009517 0.16876829 0.54565582 0.27907808 0.02944236]
[0.04650896 0.00461537 1.06771639 0.02515723 0.06544534]
[0.26035649 0.31578573 0.02321375 0.60820726 0.34488096]
[0.00564364 0.02417621 0.35376612 0.27434463 0.5650131 ]
[0.42516148 0.30614264 0.08761218 0.47410986 0.33518927]
[0.05071539 0.12940675 0.50844351 0.52056843 0.28128927]
[0.68241509 0.26270017 0.01687748 0.46036808 0.04149719]
[0.10242476 0.41915998 0.28275587 0.28151469 0.49013985]
[0.01454594 0.03380392 0.13899541 0.74203814 0.28524154]
[0.1353336  0.17701059 0.00525348 0.95500309 0.03991414]
[0.00820945 1.04810672 0.03656042 0.01642744 0.08842102]
[0.64799084 0.83530318 0.02510208 0.19930229 0.03847159]
[0.44721633 0.17312167 0.31018369 0.40955726 0.34171446]
[3.01085939e-04 1.37569765e-03 2.74112866e-04 8.67610162e-01
 9.13236903e-02]
[0.50686069 0.34587526 0.03687446 0.04719165 0.3632422 ]
[0.29975919 0.11585972 0.20793013 0.57412998 0.33990976]
[0.0621822  0.05833078 0.04843755 0.03897978 0.60707748]
[0.15418875 0.02557023 0.59487239 0.05296392 0.40578959]
[0.19926762 0.25347354 0.01814916 0.47751061 0.50256428]
[0.32032102 0.02088561 0.78485823 0.17390507 0.01362775]
[0.47629259 0.2407381  0.12530209 0.52907428 0.17104041]
[0.00741184 0.0120582  0.27504391 0.45976137 0.53474747]
[0.00578183 0.23507377 0.47962638 0.00108597 0.5218244 ]
[0.1767547  0.01013446 0.45989614 0.51709478 0.18018537]
[9.97808601e-03 5.24649801e-04 2.86547216e-01 3.80030393e-03
 5.66391767e-01]
[0.01024751 0.2036715  0.41623366 0.34342967 0.49720427]
[7.38525305e-03 1.78760044e-04 2.18976930e-01 2.17543238e-01
 6.07146207e-01]
[7.57951760e-04 5.70969702e-04 2.84066017e-04 5.76792007e-01
 5.14798288e-01]
[0.00870695 0.17033671 0.68321144 0.4587944  0.13568596]
[0.21197193 0.0368688  0.84172299 0.01944965 0.01411187]
[0.02716166 0.03664251 0.03222806 0.80483107 0.06243296]
[0.00337431 0.00113843 0.33271196 0.56378088 0.32094105]
[0.15006112 0.04522893 0.36432888 0.56429143 0.07369436]
[0.0426775  0.07494873 0.05850741 0.47662207 0.55896633]
[0.46352866 0.33859049 0.37871725 0.01272823 0.32330836]
[0.19592647 0.44882579 0.10649172 0.58367641 0.06231433]
[0.08278476 0.00819866 0.05663654 0.06673158 0.60945915]
[0.7170716  0.06703124 0.10854528 0.05374611 0.37491219]
[0.02520238 0.00681216 0.7484472  0.18198897 0.06695581]
[0.48259437 0.01360229 0.51448877 0.11980588 0.40542335]
[0.02523979 0.07528829 0.68521823 0.02046988 0.22359391]
[0.01372862 0.01245212 0.52205477 0.52153708 0.05342963]
[0.29501558 0.68971081 0.43100414 0.19686382 0.13563387]
[0.2659352  0.1358632  0.44271469 0.22559639 0.27520054]
[0.19774335 0.05977839 0.48437746 0.25304704 0.2802762 ]
[0.1411608  0.0937859  0.65447264 0.29196116 0.03846366]
[0.55728479 0.21337024 0.38604116 0.36397358 0.14596513]
[0.8715226  0.33904928 0.06820251 0.21597757 0.01987563]
[0.0172371  0.00448156 0.51346985 0.12418203 0.39897453]
[ 5.43112044e-04 -3.80348514e-04  2.12107582e-02  9.98078784e-01
  8.12716346e-02]
[0.57157455 0.21902863 0.09193306 0.38376625 0.22025581]
[0.13014661 0.04945055 0.64350381 0.44618515 0.00414909]
[0.17321459 0.59468329 0.54305259 0.04537436 0.14825852]
[0.09811274 0.13512063 0.01205255 0.52716762 0.4854848 ]
[0.00444636 0.00132511 0.01001568 0.47384161 0.58264672]
[0.00312153 0.00448446 0.10263905 0.50285163 0.51102718]
[0.32690408 0.10052357 0.56736561 0.05168667 0.36108405]
[-8.16428067e-05 -4.87356613e-04  2.92867122e-05 -1.38867570e-03
  7.61715963e-01]
[0.03418758 0.28693185 0.95723471 0.0091454  0.04931823]
[0.13761261 0.06741846 0.10971971 0.80276838 0.06437404]
