[0.09521397 0.93269631 0.22076094 0.08007587 0.33120714]
[0.00568619 0.00192856 0.00681932 0.0009831  0.86116819]
[0.18071815 0.14275511 0.4299576  0.68628846 0.09171749]
[0.02360875 0.02978    0.3690797  0.76407812 0.00715588]
[0.06608757 0.13558001 0.50972259 0.60534067 0.20562219]
[0.08857693 0.12377197 0.08404035 0.75945854 0.34778752]
[0.21970151 0.00737053 0.88540961 0.23060295 0.02118723]
[0.04790421 0.1280201  0.44616552 0.30357291 0.56740482]
[0.10424915 0.25570663 0.72058408 0.10512685 0.38676018]
[0.11966661 0.70712985 0.4506439  0.1179322  0.1191824 ]
[-1.06275960e-04  2.18382818e-03  1.05891598e-01  3.05295653e-01
  1.09691833e+00]
[0.63829261 0.10289663 0.27424786 0.29807045 0.42820225]
[0.5175613  0.26186067 0.13617885 0.57516669 0.18867073]
[0.00897934 0.00250761 0.10631682 1.03158088 0.21444798]
[0.0181344  0.01858417 0.72327333 0.50658667 0.32321376]
[0.64454977 0.17324852 0.16928586 0.08343839 0.5562723 ]
[0.05825203 0.02080465 0.417664   0.70492536 0.2394683 ]
[0.12477081 0.02316277 0.67682168 0.1228142  0.44174886]
[0.49809716 0.83879591 0.07200186 0.20001035 0.1160144 ]
[0.04085388 0.1022745  0.01517104 0.05733289 0.57393931]
[0.0032901  0.015785   0.07492269 0.10228664 0.84474748]
[0.0028244  0.76825012 0.73476067 0.02261179 0.15066674]
[0.01631476 0.00123423 0.37703678 0.00206833 0.71627973]
[0.28730045 0.04439637 0.57010679 0.3206906  0.53447903]
[0.58297694 0.2546132  0.40683195 0.69334127 0.05066992]
[0.47976389 0.18578935 0.12360947 0.51161529 0.46172687]
[0.31324885 0.65641698 0.04262813 0.71529405 0.01476764]
[0.2012384  0.47360705 0.00377407 0.09054605 0.82180346]
[0.03409908 0.00340316 0.74970384 0.33740652 0.57033208]
[0.84403833 0.41621549 0.13856765 0.2495159  0.15483113]
[0.01706974 0.00493749 0.41693629 0.41490604 0.54620706]
[0.00333546 0.00527645 0.11546056 0.56212665 0.56204636]
[0.00261005 0.02096553 0.02002151 0.12814331 0.79992217]
[0.26709451 0.23135895 0.70280089 0.04306019 0.42769068]
[0.06238627 0.46496642 0.27115408 0.81172643 0.23385923]
[0.43164637 0.02541813 0.01723541 1.028747   0.37077164]
[0.36030434 0.45863534 0.12961524 0.19243066 0.50010622]
[0.25456496 0.28217107 0.90736287 0.16499939 0.03370384]
[0.01526083 0.009154   0.01142437 0.03485968 0.63820268]
[0.35834862 0.22256976 0.06331645 0.28182172 0.55577811]
[0.00753128 0.00097301 0.00565163 0.90652033 0.48881125]
[0.06220359 0.238633   0.43378478 0.36073715 0.56284147]
[0.0048092  0.01142287 0.07997505 0.13331669 0.68047418]
[0.46844649 0.71467379 0.51469511 0.42126859 0.09815237]
[0.06228843 0.14644812 0.0082614  0.02665035 0.79436434]
[9.52862387e-04 1.98344486e-04 1.88679540e-04 1.02689668e+00
 4.17402005e-01]
[0.21136229 0.37241735 0.28879599 0.10779213 0.55466236]
[0.29739895 0.20411331 0.52907971 0.26888996 0.33008106]
[ 0.11896738  0.04323914  0.27841134 -0.00128428  0.70342693]
[0.12108925 0.71553177 0.47298414 0.00904613 0.11383147]
[ 1.48060422e-03 -1.35003154e-04  1.89112416e-02  8.17995799e-01
  5.06374178e-01]
[0.28323048 0.00967691 0.87187788 0.22277594 0.02118723]
[0.02080546 0.02138526 0.68913949 0.48268911 0.30801188]
[0.00486298 0.00148148 0.0058223  0.00406327 0.88940897]
[0.14549929 0.10047046 0.68926653 0.32248281 0.27382242]
[0.23292289 0.17554171 1.03457047 0.20867183 0.15560056]
[0.09841746 0.13762906 0.01238436 0.58775368 0.61563051]
[0.32155459 0.53973519 0.05359524 0.16265697 0.55500669]
[0.04229613 0.01644579 0.03470602 0.41619647 0.60437656]
[0.01191131 0.24352056 0.81150541 0.30556117 0.1491614 ]
[0.01878313 0.00153068 1.01592085 0.0111002  0.25607162]
[0.01864966 0.01399923 0.01894899 0.51728859 0.63667257]
[0.00653625 0.00567393 0.1044051  1.06361756 0.21860796]
[0.56027392 0.37950537 0.04215655 0.70736748 0.01459998]
[ 4.62045545e-03  1.66788112e-02  2.26098742e-02 -4.29472459e-04
  7.27364989e-01]
[2.02799065e-01 4.29409357e-01 5.17291665e-05 1.14850843e-01
 7.80502215e-01]
[0.86886453 0.37973707 0.6063079  0.02694603 0.05433412]
[0.57157455 0.21902863 0.09193306 0.38376625 0.22025581]
[0.00440985 0.00573519 0.0054087  0.13442256 0.73524504]
[0.48607175 0.81857179 0.07075997 0.45716157 0.137111  ]
[0.00864999 0.0012032  0.00483544 0.94640792 0.51028632]
[0.33268737 0.66148473 0.00562786 0.31774654 0.6992516 ]
[0.04027725 0.15442834 0.57618968 0.59105348 0.23065516]
[0.10847456 0.44673776 0.65804672 0.35386713 0.29664369]
[0.00407402 0.00334161 0.01015644 0.13667292 0.69114036]
[0.00870695 0.17033671 0.68321144 0.4587944  0.13568596]
[0.16002713 0.02987155 0.8678249  0.13413141 0.18981807]
[0.19910632 0.12511565 0.17745122 0.44825952 0.36570926]
[0.01741958 0.50663446 0.70799155 0.30797086 0.21730561]
[0.08731737 0.17921736 0.47239993 0.58404888 0.19744142]
[0.00896309 0.80054008 0.76567676 0.02365362 0.09991331]
[1.90765911e-03 4.14270174e-04 1.95028066e-01 8.85543724e-01
 1.54297036e-01]
[0.37956217 0.14687212 0.4792164  0.3930451  0.47506295]
[0.19726128 0.25091746 0.01796602 0.48005551 0.49599558]
[1.06706999e-02 6.02208591e-04 2.48142623e-01 2.36057106e-01
 6.47346228e-01]
[0.49743347 0.68191674 0.61702962 0.40483235 0.18514028]
[0.33677025 0.66960609 0.00569756 0.48526901 0.79360804]
[0.11103548 0.07083117 0.40275605 0.83926073 0.14236936]
[0.04175343 0.10624457 0.30367622 0.94488223 0.49461846]
[0.64398667 0.73060195 0.67352518 0.01366231 0.27417671]
[0.30982544 0.47255844 0.89255362 0.47978423 0.12398452]
[0.5161633  0.47819235 0.25285655 0.49512891 0.33292836]
[0.30847609 0.23263884 0.96250946 0.2057943  0.14921477]
[0.07747043 0.08536791 0.06212614 0.50985103 0.64386461]
[0.00983198 0.02733653 0.41586372 0.32748199 0.66774786]
[0.11770918 0.08452214 0.51269788 0.71062802 0.38727409]
[0.22521263 0.24971551 0.91121683 0.33960056 0.04620435]
[0.18975883 0.67329364 0.16143803 0.63330036 0.44242692]
[0.06184865 0.0853293  0.09212086 0.03251238 0.74902894]
[0.08843718 0.03200192 0.20705172 0.20415413 0.6903214 ]
