[0.63980203 0.4230726  0.17218991 0.33616706 0.04109484]
[0.34345969 0.40511443 0.0300451  0.29751615 0.50164264]
[7.38525305e-03 1.78760044e-04 2.18976930e-01 2.17543238e-01
 6.07146207e-01]
[0.20800464 0.03474073 0.84730341 0.22005692 0.02025496]
[0.03417344 0.00323404 0.78554656 0.00751683 0.09930723]
[0.21903255 0.45046028 0.49918803 0.28603328 0.17431519]
[0.12468486 0.02148151 0.6699458  0.12277475 0.43785356]
[0.35834862 0.22256976 0.06331645 0.28182172 0.55577811]
[3.72972739e-01 6.21961154e-01 8.45985578e-05 1.78343251e-01
 6.42958076e-01]
[0.11968506 0.46175646 0.31670148 0.00105604 0.49965308]
[1.90765911e-03 4.14270174e-04 1.95028066e-01 8.85543724e-01
 1.54297036e-01]
[0.00440985 0.00573519 0.0054087  0.13442256 0.73524504]
[0.01501209 0.00427518 0.37369629 0.37164909 0.48951237]
[0.01452085 0.05290972 0.77309442 0.22606025 0.16673476]
[0.18037994 0.23014682 0.04656677 0.66743877 0.13264222]
[0.2065691  0.36723889 0.64364353 0.3465453  0.12404633]
[0.51521016 0.70555061 0.05917925 0.01409173 0.07725306]
[0.02523979 0.07528829 0.68521823 0.02046988 0.22359391]
[0.02598201 0.03558468 0.79973787 0.01518823 0.08249586]
[0.0344412  0.64980235 0.39325071 0.41296291 0.13428779]
[0.09811274 0.13512063 0.01205255 0.52716762 0.4854848 ]
[0.08278476 0.00819866 0.05663654 0.06673158 0.60945915]
[0.03871739 0.09895401 0.01461686 0.06537155 0.56742575]
[0.09326264 0.01630603 0.50027023 0.09114517 0.52354648]
[9.97808601e-03 5.24649801e-04 2.86547216e-01 3.80030393e-03
 5.66391767e-01]
[0.01585764 0.15602555 0.56404148 0.57844982 0.31228246]
[0.00978472 0.01211173 0.25179307 0.65786558 0.13073999]
[0.00551632 0.00297436 0.00192104 0.84647454 0.51958343]
[0.58979246 0.43095421 0.11925212 0.01329866 0.33571923]
[0.30168976 1.08650624 0.05858738 0.2727466  0.3288819 ]
[0.48259437 0.01360229 0.51448877 0.11980588 0.40542335]
[0.15672934 0.09236568 0.45997826 0.51718749 0.18021761]
[0.0063149  0.18688386 0.62273415 0.64675871 0.1558549 ]
[ 1.71622652e-03 -6.69611662e-05  2.16179484e-02  9.35041396e-01
  3.13618278e-01]
[0.03418758 0.28693185 0.95723471 0.0091454  0.04931823]
[0.00741184 0.0120582  0.27504391 0.45976137 0.53474747]
[0.0068377  0.13680905 0.27998135 0.48328085 0.49686537]
[9.73063647e-04 3.72169729e-03 6.77018348e-04 9.53157317e-01
 9.97302317e-02]
[0.00870695 0.17033671 0.68321144 0.4587944  0.13568596]
[0.00564364 0.02417621 0.35376612 0.27434463 0.5650131 ]
[0.02716166 0.03664251 0.03222806 0.80483107 0.06243296]
[0.0100921  0.00735555 0.00187641 0.49981651 0.61446402]
[8.70923299e-04 7.14896159e-04 3.25306141e-04 6.47242496e-01
 5.77492797e-01]
[0.08570544 0.08228856 0.06710527 0.03165864 0.74774519]
[0.47629259 0.2407381  0.12530209 0.52907428 0.17104041]
[0.56469555 0.41002232 0.49193789 0.00254716 0.3994027 ]
[0.01883721 0.19044565 0.68060653 0.25419281 0.20635526]
[0.00334671 0.00820894 0.09392305 0.05504914 0.57164029]
[0.00724964 0.00171694 0.35035635 0.53100071 0.44230205]
[ 0.10454488  0.04325485  0.24020198 -0.00139946  0.60984587]
[0.0030774  1.01636207 0.02612729 0.4253124  0.16135183]
[0.32341293 0.02109301 0.79243058 0.14449946 0.02952025]
[0.45774634 0.17763413 0.07430951 0.03548525 0.52484145]
[0.05875904 0.13720077 0.08608074 0.78268014 0.13563387]
[0.07902848 0.11640586 0.00138507 0.59897912 0.60818372]
[0.21197193 0.0368688  0.84172299 0.01944965 0.01411187]
[0.14521155 0.09614937 0.64966716 0.40668467 0.0414933 ]
[0.01599783 0.00119874 0.45654983 0.00263866 0.74264125]
[0.31111139 0.54832072 0.42500475 0.15963603 0.39273057]
[0.20100896 0.10256511 0.1715636  0.43360648 0.35379849]
[0.17785336 0.68305438 0.46226322 0.00879237 0.07657219]
[0.00156548 0.0359335  0.92879239 0.22635508 0.07911448]
[-8.16428067e-05 -4.87356613e-04  2.92867122e-05 -1.38867570e-03
  7.61715963e-01]
[0.01704309 0.00159268 0.92394718 0.00552274 0.23277641]
[0.17399655 0.59616815 0.54451413 0.04550226 0.14865859]
[0.48078123 0.28439607 0.0097986  0.53096771 0.12477002]
[0.86886453 0.37973707 0.6063079  0.02694603 0.05433412]
[0.04650896 0.00461537 1.06771639 0.02515723 0.06544534]
[0.19926762 0.25347354 0.01814916 0.47751061 0.50256428]
[0.65596552 0.25187404 0.1688468  0.08373434 0.440316  ]
[0.21136229 0.37241735 0.28879599 0.10779213 0.55466236]
[0.03263847 0.12595557 0.08665313 0.50544706 0.511237  ]
[0.75868001 0.29254829 0.0187722  0.51212381 0.04618634]
[0.29884075 0.04913601 0.58973905 0.14076153 0.50713505]
[0.00628945 0.00258693 0.48976977 0.84464525 0.24333461]
[0.00896309 0.80054008 0.76567676 0.02365362 0.09991331]
[0.15203172 0.00491382 0.60036363 0.03389486 0.35548945]
[0.31827217 0.27577824 0.83554779 0.23240955 0.01018531]
[0.44721633 0.17312167 0.31018369 0.40955726 0.34171446]
[0.2278995  0.28995074 0.02076257 0.55232667 0.3721888 ]
[0.57157455 0.21902863 0.09193306 0.38376625 0.22025581]
[0.15268461 0.04602944 0.3706921  0.57418319 0.07498841]
[0.08409993 0.5906299  0.13184951 0.69973164 0.07473989]
[0.68137416 0.26468215 0.10872637 0.05383931 0.37553804]
[0.45593612 0.32833767 0.09395528 0.50856939 0.36331952]
[0.80799744 0.31037701 0.20798266 0.10363454 0.17184204]
[0.15066592 0.0997796  0.69785482 0.31145493 0.04104006]
[0.2449687  0.89245038 0.1373608  0.19353651 0.16539524]
[0.01463984 0.02983036 0.02518487 0.83259698 0.21223337]
[0.01232101 0.92601649 0.1989359  0.01790588 0.18316455]
[0.62506597 0.11014439 0.26216713 0.15424364 0.39487007]
[0.2659352  0.1358632  0.44271469 0.22559639 0.27520054]
[0.19083099 0.08298344 0.133215   1.03469167 0.05387198]
[0.20051769 0.37366978 0.64640582 0.34804166 0.03375549]
[0.01699131 0.02054822 0.56194427 0.25547304 0.42913176]
[0.05475589 0.13119112 0.00737263 0.02357236 0.70942584]
[0.00347494 0.0047743  0.11030633 0.54274725 0.55153896]
[0.0171374  0.92603861 0.03278124 0.01678852 0.4710466 ]
[0.20649811 0.4730551  0.11223568 0.61525852 0.0656957 ]
[0.06608757 0.13558001 0.50972259 0.60534067 0.20562219]
