[3.72972739e-01 6.21961154e-01 8.45985578e-05 1.78343251e-01
 6.42958076e-01]
[0.12468486 0.02148151 0.6699458  0.12277475 0.43785356]
[0.1353336  0.17701059 0.00525348 0.95500309 0.03991414]
[0.00268632 0.00652246 0.09719537 0.06231305 0.60521534]
[0.47629259 0.2407381  0.12530209 0.52907428 0.17104041]
[0.01454552 0.12345823 0.01682372 0.07563017 0.65313882]
[7.38525305e-03 1.78760044e-04 2.18976930e-01 2.17543238e-01
 6.07146207e-01]
[0.55823343 0.05793012 0.00575642 0.00350887 0.52020737]
[0.00180805 0.00688608 0.00119594 0.86766034 0.09077012]
[0.00628409 0.00240211 0.48496908 0.83634595 0.23479497]
[0.01019594 0.0134883  0.01217407 0.30353775 0.59986912]
[0.29884075 0.04913601 0.58973905 0.14076153 0.50713505]
[0.00312153 0.00448446 0.10263905 0.50285163 0.51102718]
[-8.16428067e-05 -4.87356613e-04  2.92867122e-05 -1.38867570e-03
  7.61715963e-01]
[0.74620791 0.38618466 0.20518705 0.01795109 0.17392432]
[0.21136229 0.37241735 0.28879599 0.10779213 0.55466236]
[0.01699131 0.02054822 0.56194427 0.25547304 0.42913176]
[0.58979246 0.43095421 0.11925212 0.01329866 0.33571923]
[0.20800464 0.03474073 0.84730341 0.22005692 0.02025496]
[0.01463984 0.02983036 0.02518487 0.83259698 0.21223337]
[1.90765911e-03 4.14270174e-04 1.95028066e-01 8.85543724e-01
 1.54297036e-01]
[0.26035649 0.31578573 0.02321375 0.60820726 0.34488096]
[0.68137416 0.26468215 0.10872637 0.05383931 0.37553804]
[0.11968506 0.46175646 0.31670148 0.00105604 0.49965308]
[0.00978472 0.01211173 0.25179307 0.65786558 0.13073999]
[0.09811274 0.13512063 0.01205255 0.52716762 0.4854848 ]
[0.98470666 0.12503113 0.02874402 0.02214266 0.15850041]
[0.0068377  0.13680905 0.27998135 0.48328085 0.49686537]
[0.19592647 0.44882579 0.10649172 0.58367641 0.06231433]
[0.05129748 0.1228922  0.00690496 0.02195273 0.66473145]
[0.57157455 0.21902863 0.09193306 0.38376625 0.22025581]
[0.18037994 0.23014682 0.04656677 0.66743877 0.13264222]
[9.97808601e-03 5.24649801e-04 2.86547216e-01 3.80030393e-03
 5.66391767e-01]
[0.01232101 0.92601649 0.1989359  0.01790588 0.18316455]
[0.00870695 0.17033671 0.68321144 0.4587944  0.13568596]
[0.06520985 0.06285253 0.05135955 0.04274719 0.64695072]
[0.07902848 0.11640586 0.00138507 0.59897912 0.60818372]
[0.86886453 0.37973707 0.6063079  0.02694603 0.05433412]
[0.20100896 0.10256511 0.1715636  0.43360648 0.35379849]
[0.0030774  1.01636207 0.02612729 0.4253124  0.16135183]
[0.00676945 0.33108778 0.43770022 0.22407776 0.28197806]
[0.17875059 0.4574858  0.03958803 0.30580719 0.36489968]
[0.42516148 0.30614264 0.08761218 0.47410986 0.33518927]
[0.00302455 0.00140302 0.001064   0.90818042 0.55738177]
[0.44721633 0.17312167 0.31018369 0.40955726 0.34171446]
[0.15006112 0.04522893 0.36432888 0.56429143 0.07369436]
[0.29975919 0.11585972 0.20793013 0.57412998 0.33990976]
[0.45948271 0.08360609 0.50995952 0.15896296 0.16791113]
[0.08278476 0.00819866 0.05663654 0.06673158 0.60945915]
[0.02716166 0.03664251 0.03222806 0.80483107 0.06243296]
[0.04650896 0.00461537 1.06771639 0.02515723 0.06544534]
[0.01501209 0.00427518 0.37369629 0.37164909 0.48951237]
[0.00607265 0.69560433 0.66716979 0.01204172 0.06978514]
[0.00741184 0.0120582  0.27504391 0.45976137 0.53474747]
[0.62405225 0.24248166 0.04108659 0.05281878 0.40471987]
[0.02520238 0.00681216 0.7484472  0.18198897 0.06695581]
[0.62506597 0.11014439 0.26216713 0.15424364 0.39487007]
[0.01883721 0.19044565 0.68060653 0.25419281 0.20635526]
[0.09326264 0.01630603 0.50027023 0.09114517 0.52354648]
[0.75868001 0.29254829 0.0187722  0.51212381 0.04618634]
[0.48078123 0.28439607 0.0097986  0.53096771 0.12477002]
[0.00941338 0.00682862 0.00174868 0.46661834 0.57379876]
[0.05071539 0.12940675 0.50844351 0.52056843 0.28128927]
[0.03332335 0.62879599 0.38054816 0.39955603 0.12993754]
[0.51521016 0.70555061 0.05917925 0.01409173 0.07725306]
[0.00724964 0.00171694 0.35035635 0.53100071 0.44230205]
[0.15203172 0.00491382 0.60036363 0.03389486 0.35548945]
[8.70923299e-04 7.14896159e-04 3.25306141e-04 6.47242496e-01
 5.77492797e-01]
[0.03418758 0.28693185 0.95723471 0.0091454  0.04931823]
[0.03417344 0.00323404 0.78554656 0.00751683 0.09930723]
[0.02523979 0.07528829 0.68521823 0.02046988 0.22359391]
[ 0.48124507  0.31290774  0.09410988 -0.00213097  0.49042359]
[0.56468418 0.41001406 0.49192799 0.00254707 0.39939465]
[0.1411608  0.0937859  0.65447264 0.29196116 0.03846366]
[ 1.71622652e-03 -6.69611662e-05  2.16179484e-02  9.35041396e-01
  3.13618278e-01]
[0.30161994 0.53158296 0.41204405 0.15470292 0.3807432 ]
[0.32341293 0.02109301 0.79243058 0.14449946 0.02952025]
[0.78026047 0.31049356 0.20160641 0.10039228 0.16656267]
[ 5.43112044e-04 -3.80348514e-04  2.12107582e-02  9.98078784e-01
  8.12716346e-02]
[0.17785336 0.68305438 0.46226322 0.00879237 0.07657219]
[0.21903255 0.45046028 0.49918803 0.28603328 0.17431519]
[0.1767547  0.01013446 0.45989614 0.51709478 0.18018537]
[0.0194218  0.00328833 0.57420973 0.57384968 0.06090029]
[0.34345969 0.40511443 0.0300451  0.29751615 0.50164264]
[0.17399655 0.59616815 0.54451413 0.04550226 0.14865859]
[0.05875904 0.13720077 0.08608074 0.78268014 0.13563387]
[ 0.10454488  0.04325485  0.24020198 -0.00139946  0.60984587]
[0.24552107 0.07435698 0.59586515 0.31216015 0.02899173]
[0.28409665 0.23574856 0.77190772 0.21284952 0.00964656]
[0.00564364 0.02417621 0.35376612 0.27434463 0.5650131 ]
[0.2659352  0.1358632  0.44271469 0.22559639 0.27520054]
[0.48259437 0.01360229 0.51448877 0.11980588 0.40542335]
[0.19926762 0.25347354 0.01814916 0.47751061 0.50256428]
[0.70841407 0.47851688 0.19170758 0.06246021 0.0783758 ]
[0.0145922  0.00094643 0.79076923 0.00702199 0.19917348]
[0.32690408 0.10052357 0.56736561 0.05168667 0.36108405]
[0.02598201 0.03558468 0.79973787 0.01518823 0.08249586]
[0.01024751 0.2036715  0.41623366 0.34342967 0.49720427]
[0.0171374  0.92603861 0.03278124 0.01678852 0.4710466 ]
[0.21197193 0.0368688  0.84172299 0.01944965 0.01411187]
