[0.04360468 0.42771464 0.76966403 0.01276044 0.34923007]
[0.54072174 0.10231234 0.5870932  0.13673936 0.46177244]
[0.35834862 0.22256976 0.06331645 0.28182172 0.55577811]
[ 0.11163994  0.04622707  0.25648076 -0.00134857  0.65119406]
[0.15358402 0.43315756 0.65158205 0.2865337  0.20854481]
[0.06238627 0.46496642 0.27115408 0.81172643 0.23385923]
[0.25003927 0.50108389 0.12238644 0.67107061 0.19809873]
[0.47976389 0.18578935 0.12360947 0.51161529 0.46172687]
[0.33268737 0.66148473 0.00562786 0.31774654 0.6992516 ]
[0.0028244  0.76825012 0.73476067 0.02261179 0.15066674]
[0.09841746 0.13762906 0.01238436 0.58775368 0.61563051]
[1.90765911e-03 4.14270174e-04 1.95028066e-01 8.85543724e-01
 1.54297036e-01]
[0.19910632 0.12511565 0.17745122 0.44825952 0.36570926]
[0.1030076  0.71301827 0.45221989 0.10962749 0.11939409]
[0.52555657 0.81494138 0.13017937 0.39286552 0.09185387]
[0.86886453 0.37973707 0.6063079  0.02694603 0.05433412]
[0.08677381 0.05765267 0.2573919  0.81230384 0.42531803]
[0.63029803 0.16940528 0.16554253 0.08403893 0.54425011]
[0.28730045 0.04439637 0.57010679 0.3206906  0.53447903]
[0.25456496 0.28217107 0.90736287 0.16499939 0.03370384]
[ 1.71622652e-03 -6.69611662e-05  2.16179484e-02  9.35041396e-01
  3.13618278e-01]
[0.09521397 0.93269631 0.22076094 0.08007587 0.33120714]
[0.21136229 0.37241735 0.28879599 0.10779213 0.55466236]
[0.17785336 0.68305438 0.46226322 0.00879237 0.07657219]
[0.54815162 0.62190078 0.20625401 0.07467385 0.30942104]
[0.04650896 0.00461537 1.06771639 0.02515723 0.06544534]
[0.00324482 0.00512421 0.1124739  0.5534494  0.56237955]
[0.0030774  1.01636207 0.02612729 0.4253124  0.16135183]
[0.01410755 1.05854347 0.22739568 0.02077436 0.13945658]
[0.05475589 0.13119112 0.00737263 0.02357236 0.70942584]
[0.01631476 0.00123423 0.37703678 0.00206833 0.71627973]
[0.12477081 0.02316277 0.67682168 0.1228142  0.44174886]
[ 1.48060422e-03 -1.35003154e-04  1.89112416e-02  8.17995799e-01
  5.06374178e-01]
[0.00664342 0.02406032 0.35653983 0.27733123 0.5700652 ]
[0.00897934 0.00250761 0.10631682 1.03158088 0.21444798]
[0.43164637 0.02541813 0.01723541 1.028747   0.37077164]
[0.10424915 0.25570663 0.72058408 0.10512685 0.38676018]
[0.28323048 0.00967691 0.87187788 0.22277594 0.02118723]
[0.04085388 0.1022745  0.01517104 0.05733289 0.57393931]
[0.57157455 0.21902863 0.09193306 0.38376625 0.22025581]
[1.06706999e-02 6.02208591e-04 2.48142623e-01 2.36057106e-01
 6.47346228e-01]
[0.02674894 0.06441918 0.28634353 0.88347979 0.14972273]
[0.77292153 0.29805009 0.01912553 0.52177531 0.04706078]
[0.5175613  0.26186067 0.13617885 0.57516669 0.18867073]
[0.14138742 0.02963452 0.76960291 0.11870775 0.16828932]
[0.02080546 0.02138526 0.68913949 0.48268911 0.30801188]
[0.01864966 0.01399923 0.01894899 0.51728859 0.63667257]
[0.69215776 0.11162931 0.29407461 0.20522753 0.43972547]
[0.35223914 0.21827041 0.26094358 0.34606685 0.55923479]
[2.89883489e-03 5.13344426e-04 2.18902287e-02 8.66946211e-01
 2.31988617e-01]
[0.14978906 0.11824164 0.42899292 0.66493942 0.08933644]
[0.37934205 0.1926448  0.44691244 0.62675068 0.20556512]
[0.63829261 0.10289663 0.27424786 0.29807045 0.42820225]
[0.26709451 0.23135895 0.70280089 0.04306019 0.42769068]
[0.01191131 0.24352056 0.81150541 0.30556117 0.1491614 ]
[0.02144822 0.02604349 0.69670508 0.3214325  0.53332194]
[0.30438498 0.05005842 0.60472819 0.14421465 0.51802284]
[0.08860028 0.14893247 0.69821399 0.32544875 0.27603443]
[0.00637092 0.00410591 0.00136325 0.97718745 0.48946286]
[0.84403833 0.41621549 0.13856765 0.2495159  0.15483113]
[0.00569475 0.00307993 0.08041561 0.81886121 0.5034746 ]
[0.36030434 0.45863534 0.12961524 0.19243066 0.50010622]
[0.2052706  0.19074197 0.83001265 0.23880224 0.04171718]
[0.01704309 0.00159268 0.92394718 0.00552274 0.23277641]
[8.70923299e-04 7.14896159e-04 3.25306141e-04 6.47242496e-01
 5.77492797e-01]
[0.00741184 0.0120582  0.27504391 0.45976137 0.53474747]
[0.19726128 0.25091746 0.01796602 0.48005551 0.49599558]
[0.10561778 0.25906621 0.73002954 0.09584337 0.31720379]
[3.72972739e-01 6.21961154e-01 8.45985578e-05 1.78343251e-01
 6.42958076e-01]
[0.08857693 0.12377197 0.08404035 0.75945854 0.34778752]
[0.52155606 0.35324527 0.03924041 0.65672542 0.01367636]
[0.0347873  0.31070219 0.94629476 0.14736587 0.04865067]
[0.50705705 0.18932501 0.35411686 0.41413234 0.23705921]
[0.16946322 0.09991167 0.49792264 0.55994649 0.19717217]
[-8.16428067e-05 -4.87356613e-04  2.92867122e-05 -1.38867570e-03
  7.61715963e-01]
[0.06608757 0.13558001 0.50972259 0.60534067 0.20562219]
[0.31929307 0.04275961 0.06702368 0.51961969 0.54403737]
[0.04790421 0.1280201  0.44616552 0.30357291 0.56740482]
[0.00440985 0.00573519 0.0054087  0.13442256 0.73524504]
[0.29739895 0.20411331 0.52907971 0.26888996 0.33008106]
[0.0048092  0.01142287 0.07997505 0.13331669 0.68047418]
[0.00870695 0.17033671 0.68321144 0.4587944  0.13568596]
[0.02121081 0.02671523 0.33486228 0.69300185 0.00523674]
[0.01501209 0.00427518 0.37369629 0.37164909 0.48951237]
[0.01552209 0.15697985 0.56536067 0.57990575 0.22631293]
[0.00896309 0.80054008 0.76567676 0.02365362 0.09991331]
[0.49809716 0.83879591 0.07200186 0.20001035 0.1160144 ]
[0.01411875 0.00550971 0.36730758 0.36525121 0.46850559]
[0.01741958 0.50663446 0.70799155 0.30797086 0.21730561]
[0.48607175 0.81857179 0.07075997 0.45716157 0.137111  ]
[0.01867326 0.0174901  0.71627778 0.5016665  0.32008391]
[0.10847456 0.44673776 0.65804672 0.35386713 0.29664369]
[0.00887806 0.79308168 0.7585481  0.0234134  0.10244   ]
[0.08731737 0.17921736 0.47239993 0.58404888 0.19744142]
[0.64454977 0.17324852 0.16928586 0.08343839 0.5562723 ]
[0.21970151 0.00737053 0.88540961 0.23060295 0.02118723]
[ 4.62045545e-03  1.66788112e-02  2.26098742e-02 -4.29472459e-04
  7.27364989e-01]
[0.22048461 0.20661749 0.16661223 0.50951196 0.41549847]
[0.04229613 0.01644579 0.03470602 0.41619647 0.60437656]
[0.26543136 0.22991543 0.69488942 0.05004128 0.42347937]
