[0.04722504 0.29188988 0.00546427 0.75643323 0.25494685]
[0.18341871 0.80154745 0.46118566 0.14207924 0.23368583]
[0.04952892 0.81346448 0.19410043 0.78627874 0.00452786]
[0.08353389 0.32065387 0.02950456 0.98579656 0.08122117]
[0.08553591 0.25616413 0.01810306 0.6982453  0.04908957]
[0.0386444  0.23097586 0.50254374 0.60417471 0.17005001]
[ 8.99942524e-06 -7.10525446e-05  3.65979037e-04  7.66956333e-01
  7.99708459e-01]
[0.56019627 0.1820348  0.11232573 0.88521847 0.13692957]
[0.44115798 0.18336484 0.19465858 0.6170017  0.03373598]
[0.36677234 0.00302294 0.15824057 0.57104174 0.51484553]
[0.22086896 0.06860092 0.11908552 1.00780239 0.06789277]
[0.41274238 0.40133154 0.48087816 0.37434294 0.18310789]
[0.04768518 0.15472541 0.14594633 1.1015276  0.23496604]
[-9.67690972e-05 -4.18519589e-04  3.60031424e-03  1.46768593e-02
  8.13706953e-01]
[1.95927561e-04 1.48164216e-02 1.36259816e-02 8.46439036e-01
 4.42741290e-01]
[0.00446647 0.00380423 0.24935488 0.59812634 0.39705677]
[0.15349076 0.02280484 0.07169088 0.28891428 0.60023955]
[ 7.75906985e-04 -5.73720536e-04  6.31597423e-04 -1.28647203e-03
  7.11651353e-01]
[0.09573859 0.25489214 0.11831907 0.55438384 0.42116683]
[0.13127194 0.30566762 0.19404721 0.30328718 0.4511594 ]
[1.02102829 0.029744   0.05552638 0.4881887  0.17992745]
[0.00152303 0.00181513 0.11246245 0.66692979 0.4134961 ]
[0.23391859 0.07751531 0.22363379 0.82297976 0.18325458]
[0.29848813 0.717171   0.18407286 0.27342527 0.49403458]
[ 9.46100920e-06 -1.01965628e-04  2.97625669e-04 -1.70685763e-03
  6.72731659e-01]
[0.04306991 0.25738057 0.57766279 0.69221855 0.00535906]
[0.0035919  0.0252303  0.01131906 0.39678567 0.62336141]
[0.53829049 0.17358064 0.10787053 0.88532273 0.13541275]
[0.8321202  0.61392675 0.09903027 0.21489695 0.07628495]
[0.84661714 0.56966694 0.19614202 0.32576727 0.3024762 ]
[1.82845293e-04 1.42654761e-02 1.33274230e-02 8.22526164e-01
 4.45378650e-01]
[0.43077908 0.20380247 0.19341358 0.61304281 0.03302119]
[ 5.54707846e-03 -4.45592268e-04  2.35058347e-01  6.04614142e-01
  3.98998708e-01]
[0.18578518 0.12802583 0.12038569 0.97308633 0.04716069]
[1.07329656 0.110698   0.26355958 0.01960966 0.34603958]
[0.04341991 0.71339881 0.16383155 0.68723291 0.19151647]
[0.94809733 0.38765867 0.45321973 0.13472734 0.20786414]
[0.94983328 0.07812943 0.31438915 0.04991259 0.14818216]
[0.15749326 0.52672778 0.28822405 0.84429226 0.04927246]
[0.49790666 0.29763628 0.03857497 0.99088868 0.05276239]
[0.35452675 0.28470046 0.01294224 0.75377324 0.26113779]
[0.55306008 0.7082767  0.05678322 0.91789039 0.06074277]
[0.15848167 0.35403681 0.0476157  0.99811191 0.22465163]
[-7.33152785e-05 -3.56974740e-04  4.76432906e-03  2.00356880e-02
  9.12327253e-01]
[0.22173219 0.09319866 0.06047523 0.60137754 0.57172972]
[0.15516953 0.02285767 0.07246362 0.29204921 0.60670884]
[0.47831347 0.56458513 0.18979252 0.59537424 0.40482085]
[0.51951736 0.55111685 0.19054876 0.61026234 0.41562453]
[0.34025306 0.50698652 0.09743746 0.48463358 0.53829958]
[0.02602432 0.03130673 0.06042869 0.74287727 0.48463596]
[0.0073277  0.00193877 0.02206999 0.01014356 0.99786834]
[4.56660235e-04 7.84397309e-05 2.47051578e-02 2.06077223e-02
 7.69355290e-01]
[0.01555781 0.01319932 0.02524043 0.00969369 0.81174639]
[0.04622533 0.05416211 0.02679243 0.0414536  0.70525223]
[0.01359838 0.78674771 0.27136848 0.132753   0.48972264]
[0.01500665 0.01058335 0.19737411 0.03240342 0.61311462]
[0.00891879 0.00555095 0.00197177 0.44260895 0.70064262]
[0.00704226 0.03851685 0.01046406 0.11350616 0.7720263 ]
[0.00508877 0.02730607 0.13455813 0.01874297 1.05298624]
[0.11736582 0.00192173 0.02947277 0.09094071 0.74745693]
[3.77966481e-03 3.02637953e-03 1.66250529e-04 8.76875823e-02
 7.89700566e-01]
[0.00866348 0.02409297 0.13145077 0.00136897 0.83179729]
[ 3.15321386e-01  1.48800245e-01  1.57193819e-01 -5.17774315e-05
  6.67251965e-01]
[2.41618444e-01 3.71782802e-01 5.07260884e-02 4.84613119e-05
 7.05747102e-01]
[0.00889224 0.00978673 0.01285097 0.47787135 0.66829837]
[0.00950221 0.06224329 0.00112927 0.16060119 0.69526833]
[ 1.75312433e-05 -4.53393362e-05  3.85990027e-04  8.03529806e-01
  7.89781415e-01]
[0.00096245 0.02149306 0.04654883 0.14419719 0.66808929]
[0.00165318 0.00373288 0.00319795 0.1825245  0.74066055]
[0.11624949 0.00204718 0.02919298 0.09005861 0.74037047]
[0.01405839 0.00422828 0.01838136 0.01074377 0.99835876]
[0.0224387  0.00707583 0.01173505 0.02047117 0.76718093]
[2.34456491e-01 4.12468299e-01 5.55052518e-02 1.87798505e-04
 7.59876823e-01]
[0.06029237 0.08628337 0.02762113 0.56485763 0.65246918]
[0.0901734  0.29264036 0.27557237 0.89275533 0.23273798]
[0.02167538 0.08121734 0.10822829 0.96297444 0.42080939]
[0.44584486 0.32901818 0.02819148 0.86486552 0.17996968]
[0.47198178 0.21291674 0.2104586  0.63705855 0.03548348]
[0.11665889 0.2595786  0.03511384 0.63911001 0.60607696]
[0.98082699 0.3839165  0.45526577 0.06825746 0.21168934]
[4.69007270e-02 6.60382983e-04 6.76953193e-01 4.39518408e-01
 4.46118050e-01]
[0.07326877 0.05958242 0.00265349 0.18279181 0.76289125]
[0.0816136  0.02668359 0.07809558 0.28612643 0.70355873]
[0.26933096 0.16076538 0.08969169 0.56028032 0.63231928]
[0.08831579 0.0956552  0.0640167  0.3008741  0.6878574 ]
[0.31722962 0.03656105 0.85852081 0.01885545 0.29184666]
[0.03766874 0.06459732 0.06874502 0.71558936 0.64874204]
[0.00519053 0.1696759  0.17664212 0.37551099 0.64466382]
[0.21079696 0.14741079 0.67325943 0.88040129 0.06258986]
[0.48580052 0.20214358 0.14779061 0.59781272 0.5583505 ]
[0.01589933 0.24433791 0.24747753 0.18963074 0.54067769]
[0.01174808 0.05796048 0.04152449 0.02533966 0.84740665]
[0.04302991 0.16258522 0.19544434 0.99600977 0.3748823 ]
[0.33006832 0.32219664 0.26724075 0.19869072 0.52130695]
[0.82765758 0.02399594 0.57154272 0.41602204 0.22917641]
[0.35381438 0.23017421 0.02977628 0.20943916 0.70208763]
[0.3241976  0.00260122 0.13987426 0.50627929 0.66793124]
[0.35791474 0.12557399 0.02806299 0.17830118 0.70538046]
[0.26567453 0.0815209  0.68655254 0.90637333 0.06442234]
[0.17124499 0.16309339 0.0634271  0.52148398 0.64467909]
