[0.04722504 0.29188988 0.00546427 0.75643323 0.25494685]
[0.18341871 0.80154745 0.46118566 0.14207924 0.23368583]
[0.08353389 0.32065387 0.02950456 0.98579656 0.08122117]
[0.08553591 0.25616413 0.01810306 0.6982453  0.04908957]
[0.44115798 0.18336484 0.19465858 0.6170017  0.03373598]
[0.36677234 0.00302294 0.15824057 0.57104174 0.51484553]
[0.22086896 0.06860092 0.11908552 1.00780239 0.06789277]
[0.41274238 0.40133154 0.48087816 0.37434294 0.18310789]
[1.95927561e-04 1.48164216e-02 1.36259816e-02 8.46439036e-01
 4.42741290e-01]
[0.00446647 0.00380423 0.24935488 0.59812634 0.39705677]
[0.15349076 0.02280484 0.07169088 0.28891428 0.60023955]
[0.09573859 0.25489214 0.11831907 0.55438384 0.42116683]
[0.13127194 0.30566762 0.19404721 0.30328718 0.4511594 ]
[0.29848813 0.717171   0.18407286 0.27342527 0.49403458]
[ 9.46100920e-06 -1.01965628e-04  2.97625669e-04 -1.70685763e-03
  6.72731659e-01]
[0.0035919  0.0252303  0.01131906 0.39678567 0.62336141]
[0.8321202  0.61392675 0.09903027 0.21489695 0.07628495]
[1.82845293e-04 1.42654761e-02 1.33274230e-02 8.22526164e-01
 4.45378650e-01]
[0.43077908 0.20380247 0.19341358 0.61304281 0.03302119]
[ 5.54707846e-03 -4.45592268e-04  2.35058347e-01  6.04614142e-01
  3.98998708e-01]
[0.18578518 0.12802583 0.12038569 0.97308633 0.04716069]
[1.07329656 0.110698   0.26355958 0.01960966 0.34603958]
[0.94983328 0.07812943 0.31438915 0.04991259 0.14818216]
[0.22173219 0.09319866 0.06047523 0.60137754 0.57172972]
[0.02602432 0.03130673 0.06042869 0.74287727 0.48463596]
[0.01359838 0.78674771 0.27136848 0.132753   0.48972264]
[0.01500665 0.01058335 0.19737411 0.03240342 0.61311462]
[ 3.15321386e-01  1.48800245e-01  1.57193819e-01 -5.17774315e-05
  6.67251965e-01]
[0.00096245 0.02149306 0.04654883 0.14419719 0.66808929]
[4.69007270e-02 6.60382983e-04 6.76953193e-01 4.39518408e-01
 4.46118050e-01]
[0.31722962 0.03656105 0.85852081 0.01885545 0.29184666]
[0.00519053 0.1696759  0.17664212 0.37551099 0.64466382]
[0.01589933 0.24433791 0.24747753 0.18963074 0.54067769]
[0.33006832 0.32219664 0.26724075 0.19869072 0.52130695]
[0.84187788 0.54837494 0.05147299 0.50043213 0.17276566]
[0.18213404 0.08586153 0.08202386 0.25822037 0.60557369]
[0.08113413 0.02708272 0.07776737 0.26288306 0.65421779]
[-1.53350354e-04 -5.60283276e-04 -4.55232002e-05 -1.07190476e-04
  7.45905927e-01]
[0.03606066 0.21556001 0.48401478 0.57966135 0.00442426]
[0.25151273 0.24540854 0.38867152 0.20360777 0.53407969]
[0.53666214 0.63316189 0.19010167 0.4767781  0.29274466]
[0.09223504 0.22069374 0.02930049 0.8458024  0.31592098]
[0.80892425 0.00959696 0.55844898 0.40644284 0.22316911]
[ 7.67114994e-04 -6.02809259e-04  6.24776771e-04 -1.29502923e-03
  7.04599345e-01]
[0.33796276 0.32853851 0.44460405 0.33815685 0.36772233]
[0.00902369 0.02709745 0.02150953 1.26163097 0.03746979]
[0.66637267 0.45118159 0.52944185 0.31201468 0.28977351]
[0.4744713  0.20111195 0.64372373 0.44702977 0.33809105]
[1.02497285 0.07478475 0.23651985 0.05233768 0.15510344]
[0.19266496 0.99210724 0.35354641 0.01338131 0.3036002 ]
[0.00145254 0.00171411 0.10777907 0.64712705 0.4009412 ]
[0.45317322 0.34429855 0.06350339 0.79340914 0.02817957]
[ 5.59525682e-03 -4.44191908e-04  2.37039523e-01  6.09727032e-01
  3.94729806e-01]
[0.88200553 0.3975515  0.125237   0.0029627  0.0409931 ]
[9.99714428e-05 2.03119082e-04 5.79349751e-04 1.15692746e+00
 5.24046905e-01]
[3.29138158e-04 7.44370017e-03 6.01534278e-01 6.81018193e-01
 1.89734879e-01]
[0.03052275 0.17276942 0.04021792 0.62639904 0.57227173]
[0.00685987 0.22270166 0.12139398 0.36601597 0.62844566]
[ 3.15558622e-01  1.48912596e-01  1.56716632e-01 -5.17774315e-05
  6.67251965e-01]
[0.03521536 0.0983475  0.52671435 0.01194742 0.61273778]
[0.2429579  0.19471913 0.00858802 0.98629979 0.08126275]
[0.28313766 0.68027835 0.22430444 0.26553114 0.47987081]
[0.05688631 0.00074618 0.60186562 0.39122274 0.39729129]
[0.03905223 0.20759765 1.00387965 0.1536717  0.46527555]
[6.39440122e-04 3.34944698e-02 2.67315005e-02 9.73853698e-01
 1.89712439e-01]
[5.56300344e-04 1.36202425e-02 1.27636666e-02 7.87784882e-01
 4.30572121e-01]
[0.85904084 0.02492882 0.04670982 0.39879166 0.1472038 ]
[-1.88875267e-06  8.58890319e-05  9.13950334e-05 -1.67697469e-03
  7.18071611e-01]
[0.45434052 0.18886025 0.1818066  0.61210745 0.03375787]
[0.29530833 0.94442717 0.49884469 0.2254239  0.07933672]
[0.00195217 0.0139675  0.00636195 0.40091987 0.62147671]
[0.01815582 0.26794671 0.21863949 0.80455709 0.17915492]
[0.67294296 0.28395028 0.18324236 0.76062463 0.02851263]
[0.04339768 0.05082384 0.02515619 0.03879609 0.68992484]
[0.06029237 0.08628337 0.02762113 0.56485763 0.65246918]
[0.535597   0.17942411 0.10765216 0.84831552 0.13121813]
[0.90863461 0.31141228 0.41644003 0.06225369 0.19360356]
[0.47648447 0.19825677 0.14495642 0.59236944 0.55092306]
[0.13357567 0.04070902 0.34537603 1.05359779 0.0529771 ]
[0.27267444 0.40801788 0.35143059 0.50019753 0.55552367]
[0.00189919 0.00429213 0.00074279 0.16114909 0.69031552]
[0.55133529 0.3589511  0.01186048 0.32776367 0.60354865]
[0.07274311 0.22146153 0.50496482 0.60709545 0.16605533]
[0.23802432 0.15329343 0.19890868 0.24829401 0.64114852]
[0.49790666 0.29763628 0.03857497 0.99088868 0.05276239]
[0.15749326 0.52672778 0.28822405 0.84429226 0.04927246]
[0.4404977  0.30857737 0.33515538 0.72293176 0.05134949]
[ 8.99942524e-06 -7.10525446e-05  3.65979037e-04  7.66956333e-01
  7.99708459e-01]
[0.35452675 0.28470046 0.01294224 0.75377324 0.26113779]
[0.23308662 0.25315601 0.16841924 0.79616283 0.08047779]
[0.04768518 0.15472541 0.14594633 1.1015276  0.23496604]
[0.04302991 0.16258522 0.19544434 0.99600977 0.3748823 ]
[0.23391859 0.07751531 0.22363379 0.82297976 0.18325458]
[0.11665889 0.2595786  0.03511384 0.63911001 0.60607696]
[0.47561557 0.55871717 0.18347692 0.58934283 0.40072173]
[0.84661714 0.56966694 0.19614202 0.32576727 0.3024762 ]
[0.34025306 0.50698652 0.09743746 0.48463358 0.53829958]
[0.10890954 0.01185951 0.29493553 0.72013791 0.24890627]
[0.0901734  0.29264036 0.27557237 0.89275533 0.23273798]
[0.05206697 0.02318475 0.00104124 0.16083992 0.69595885]
