[0.19111002 0.98410236 0.05935963 0.01206182 0.14481117]
[0.82893635 0.37938562 0.11812484 0.00266556 0.0385872 ]
[0.39722718 0.85036059 0.11234153 0.05710567 0.03735903]
[0.0039416  0.10045095 0.22881906 0.6774003  0.04721817]
[0.17471681 0.89631405 0.00476843 0.09808047 0.25449164]
[0.24848149 0.00677956 0.42291958 0.53850383 0.11716655]
[0.82792994 0.37892436 0.12276017 0.0026637  0.00356434]
[0.24864876 0.57917235 0.03103463 0.45988556 0.03907853]
[0.13431095 0.2971949  0.03443265 0.72773557 0.01909359]
[0.89199983 0.05606061 0.00524172 0.10791591 0.27950434]
[0.24002552 0.12915386 0.11207386 0.69645855 0.04259299]
[0.00621652 0.64774078 0.25212561 0.11119064 0.39145343]
[0.7728136  0.0218559  0.25137208 0.06740537 0.20979047]
[0.18215709 0.08578071 0.47912809 0.48682676 0.01348835]
[0.91175888 0.04403727 0.21014529 0.04735341 0.09323786]
[0.01222134 0.71879045 0.00792819 0.11143344 0.40995492]
[0.08553591 0.25616413 0.01810306 0.6982453  0.04908957]
[0.00452323 0.0113624  0.42597883 0.17215916 0.44099016]
[0.71021011 0.28280643 0.31435185 0.14771865 0.02874465]
[0.0354315  0.33584222 0.74440071 0.01511289 0.02829234]
[0.00200345 0.06363822 0.00532529 0.74500382 0.01827418]
[0.13031187 0.53990489 0.11320459 0.53813344 0.00762536]
[0.01095094 0.6450376  0.2513655  0.11075397 0.41160643]
[0.6924519  0.0929979  0.18274914 0.01660807 0.39704248]
[0.12624427 0.77126629 0.15448009 0.11293078 0.05089654]
[9.12682752e-01 6.65426087e-02 3.30951371e-04 2.79933029e-02
 1.50646260e-01]
[0.01244643 0.6568938  0.00724167 0.22095954 0.39804272]
[0.49084957 0.57907649 0.07264423 0.4249198  0.06601539]
[0.30543711 0.36018229 0.1861768  0.58498413 0.0641503 ]
[0.02658037 0.40399094 0.29173552 0.49351163 0.01156293]
[0.60118779 0.00575102 0.0330521  0.45262242 0.0510304 ]
[0.05654055 1.01030352 0.11733271 0.06444299 0.052493  ]
[0.20802511 0.7798568  0.09199984 0.5255561  0.05078367]
[0.47506948 0.60159483 0.38281955 0.01972322 0.15120279]
[0.33312972 0.73820058 0.15950491 0.11924976 0.04426637]
[0.37388019 0.33331706 0.36132572 0.43155783 0.04779658]
[0.25811638 0.13892743 0.02133181 0.68347679 0.04977829]
[0.85971197 0.11059099 0.23838522 0.01773295 0.02975192]
[0.04345025 0.33179372 0.73821954 0.01496956 0.00440367]
[0.01869015 0.35526891 0.15986584 0.62045284 0.11765507]
[0.88536874 0.06453324 0.20481578 0.0279933  0.15064626]
[0.23068227 0.1708325  0.70034163 0.12579938 0.02505019]
[0.00868613 0.80682313 0.28280892 0.13558883 0.11466351]
[5.09949229e-01 5.06576297e-04 2.08570700e-01 5.24247119e-01
 3.01154666e-02]
[0.30955315 0.36499023 0.02607876 0.62916574 0.0124133 ]
[0.36450295 0.92972269 0.08531232 0.33971041 0.03008203]
[0.0333671  0.21779367 0.48054479 0.57653405 0.00469781]
[0.82186097 0.08461126 0.58064333 0.0129438  0.14413726]
[0.71453147 0.30590481 0.24210864 0.04328992 0.01768368]
[0.40312556 0.16751026 0.17931639 0.567092   0.03040877]
[0.74245618 0.31788098 0.25458781 0.03747889 0.01840447]
[0.87768809 0.09039906 0.21589427 0.0154185  0.28917854]
[0.11300111 0.08279509 0.01610719 0.73400661 0.01822749]
[0.70416322 0.30924819 0.24575063 0.03561815 0.20451571]
[0.45477435 0.0385952  0.19030637 0.60091676 0.04328829]
[0.40382576 0.30529681 0.02831307 0.68314066 0.0244166 ]
[0.08339965 0.43214523 0.59109481 0.00497274 0.23791233]
[0.63645851 0.2647798  0.2478292  0.37161995 0.02286873]
[0.58155831 0.42987865 0.15104293 0.11281151 0.0457663 ]
[0.03363734 0.21407394 0.12796497 0.72988247 0.01201489]
[0.38945858 0.00351077 0.02143316 0.60891287 0.11609149]
[0.69485199 0.00241681 0.50716571 0.33032953 0.13553922]
[0.83788283 0.06959585 0.27735046 0.04378003 0.13058819]
[0.05917854 0.00165485 0.57074847 0.4480614  0.11622767]
[-3.48963783e-05 -2.27874460e-04  2.10596435e-04 -1.81640533e-03
  6.77980623e-01]
[0.67431222 0.5002972  0.04220214 0.12590558 0.00719914]
[0.27589116 0.7036612  0.22963858 0.27189527 0.05031411]
[0.42332889 0.01974392 0.0984946  0.16512269 0.43454512]
[0.50357184 0.20549206 0.39481469 0.49300788 0.00627148]
[0.44133332 0.18343793 0.00095309 0.56564342 0.02744122]
[0.51557469 0.01471907 0.02698793 0.53340818 0.1177658 ]
[0.19317749 0.99476637 0.00484079 0.01088991 0.28209518]
[0.59415623 0.43778407 0.15416571 0.11518746 0.04277148]
[0.83929768 0.04968663 0.19483954 0.32617344 0.15152201]
[0.33144419 0.00289694 0.21376009 0.63124943 0.05309894]
[ 0.04099776 -0.00057494  0.55647857  0.5730461   0.03525491]
[0.48592683 0.57013023 0.37634104 0.01933021 0.14745239]
[0.19000681 1.01059028 0.0053742  0.03323814 0.2863834 ]
[0.22251845 0.15904247 0.70572848 0.12600846 0.02509179]
[0.11189236 0.46360295 0.09721634 0.59590291 0.01306075]
[0.07541773 0.06686856 0.01837918 0.70898687 0.04718008]
[0.27428361 0.69956011 0.22830104 0.27029946 0.10707608]
[0.99723445 0.04149428 0.23452164 0.05204637 0.10466186]
[0.17575577 0.08001896 0.0418766  0.71676638 0.03363698]
[0.4640689  0.54745977 0.0740191  0.42400473 0.06949435]
[0.0058946  0.95026018 0.38979534 0.0192429  0.28962194]
[0.73947749 0.24168072 0.32166897 0.15107085 0.03303396]
[0.42574871 0.01986023 0.0990577  0.16607847 0.43291487]
[0.86085975 0.02498289 0.04680882 0.39840544 0.05763761]
[0.13650982 0.29715044 0.03448727 0.73010662 0.01915694]
[-1.33079154e-04  1.89513876e-03  4.14456305e-04  7.51450363e-01
  1.24950574e-01]
[0.19829466 0.8215204  0.17221407 0.15525899 0.00858506]
[0.09017969 0.27007688 0.0190869  0.71338755 0.03326745]
[0.20891466 0.78237367 0.09178043 0.52724767 0.05094776]
[0.77183719 0.03608514 0.23764018 0.06695162 0.20841923]
[0.50333486 0.04278012 0.03603636 0.6077973  0.05216997]
[0.00585102 0.94342803 0.38699421 0.02243768 0.28756658]
[-1.16649331e-04  1.65258637e-03  3.69143238e-04  6.78685219e-01
  3.69040152e-01]
[0.48610043 0.57033406 0.37593911 0.01933014 0.14745195]
[0.46332377 0.54359127 0.1752172  0.0094379  0.40209075]
