[0.83788283 0.06959585 0.27735046 0.04378003 0.13058819]
[0.13431095 0.2971949  0.03443265 0.72773557 0.01909359]
[0.83690524 0.02427083 0.04550504 0.38645334 0.12947263]
[0.11532953 0.3675896  0.17005936 0.4764643  0.39168801]
[-3.48963783e-05 -2.27874460e-04  2.10596435e-04 -1.81640533e-03
  6.77980623e-01]
[0.14704937 0.44375912 0.34544851 0.58299015 0.00321925]
[0.0039416  0.10045095 0.22881906 0.6774003  0.04721817]
[0.53976094 0.63682026 0.31748608 0.06713525 0.17555078]
[0.04345025 0.33179372 0.73821954 0.01496956 0.00440367]
[0.13031187 0.53990489 0.11320459 0.53813344 0.00762536]
[0.42332889 0.01974392 0.0984946  0.16512269 0.43454512]
[3.52912401e-04 8.79219594e-04 2.08561635e-03 7.06329599e-01
 2.38587137e-01]
[0.7728136  0.0218559  0.25137208 0.06740537 0.20979047]
[0.26684758 0.01360537 0.09016126 0.67527526 0.23497423]
[0.01095094 0.6450376  0.2513655  0.11075397 0.41160643]
[0.59415623 0.43778407 0.15416571 0.11518746 0.04277148]
[0.19829466 0.8215204  0.17221407 0.15525899 0.00858506]
[0.12734427 0.28308555 0.0338932  0.69287054 0.20286274]
[0.0834971  0.07408131 0.01963789 0.71505599 0.04766645]
[0.00585102 0.94342803 0.38699421 0.02243768 0.28756658]
[0.13127194 0.30566762 0.19404721 0.30328718 0.4511594 ]
[0.27355077 0.69769052 0.06402113 0.25444782 0.43662926]
[0.01222134 0.71879045 0.00792819 0.11143344 0.40995492]
[0.70554912 0.01604694 0.03835074 0.32712415 0.39910968]
[0.27428361 0.69956011 0.22830104 0.27029946 0.10707608]
[0.03363734 0.21407394 0.12796497 0.72988247 0.01201489]
[0.01608575 0.28916651 0.05641988 0.71796562 0.04674208]
[0.86085975 0.02498289 0.04680882 0.39840544 0.05763761]
[0.40382576 0.30529681 0.02831307 0.68314066 0.0244166 ]
[0.2091778  1.07305054 0.00571884 0.00784282 0.30214954]
[0.00992871 0.03179658 0.004733   1.10881272 0.03288958]
[0.25332222 0.11950099 0.16815219 0.30853195 0.46756716]
[ 2.65477359e-05 -1.80651009e-05  4.07110633e-04  8.42228659e-01
  5.46504773e-02]
[0.0333671  0.21779367 0.48054479 0.57653405 0.00469781]
[-1.16649331e-04  1.65258637e-03  3.69143238e-04  6.78685219e-01
  3.69040152e-01]
[0.2062272  0.48032407 0.30473429 0.46439964 0.03946431]
[0.50357184 0.20549206 0.39481469 0.49300788 0.00627148]
[0.36450295 0.92972269 0.08531232 0.33971041 0.03008203]
[0.6924519  0.0929979  0.18274914 0.01660807 0.39704248]
[0.1715405  0.88335825 0.36971957 0.01207646 0.27806023]
[0.38945858 0.00351077 0.02143316 0.60891287 0.11609149]
[0.83929768 0.04968663 0.19483954 0.32617344 0.15152201]
[0.05068021 0.45140844 0.33084289 0.55688111 0.01504554]
[0.43935522 0.94057201 0.12425665 0.06338741 0.03993617]
[0.48797898 0.57568754 0.07221922 0.42204154 0.07176122]
[0.00138163 0.04525981 0.00467356 0.88563286 0.02175396]
[0.01869015 0.35526891 0.15986584 0.62045284 0.11765507]
[0.48610043 0.57033406 0.37593911 0.01933014 0.14745195]
[0.71021011 0.28280643 0.31435185 0.14771865 0.02874465]
[0.60118779 0.00575102 0.0330521  0.45262242 0.0510304 ]
[0.45477435 0.0385952  0.19030637 0.60091676 0.04328829]
[0.1408371  0.10671999 0.10456937 0.44105077 0.48361263]
[0.60556608 0.38468685 0.11107299 0.35093065 0.22523388]
[0.17471681 0.89631405 0.00476843 0.09808047 0.25449164]
[0.20566929 1.05905369 0.06388195 0.01314358 0.15586448]
[0.00868613 0.80682313 0.28280892 0.13558883 0.11466351]
[0.01338928 0.37628234 0.08708615 0.58790454 0.39481082]
[0.4498587  0.02101909 0.05300773 0.17161071 0.45141563]
[0.23068227 0.1708325  0.70034163 0.12579938 0.02505019]
[0.40580098 0.16862556 0.18050632 0.57086828 0.0306132 ]
[0.88536874 0.06453324 0.20481578 0.0279933  0.15064626]
[0.64290596 0.26746754 0.25537266 0.37644285 0.0339548 ]
[0.91175888 0.04403727 0.21014529 0.04735341 0.09323786]
[0.82893635 0.37938562 0.11812484 0.00266556 0.0385872 ]
[0.87301553 0.33636691 0.25393791 0.01904802 0.03890579]
[0.70416322 0.30924819 0.24575063 0.03561815 0.20451571]
[0.27122744 0.12798504 0.18003334 0.3128002  0.44828177]
[ 1.93934529e-03 -5.78386849e-04  1.86159279e-03  9.58157361e-01
  1.98186422e-01]
[0.36497152 0.14758278 0.02066013 0.67056449 0.16051487]
[0.08553591 0.25616413 0.01810306 0.6982453  0.04908957]
[0.44133332 0.18343793 0.00095309 0.56564342 0.02744122]
[5.09949229e-01 5.06576297e-04 2.08570700e-01 5.24247119e-01
 3.01154666e-02]
[0.4640689  0.54745977 0.0740191  0.42400473 0.06949435]
[0.23750304 0.75706557 0.07889145 0.00868015 0.43851984]
[0.51542959 0.01471476 0.02927592 0.53341003 0.11776621]
[0.00901303 0.47796792 0.00525609 0.42427563 0.39289179]
[0.25811638 0.13892743 0.02133181 0.68347679 0.04977829]
[ 0.04099776 -0.00057494  0.55647857  0.5730461   0.03525491]
[0.31199962 0.70234491 0.03785173 0.32284582 0.20244584]
[ 3.31865933e-04 -5.60328397e-04  1.17603609e-02  4.79908646e-01
  4.70764276e-01]
[0.06010344 0.00169017 0.57964394 0.45080128 0.1176338 ]
[-1.18276518e-04  2.15926528e-03  4.63943969e-04  8.30919208e-01
  1.38169882e-01]
[1.02097042 0.10525367 0.25114105 0.01828607 0.33644424]
[0.20891466 0.78237367 0.09178043 0.52724767 0.05094776]
[0.51557469 0.01471907 0.02698793 0.53340818 0.1177658 ]
[ 3.17063808e-05 -2.89952086e-05  1.47023002e-04 -1.84747004e-03
  6.61180065e-01]
[0.13650982 0.29715044 0.03448727 0.73010662 0.01915694]
[0.69485199 0.00241681 0.50716571 0.33032953 0.13553922]
[0.20802511 0.7798568  0.09199984 0.5255561  0.05078367]
[0.42574871 0.01986023 0.0990577  0.16607847 0.43291487]
[0.74245618 0.31788098 0.25458781 0.03747889 0.01840447]
[0.38061591 0.17981673 0.33164682 0.53385238 0.13867829]
[-3.98096448e-05 -2.20674437e-04  5.49479593e-04  8.42250583e-01
  2.88065327e-01]
[0.11464097 0.36539456 0.17357881 0.4764613  0.39168556]
[0.46332377 0.54359127 0.1752172  0.0094379  0.40209075]
[ 8.62362846e-06 -3.29985974e-04  1.38820865e-02  7.13092753e-01
  4.35603444e-01]
[0.05009163 0.01878528 0.01456541 0.7987575  0.0402087 ]
[0.19000681 1.01059028 0.0053742  0.03323814 0.2863834 ]
[0.12624427 0.77126629 0.15448009 0.11293078 0.05089654]
[ 3.18514057e-04 -5.66321957e-04  1.14380037e-02  4.96769717e-01
  4.87226785e-01]
