[0.48797898 0.57568754 0.07221922 0.42204154 0.07176122]
[0.86088424 0.07171189 0.28496829 0.04504133 0.13427939]
[0.64290596 0.26746754 0.25537266 0.37644285 0.0339548 ]
[0.62218472 0.45845886 0.16143876 0.12072112 0.0446739 ]
[0.87591914 0.39960937 0.12458214 0.00293598 0.04077671]
[0.38140568 0.82890202 0.18159323 0.27352708 0.23572085]
[0.28776104 0.2185552  0.04031883 0.76875317 0.02483344]
[0.01500645 0.42123162 0.18932499 0.72557013 0.14449093]
[0.60556608 0.38468685 0.11107299 0.35093065 0.22523388]
[0.85904084 0.02492882 0.04670982 0.39879166 0.1472038 ]
[0.01750726 1.01027428 0.35412456 0.17148205 0.09684355]
[0.82333439 0.80794456 0.14388583 0.00372377 0.04715534]
[0.40580098 0.16862556 0.18050632 0.57086828 0.0306132 ]
[0.03350311 0.14786275 0.35270509 0.68398477 0.00841306]
[0.38006572 0.45018035 0.22818071 0.57274539 0.03468875]
[0.0038908  0.15658502 0.1579524  0.84518638 0.06067716]
[ 8.97314006e-01  3.55620443e-01  1.20523976e-01 -8.74771261e-04
  1.08364811e-01]
[0.0798364  0.47674688 0.35275623 0.59390237 0.01606891]
[0.1312303  0.54370944 0.11400179 0.61613837 0.03368837]
[0.08553591 0.25616413 0.01810306 0.6982453  0.04908957]
[ 8.62362846e-06 -3.29985974e-04  1.38820865e-02  7.13092753e-01
  4.35603444e-01]
[1.04536555 0.05086039 0.24094418 0.05460681 0.10695898]
[0.01222134 0.71879045 0.00792819 0.11143344 0.40995492]
[7.48639155e-05 1.27574894e-04 5.20438726e-04 1.04936726e+00
 6.81570703e-02]
[0.88200553 0.3975515  0.125237   0.0029627  0.0409931 ]
[6.39440122e-04 3.34944698e-02 2.67315005e-02 9.73853698e-01
 1.89712439e-01]
[ 9.10809579e-03 -5.97723449e-04  9.78072450e-02  8.19424092e-01
  4.48687888e-01]
[0.01090214 1.00885304 0.35358483 0.17005287 0.14345572]
[ 0.04099776 -0.00057494  0.55647857  0.5730461   0.03525491]
[ 7.67114994e-04 -6.02809259e-04  6.24776771e-04 -1.29502923e-03
  7.04599345e-01]
[0.00549559 0.10994485 0.25047409 0.77761834 0.05032626]
[-3.88083697e-05 -2.17676119e-04  5.54100054e-04  8.48710898e-01
  2.90272367e-01]
[0.11464097 0.36539456 0.17357881 0.4764613  0.39168556]
[ 2.23098782e-04 -5.95780482e-04  1.61323320e-02  7.00189769e-01
  3.80516770e-01]
[0.00462274 0.00099888 0.00444313 0.97096486 0.12696206]
[0.00247614 0.01011373 0.02337911 0.73687615 0.25088732]
[0.05424745 0.02038909 0.01577426 0.86497907 0.03732731]
[ 3.94169005e-04 -3.76538160e-04  1.94281364e-04 -1.67725797e-03
  7.17641793e-01]
[-5.12464655e-05 -6.10495382e-04  4.84425807e-03  1.53361660e-03
  6.71199151e-01]
[ 9.46100920e-06 -1.01965628e-04  2.97625669e-04 -1.70685763e-03
  6.72731659e-01]
[0.14304953 0.59267005 0.12426095 0.60736691 0.03459597]
[0.0367697  0.01579271 0.01491743 0.70231408 0.23938278]
[ 3.93173675e-04 -3.76952873e-04  1.96494498e-04 -1.67724396e-03
  7.17663050e-01]
[0.43085262 0.5082453  0.44719237 0.46892001 0.09584255]
[0.06891166 0.06106035 0.01620494 0.71637161 0.04768233]
[1.75655546e-03 3.77731814e-05 1.78801080e-03 9.17165013e-01
 1.89709097e-01]
[0.99227955 0.08274835 0.33032839 0.0400174  0.15411096]
[-3.48963783e-05 -2.27874460e-04  2.10596435e-04 -1.81640533e-03
  6.77980623e-01]
[0.20891466 0.78237367 0.09178043 0.52724767 0.05094776]
[0.27355077 0.69769052 0.06402113 0.25444782 0.43662926]
[0.2091778  1.07305054 0.00571884 0.00784282 0.30214954]
[0.05984324 0.19070529 0.01987947 0.65759735 0.44184983]
[0.25811638 0.13892743 0.02133181 0.68347679 0.04977829]
[-1.57697108e-04 -5.40454620e-04  5.17556649e-05  2.63865246e-03
  5.68424836e-01]
[ 3.18514057e-04 -5.66321957e-04  1.14380037e-02  4.96769717e-01
  4.87226785e-01]
[0.45875082 0.55179792 0.17577409 0.00947472 0.39943483]
[ 2.78845305e-04 -5.79443374e-04  1.39342887e-02  4.10377915e-01
  6.16385800e-01]
[0.87635459 0.39797111 0.14779323 0.00248171 0.04093824]
[0.00992871 0.03179658 0.004733   1.10881272 0.03288958]
[0.03592174 0.21541918 0.48293749 0.57846988 0.00428422]
[0.51542959 0.01471476 0.02927592 0.53341003 0.11776621]
[0.7728136  0.0218559  0.25137208 0.06740537 0.20979047]
[0.13650982 0.29715044 0.03448727 0.73010662 0.01915694]
[0.20566929 1.05905369 0.06388195 0.01314358 0.15586448]
[ 2.98279419e-03 -5.81613566e-04  2.83325994e-04  1.29030773e-04
  6.27458113e-01]
[0.00782443 0.02371474 0.00431354 0.86391169 0.07152233]
[0.03633202 0.21717912 0.48052743 0.57651315 0.00439811]
[0.42332889 0.01974392 0.0984946  0.16512269 0.43454512]
[0.00546681 0.00156373 0.00158493 0.86670604 0.03732358]
[0.43935522 0.94057201 0.12425665 0.06338741 0.03993617]
[ 2.89002338e-04 -2.87431773e-04  1.67501505e-04 -1.71961407e-03
  6.48215084e-01]
[0.27344247 0.01486021 0.09509256 0.69452033 0.24117804]
[ 1.74837824e-04  3.25198638e-04  5.96952635e-04 -1.33008102e-03
  6.71749587e-01]
[1.00780905 0.0735224  0.23255892 0.04768276 0.15246892]
[0.01608575 0.28916651 0.05641988 0.71796562 0.04674208]
[-1.33755325e-04  9.32186076e-04  1.36292152e-03  6.78341750e-01
  3.79365119e-01]
[-1.51662464e-04 -6.10223435e-04  5.83155507e-04 -2.11483931e-03
  7.26537611e-01]
[0.54736105 0.06863853 0.22796971 0.57221389 0.06468772]
[0.13224485 0.04919565 0.33796617 0.86543524 0.05280345]
[0.01421139 0.80841303 0.43860904 0.32745386 0.13548979]
[0.25298753 0.64523074 0.21058191 0.24915889 0.44572339]
[0.20849362 0.15821861 0.20311638 0.72293831 0.02339167]
[0.13127194 0.30566762 0.19404721 0.30328718 0.4511594 ]
[0.06010344 0.00169017 0.57964394 0.45080128 0.1176338 ]
[0.56098043 0.01606879 0.2166123  0.62849949 0.27239786]
[0.23823178 0.17726513 0.7242677  0.13017025 0.04853598]
[1.40446673e-01 4.30787486e-01 7.64419277e-06 7.05762402e-01
 1.65921260e-01]
[0.02827896 0.18442092 0.08277562 0.57909918 0.49843213]
[0.69587722 0.09346084 0.18365319 0.01670084 0.45756924]
[0.18793148 0.96773919 0.40376902 0.01342494 0.30445418]
[1.05298149 0.10859149 0.25857075 0.01908307 0.34840919]
[0.02465559 0.00775667 0.02368732 0.91598335 0.18999797]
[0.00096245 0.02149306 0.04654883 0.14419719 0.66808929]
[0.68403656 0.08201404 0.53542266 0.33559281 0.07200289]
[0.0251006  0.05885118 0.00962941 0.14416959 0.66170491]
[0.17133374 0.08073858 0.07716126 0.24279517 0.56967341]
[ 1.01954145e-01  3.12696234e-01 -9.45855169e-06  7.10208837e-01
  1.57635565e-01]
[0.60238082 0.29520055 0.11832391 0.55300682 0.06609215]
[0.27185612 0.12828293 0.1804505  0.31239211 0.44855406]
[0.00585102 0.94342803 0.38699421 0.02243768 0.28756658]
