[0.48797898 0.57568754 0.07221922 0.42204154 0.07176122]
[0.17133374 0.08073858 0.07716126 0.24279517 0.56967341]
[0.86088424 0.07171189 0.28496829 0.04504133 0.13427939]
[0.07461492 0.15772523 0.01690847 0.54673724 0.55682282]
[0.64290596 0.26746754 0.25537266 0.37644285 0.0339548 ]
[0.01589933 0.24433791 0.24747753 0.18963074 0.54067769]
[0.25198903 0.80587769 0.43190688 0.24383693 0.06894753]
[0.07889624 0.17991274 0.12729643 0.43973329 0.47946993]
[0.62218472 0.45845886 0.16143876 0.12072112 0.0446739 ]
[0.87591914 0.39960937 0.12458214 0.00293598 0.04077671]
[0.0078406  0.02355968 0.00432975 0.95710945 0.07642338]
[0.02661672 0.01704433 0.00303649 0.87284324 0.17065526]
[0.38140568 0.82890202 0.18159323 0.27352708 0.23572085]
[0.28776104 0.2185552  0.04031883 0.76875317 0.02483344]
[0.71154101 0.09557784 0.18778734 0.010269   0.46777184]
[1.40446673e-01 4.30787486e-01 7.64419277e-06 7.05762402e-01
 1.65921260e-01]
[0.38029301 0.00880692 0.29176989 0.41727578 0.46860113]
[0.01500645 0.42123162 0.18932499 0.72557013 0.14449093]
[0.60556608 0.38468685 0.11107299 0.35093065 0.22523388]
[0.01500665 0.01058335 0.19737411 0.03240342 0.61311462]
[0.60238082 0.29520055 0.11832391 0.55300682 0.06609215]
[0.85904084 0.02492882 0.04670982 0.39879166 0.1472038 ]
[0.33831433 0.15118808 0.22278915 0.16529057 0.43454512]
[0.01750726 1.01027428 0.35412456 0.17148205 0.09684355]
[0.00902369 0.02709745 0.02150953 1.26163097 0.03746979]
[0.02985965 0.45713379 0.46251707 0.35701635 0.21216999]
[0.0251006  0.05885118 0.00962941 0.14416959 0.66170491]
[0.16015675 0.01117985 0.73887691 0.03989436 0.1370814 ]
[0.59182214 0.01698558 0.03595206 0.61292666 0.13531193]
[0.09119176 0.32715086 0.04469858 0.60097671 0.4092519 ]
[0.82333439 0.80794456 0.14388583 0.00372377 0.04715534]
[0.40580098 0.16862556 0.18050632 0.57086828 0.0306132 ]
[0.26577522 0.67785399 0.22122175 0.26185321 0.4732718 ]
[0.03350311 0.14786275 0.35270509 0.68398477 0.00841306]
[2.28059502e-02 5.60568546e-05 7.38906611e-01 6.58421813e-02
 2.43516276e-01]
[2.88528527e-02 4.96666001e-04 2.79083669e-01 2.15956356e-01
 5.58310116e-01]
[0.82439835 0.34402362 0.40680344 0.0236961  0.30098878]
[0.38006572 0.45018035 0.22818071 0.57274539 0.03468875]
[ 3.23357023e-01  1.52605798e-01  1.37673832e-01 -5.70143022e-05
  6.65585989e-01]
[0.32052042 0.31286356 0.25951267 0.19288398 0.52403619]
[0.0038908  0.15658502 0.1579524  0.84518638 0.06067716]
[ 8.97314006e-01  3.55620443e-01  1.20523976e-01 -8.74771261e-04
  1.08364811e-01]
[0.0989808  0.29817726 0.23282306 0.31269252 0.4650645 ]
[-2.86648769e-05 -2.10221826e-04  2.22801441e-04 -1.80104232e-03
  7.09174252e-01]
[ 5.27262120e-03 -4.53569687e-04  2.23772195e-01  5.75487584e-01
  3.79825977e-01]
[0.0798364  0.47674688 0.35275623 0.59390237 0.01606891]
[0.1312303  0.54370944 0.11400179 0.61613837 0.03368837]
[0.56833104 0.19345555 0.55192037 0.01584842 0.29295961]
[0.19266496 0.99210724 0.35354641 0.01338131 0.3036002 ]
[0.08553591 0.25616413 0.01810306 0.6982453  0.04908957]
[ 8.62362846e-06 -3.29985974e-04  1.38820865e-02  7.13092753e-01
  4.35603444e-01]
[0.69842204 0.08120503 0.34822944 0.03260138 0.48919201]
[1.02497285 0.07478475 0.23651985 0.05233768 0.15510344]
[1.07329656 0.110698   0.26355958 0.01960966 0.34603958]
[0.08307588 0.22115836 0.10758251 0.57639049 0.42632166]
[0.56160855 0.01329554 0.09792024 0.44014695 0.52083729]
[1.04536555 0.05086039 0.24094418 0.05460681 0.10695898]
[0.01222134 0.71879045 0.00792819 0.11143344 0.40995492]
[0.29848813 0.717171   0.18407286 0.27342527 0.49403458]
[0.27309592 0.87338451 0.46374761 0.20945932 0.07346159]
[0.18341871 0.80154745 0.46118566 0.14207924 0.23368583]
[0.00601242 0.00231676 0.00603378 0.31852854 0.56588974]
[1.57675719e-04 1.32054869e-02 1.23739508e-02 7.63768792e-01
 4.27145661e-01]
[-9.17007172e-05 -7.11034643e-05  1.50315808e-02  4.42736211e-01
  6.85993809e-01]
[7.48639155e-05 1.27574894e-04 5.20438726e-04 1.04936726e+00
 6.81570703e-02]
[0.88200553 0.3975515  0.125237   0.0029627  0.0409931 ]
[0.94740728 0.07750656 0.33056548 0.05010511 0.13122685]
[0.01333084 0.009079   0.18429562 0.03026429 0.62308562]
[0.15959934 0.01113886 0.8333321  0.04506733 0.15399733]
[0.03606066 0.21556001 0.48401478 0.57966135 0.00442426]
[0.18793148 0.96773919 0.40376902 0.01342494 0.30445418]
[6.39440122e-04 3.34944698e-02 2.67315005e-02 9.73853698e-01
 1.89712439e-01]
[0.32436944 0.31662598 0.26262807 0.19522484 0.52183766]
[ 9.10809579e-03 -5.97723449e-04  9.78072450e-02  8.19424092e-01
  4.48687888e-01]
[-1.88875267e-06  8.58890319e-05  9.13950334e-05 -1.67697469e-03
  7.18071611e-01]
[0.00096245 0.02149306 0.04654883 0.14419719 0.66808929]
[0.53417903 0.0126165  0.09416411 0.45941595 0.51548334]
[0.03905314 0.25330173 0.00718197 0.6556041  0.41287565]
[ 8.29789574e-03 -3.65636574e-04  2.72301389e-01  7.00840799e-01
  2.43369806e-01]
[0.01090214 1.00885304 0.35358483 0.17005287 0.14345572]
[ 0.04099776 -0.00057494  0.55647857  0.5730461   0.03525491]
[0.00756604 0.14577015 0.31460999 0.80548782 0.05021518]
[0.13127194 0.30566762 0.19404721 0.30328718 0.4511594 ]
[ 7.67114994e-04 -6.02809259e-04  6.24776771e-04 -1.29502923e-03
  7.04599345e-01]
[0.00549559 0.10994485 0.25047409 0.77761834 0.05032626]
[-3.88083697e-05 -2.17676119e-04  5.54100054e-04  8.48710898e-01
  2.90272367e-01]
[0.11464097 0.36539456 0.17357881 0.4764613  0.39168556]
[0.33006832 0.32219664 0.26724075 0.19869072 0.52130695]
[ 2.23098782e-04 -5.95780482e-04  1.61323320e-02  7.00189769e-01
  3.80516770e-01]
[2.70562528e-02 7.72628548e-05 2.60100126e-01 9.72906092e-01
 7.99318691e-02]
[0.00462274 0.00099888 0.00444313 0.97096486 0.12696206]
[0.68360761 0.00859744 0.23013401 0.27248637 0.49234999]
[0.00086158 0.00835474 0.0039194  0.38048642 0.59397733]
[0.00247614 0.01011373 0.02337911 0.73687615 0.25088732]
[0.02465559 0.00775667 0.02368732 0.91598335 0.18999797]
[0.05424745 0.02038909 0.01577426 0.86497907 0.03732731]
[ 3.94169005e-04 -3.76538160e-04  1.94281364e-04 -1.67725797e-03
  7.17641793e-01]
[ 9.31047271e-04 -5.20482865e-04  3.09742401e-04 -2.09003292e-03
  7.27068201e-01]
[-5.12464655e-05 -6.10495382e-04  4.84425807e-03  1.53361660e-03
  6.71199151e-01]
[ 9.46100920e-06 -1.01965628e-04  2.97625669e-04 -1.70685763e-03
  6.72731659e-01]
