[0.40580098 0.16862556 0.18050632 0.57086828 0.0306132 ]
[5.09949229e-01 5.06576297e-04 2.08570700e-01 5.24247119e-01
 3.01154666e-02]
[0.86085975 0.02498289 0.04680882 0.39840544 0.05763761]
[0.01421139 0.80841303 0.43860904 0.32745386 0.13548979]
[0.02689761 0.16088895 0.35631628 0.4269519  0.4667526 ]
[0.00542801 0.10862632 0.2474862  0.732825   0.03628464]
[ 8.97314006e-01  3.55620443e-01  1.20523976e-01 -8.74771261e-04
  1.08364811e-01]
[0.27185612 0.12828293 0.1804505  0.31239211 0.44855406]
[0.06745762 0.0630971  0.01620672 0.7164505  0.04755446]
[0.60556608 0.38468685 0.11107299 0.35093065 0.22523388]
[0.17471681 0.89631405 0.00476843 0.09808047 0.25449164]
[1.75655546e-03 3.77731814e-05 1.78801080e-03 9.17165013e-01
 1.89709097e-01]
[7.48639155e-05 1.27574894e-04 5.20438726e-04 1.04936726e+00
 6.81570703e-02]
[0.71021011 0.28280643 0.31435185 0.14771865 0.02874465]
[0.2091778  1.07305054 0.00571884 0.00784282 0.30214954]
[0.05984324 0.19070529 0.01987947 0.65759735 0.44184983]
[0.0367697  0.01579271 0.01491743 0.70231408 0.23938278]
[0.08553591 0.25616413 0.01810306 0.6982453  0.04908957]
[0.36450295 0.92972269 0.08531232 0.33971041 0.03008203]
[0.05009163 0.01878528 0.01456541 0.7987575  0.0402087 ]
[ 3.18514057e-04 -5.66321957e-04  1.14380037e-02  4.96769717e-01
  4.87226785e-01]
[0.00585102 0.94342803 0.38699421 0.02243768 0.28756658]
[0.06010344 0.00169017 0.57964394 0.45080128 0.1176338 ]
[0.42574871 0.01986023 0.0990577  0.16607847 0.43291487]
[0.08834868 0.53278347 0.053247   0.49524138 0.43721003]
[0.59415623 0.43778407 0.15416571 0.11518746 0.04277148]
[ 0.04099776 -0.00057494  0.55647857  0.5730461   0.03525491]
[0.68403656 0.08201404 0.53542266 0.33559281 0.07200289]
[0.01389664 0.39038449 0.17547666 0.68122889 0.13435385]
[0.69587722 0.09346084 0.18365319 0.01670084 0.45756924]
[0.20885566 0.1584942  0.2034689  0.72419639 0.0045606 ]
[ 1.01954145e-01  3.12696234e-01 -9.45855169e-06  7.10208837e-01
  1.57635565e-01]
[0.02839875 0.01319244 0.50872239 0.48121306 0.41297768]
[0.01090214 1.00885304 0.35358483 0.17005287 0.14345572]
[0.05068021 0.45140844 0.33084289 0.55688111 0.01504554]
[0.85904084 0.02492882 0.04670982 0.39879166 0.1472038 ]
[0.00462274 0.00099888 0.00444313 0.97096486 0.12696206]
[0.48797898 0.57568754 0.07221922 0.42204154 0.07176122]
[0.27428361 0.69956011 0.22830104 0.27029946 0.10707608]
[3.52912401e-04 8.79219594e-04 2.08561635e-03 7.06329599e-01
 2.38587137e-01]
[0.37294383 0.27777663 0.6427522  0.1299507  0.12639961]
[1.04536555 0.05086039 0.24094418 0.05460681 0.10695898]
[0.20566929 1.05905369 0.06388195 0.01314358 0.15586448]
[0.05416658 0.17162399 0.13271681 0.80008618 0.01653148]
[ 0.58241633  0.23063031  0.69676449 -0.00085427  0.11011267]
[0.64290596 0.26746754 0.25537266 0.37644285 0.0339548 ]
[0.00138163 0.04525981 0.00467356 0.88563286 0.02175396]
[0.01750726 1.01027428 0.35412456 0.17148205 0.09684355]
[0.23823178 0.17726513 0.7242677  0.13017025 0.04853598]
[0.27344247 0.01486021 0.09509256 0.69452033 0.24117804]
[0.60557007 0.32663897 0.05010163 0.50644957 0.05490663]
[0.04345025 0.33179372 0.73821954 0.01496956 0.00440367]
[0.2062272  0.48032407 0.30473429 0.46439964 0.03946431]
[0.13031187 0.53990489 0.11320459 0.53813344 0.00762536]
[ 9.10809579e-03 -5.97723449e-04  9.78072450e-02  8.19424092e-01
  4.48687888e-01]
[0.04146251 1.09397091 0.3837274  0.18473067 0.03033288]
[0.01222134 0.71879045 0.00792819 0.11143344 0.40995492]
[0.70416322 0.30924819 0.24575063 0.03561815 0.20451571]
[0.7728136  0.0218559  0.25137208 0.06740537 0.20979047]
[-3.48963783e-05 -2.27874460e-04  2.10596435e-04 -1.81640533e-03
  6.77980623e-01]
[0.03633202 0.21717912 0.48052743 0.57651315 0.00439811]
[0.13127194 0.30566762 0.19404721 0.30328718 0.4511594 ]
[-1.16649331e-04  1.65258637e-03  3.69143238e-04  6.78685219e-01
  3.69040152e-01]
[0.25811638 0.13892743 0.02133181 0.68347679 0.04977829]
[4.07616135e-01 3.05453482e-02 7.86450608e-06 7.03819432e-01
 1.68547540e-01]
[0.25298753 0.64523074 0.21058191 0.24915889 0.44572339]
[0.28776104 0.2185552  0.04031883 0.76875317 0.02483344]
[0.45875082 0.55179792 0.17577409 0.00947472 0.39943483]
[0.11464097 0.36539456 0.17357881 0.4764613  0.39168556]
[0.20891466 0.78237367 0.09178043 0.52724767 0.05094776]
[1.05298149 0.10859149 0.25857075 0.01908307 0.34840919]
[0.90638533 0.06606295 0.21005752 0.02857602 0.15313872]
[0.13650982 0.29715044 0.03448727 0.73010662 0.01915694]
[0.43935522 0.94057201 0.12425665 0.06338741 0.03993617]
[0.51542959 0.01471476 0.02927592 0.53341003 0.11776621]
[0.82893635 0.37938562 0.11812484 0.00266556 0.0385872 ]
[0.46332377 0.54359127 0.1752172  0.0094379  0.40209075]
[0.01286366 0.7560805  0.00326833 0.11731176 0.43119244]
[4.29148960e-02 4.82705800e-04 5.82542765e-01 5.22778899e-01
 3.46083821e-02]
[0.01608575 0.28916651 0.05641988 0.71796562 0.04674208]
[0.00184758 0.00547109 0.0046781  0.93391097 0.06074586]
[0.18793148 0.96773919 0.40376902 0.01342494 0.30445418]
[0.4640689  0.54745977 0.0740191  0.42400473 0.06949435]
[0.86088424 0.07171189 0.28496829 0.04504133 0.13427939]
[0.43399902 0.04921526 0.7556454  0.04561722 0.13592302]
[ 8.62362846e-06 -3.29985974e-04  1.38820865e-02  7.13092753e-01
  4.35603444e-01]
[0.05424745 0.02038909 0.01577426 0.86497907 0.03732731]
[0.42332889 0.01974392 0.0984946  0.16512269 0.43454512]
[0.0834971  0.07408131 0.01963789 0.71505599 0.04766645]
[0.03592174 0.21541918 0.48293749 0.57846988 0.00428422]
[0.00992871 0.03179658 0.004733   1.10881272 0.03288958]
[0.27355077 0.69769052 0.06402113 0.25444782 0.43662926]
[0.03350311 0.14786275 0.35270509 0.68398477 0.00841306]
[ 1.93934529e-03 -5.78386849e-04  1.86159279e-03  9.58157361e-01
  1.98186422e-01]
[0.01421403 0.80856162 0.43759943 0.32726434 0.13541165]
[-3.88083697e-05 -2.17676119e-04  5.54100054e-04  8.48710898e-01
  2.90272367e-01]
[0.03653193 0.23809766 0.13728386 0.80094767 0.01322208]
[0.38945858 0.00351077 0.02143316 0.60891287 0.11609149]
[-5.12464655e-05 -6.10495382e-04  4.84425807e-03  1.53361660e-03
  6.71199151e-01]
[0.25332222 0.11950099 0.16815219 0.30853195 0.46756716]
