[0.04722504 0.29188988 0.00546427 0.75643323 0.25494685]
[0.18341871 0.80154745 0.46118566 0.14207924 0.23368583]
[0.08553591 0.25616413 0.01810306 0.6982453  0.04908957]
[0.44115798 0.18336484 0.19465858 0.6170017  0.03373598]
[0.22086896 0.06860092 0.11908552 1.00780239 0.06789277]
[0.00446647 0.00380423 0.24935488 0.59812634 0.39705677]
[0.15349076 0.02280484 0.07169088 0.28891428 0.60023955]
[0.09573859 0.25489214 0.11831907 0.55438384 0.42116683]
[0.13127194 0.30566762 0.19404721 0.30328718 0.4511594 ]
[0.29848813 0.717171   0.18407286 0.27342527 0.49403458]
[ 9.46100920e-06 -1.01965628e-04  2.97625669e-04 -1.70685763e-03
  6.72731659e-01]
[0.8321202  0.61392675 0.09903027 0.21489695 0.07628495]
[0.43077908 0.20380247 0.19341358 0.61304281 0.03302119]
[ 5.54707846e-03 -4.45592268e-04  2.35058347e-01  6.04614142e-01
  3.98998708e-01]
[0.18578518 0.12802583 0.12038569 0.97308633 0.04716069]
[1.07329656 0.110698   0.26355958 0.01960966 0.34603958]
[0.94983328 0.07812943 0.31438915 0.04991259 0.14818216]
[0.01500665 0.01058335 0.19737411 0.03240342 0.61311462]
[0.00096245 0.02149306 0.04654883 0.14419719 0.66808929]
[0.31722962 0.03656105 0.85852081 0.01885545 0.29184666]
[0.01589933 0.24433791 0.24747753 0.18963074 0.54067769]
[0.33006832 0.32219664 0.26724075 0.19869072 0.52130695]
[-1.53350354e-04 -5.60283276e-04 -4.55232002e-05 -1.07190476e-04
  7.45905927e-01]
[0.03606066 0.21556001 0.48401478 0.57966135 0.00442426]
[ 7.67114994e-04 -6.02809259e-04  6.24776771e-04 -1.29502923e-03
  7.04599345e-01]
[0.00902369 0.02709745 0.02150953 1.26163097 0.03746979]
[1.02497285 0.07478475 0.23651985 0.05233768 0.15510344]
[0.19266496 0.99210724 0.35354641 0.01338131 0.3036002 ]
[0.00145254 0.00171411 0.10777907 0.64712705 0.4009412 ]
[0.45317322 0.34429855 0.06350339 0.79340914 0.02817957]
[ 5.59525682e-03 -4.44191908e-04  2.37039523e-01  6.09727032e-01
  3.94729806e-01]
[0.88200553 0.3975515  0.125237   0.0029627  0.0409931 ]
[0.28313766 0.68027835 0.22430444 0.26553114 0.47987081]
[6.39440122e-04 3.34944698e-02 2.67315005e-02 9.73853698e-01
 1.89712439e-01]
[0.85904084 0.02492882 0.04670982 0.39879166 0.1472038 ]
[-1.88875267e-06  8.58890319e-05  9.13950334e-05 -1.67697469e-03
  7.18071611e-01]
[0.45434052 0.18886025 0.1818066  0.61210745 0.03375787]
[0.00195217 0.0139675  0.00636195 0.40091987 0.62147671]
[0.67294296 0.28395028 0.18324236 0.76062463 0.02851263]
[0.535597   0.17942411 0.10765216 0.84831552 0.13121813]
[0.84661714 0.56966694 0.19614202 0.32576727 0.3024762 ]
[0.68360761 0.00859744 0.23013401 0.27248637 0.49234999]
[0.0038908  0.15658502 0.1579524  0.84518638 0.06067716]
[1.15298054e-02 7.15774082e-04 1.18787956e-02 7.33255033e-01
 3.97122336e-01]
[0.02465559 0.00775667 0.02368732 0.91598335 0.18999797]
[0.02335791 0.10389572 0.22690052 0.71054867 0.25604046]
[0.0078406  0.02355968 0.00432975 0.95710945 0.07642338]
[0.07889624 0.17991274 0.12729643 0.43973329 0.47946993]
[-9.17007172e-05 -7.11034643e-05  1.50315808e-02  4.42736211e-01
  6.85993809e-01]
[0.83395301 0.54293038 0.05098152 0.4956385  0.17111393]
[0.48797898 0.57568754 0.07221922 0.42204154 0.07176122]
[0.53417903 0.0126165  0.09416411 0.45941595 0.51548334]
[0.0989808  0.29817726 0.23282306 0.31269252 0.4650645 ]
[0.0781872  0.18705002 0.02483778 0.76693821 0.28641925]
[0.4303235  0.21073192 0.18765654 0.61115364 0.03294376]
[0.27876421 0.89151358 0.47354285 0.21300737 0.07498584]
[0.03930982 0.25496338 0.00607177 0.65979438 0.41550851]
[0.32436944 0.31662598 0.26262807 0.19522484 0.52183766]
[0.17133374 0.08073858 0.07716126 0.24279517 0.56967341]
[0.11603463 0.03825788 0.11354377 0.2889972  0.59980869]
[0.08307588 0.22115836 0.10758251 0.57639049 0.42632166]
[0.00549559 0.10994485 0.25047409 0.77761834 0.05032626]
[0.0015934  0.00163939 0.10940079 0.65689158 0.40697712]
[0.15959934 0.01113886 0.8333321  0.04506733 0.15399733]
[ 8.03533890e-03 -4.16479365e-04  8.65118565e-02  7.24596713e-01
  3.97788613e-01]
[0.0251006  0.05885118 0.00962941 0.14416959 0.66170491]
[0.01222134 0.71879045 0.00792819 0.11143344 0.40995492]
[0.69934945 0.44434085 0.12827839 0.40559657 0.26156496]
[ 1.09836487e-02 -1.58336598e-04  4.58764725e-01  4.10001222e-01
  3.81210145e-01]
[0.71154101 0.09557784 0.18778734 0.010269   0.46777184]
[0.03604293 0.58333951 0.26252566 0.61756883 0.17207536]
[0.40317062 0.30640239 0.05650153 0.87415832 0.02940883]
[7.48639155e-05 1.27574894e-04 5.20438726e-04 1.04936726e+00
 6.81570703e-02]
[0.64290596 0.26746754 0.25537266 0.37644285 0.0339548 ]
[ 9.31047271e-04 -5.20482865e-04  3.09742401e-04 -2.09003292e-03
  7.27068201e-01]
[1.57675719e-04 1.32054869e-02 1.23739508e-02 7.63768792e-01
 4.27145661e-01]
[0.87591914 0.39960937 0.12458214 0.00293598 0.04077671]
[0.01333084 0.009079   0.18429562 0.03026429 0.62308562]
[0.00366137 0.05779582 0.12872817 0.39552626 0.60449058]
[2.88528527e-02 4.96666001e-04 2.79083669e-01 2.15956356e-01
 5.58310116e-01]
[ 8.29789574e-03 -3.65636574e-04  2.72301389e-01  7.00840799e-01
  2.43369806e-01]
[ 1.26905565e-02 -2.37958794e-04  2.67930641e-01  5.81690557e-01
  3.94274556e-01]
[0.0798364  0.47674688 0.35275623 0.59390237 0.01606891]
[0.38006572 0.45018035 0.22818071 0.57274539 0.03468875]
[ 8.62362846e-06 -3.29985974e-04  1.38820865e-02  7.13092753e-01
  4.35603444e-01]
[0.01750726 1.01027428 0.35412456 0.17148205 0.09684355]
[1.52176693e-01 4.64188814e-01 1.25263298e-05 7.61079874e-01
 1.75481264e-01]
[0.37925555 0.37027716 0.58597119 0.2971488  0.16424608]
[0.13357567 0.04070902 0.34537603 1.05359779 0.0529771 ]
[0.08353389 0.32065387 0.02950456 0.98579656 0.08122117]
[0.0018282  0.20139937 0.08277119 0.33386593 0.69300269]
[0.34025306 0.50698652 0.09743746 0.48463358 0.53829958]
[0.59328666 0.18273653 0.70154224 0.53705486 0.05037627]
[0.36677234 0.00302294 0.15824057 0.57104174 0.51484553]
[0.53414951 0.16245563 0.10659233 0.83994693 0.21369458]
[ 3.15321386e-01  1.48800245e-01  1.57193819e-01 -5.17774315e-05
  6.67251965e-01]
[0.26181346 0.03256336 0.86598841 0.01866812 0.28924042]
[0.19599341 0.1405046  0.2149808  0.78759385 0.17537912]
[0.53666214 0.63316189 0.19010167 0.4767781  0.29274466]
[0.01359838 0.78674771 0.27136848 0.132753   0.48972264]
