[0.44420836 0.33523537 0.2600461  0.08601984 0.39200864]
[0.15892412 0.00598976 0.36083308 0.15353677 0.5116014 ]
[2.14831088e-03 3.18890067e-04 5.42885402e-01 7.04602878e-01
 3.45633569e-03]
[0.00232607 0.00975282 0.46492106 0.54479245 0.30706148]
[0.0581743  0.05887421 0.52746695 0.08060769 0.57754108]
[0.02252689 0.04167597 0.64552479 0.25409291 0.22607664]
[0.06029255 0.04489355 0.83248462 0.16767285 0.32666823]
[0.04662583 0.0561893  0.22387424 0.77739242 0.00144203]
[0.26798274 0.01051508 0.19446233 0.35524144 0.54000145]
[0.00348099 0.0856748  0.17160579 0.58250431 0.3022817 ]
[0.05056856 0.00570588 0.42527922 0.25422729 0.49490521]
[0.32628073 0.04904595 0.08995016 0.58181017 0.28652036]
[0.43066571 0.34745404 0.08750005 0.54286061 0.04624487]
[0.07459463 0.03037845 0.60773136 0.35548993 0.0479649 ]
[0.16374552 0.12041515 0.0809549  0.0357566  0.62445533]
[0.06533268 0.04775227 0.17549529 0.03418862 0.59860868]
[0.17133632 0.00873221 0.22097882 0.1141288  0.53878292]
[-1.16361904e-05 -1.36054241e-04  1.06414428e-03  7.94326019e-01
  1.26725757e-01]
[0.39365415 0.40091637 0.01123597 0.07413088 0.51287685]
[0.33011813 0.26842168 0.18552564 0.25361519 0.48047782]
[0.47165101 0.49404811 0.04145667 0.33024159 0.09431163]
[0.42983222 0.05212263 0.05515528 0.48125871 0.23014926]
[0.2619306  0.03126089 0.71478205 0.00467224 0.12340034]
[0.07640345 0.0747709  0.09964038 0.438997   0.46018263]
[0.35204833 0.15394531 0.1551396  0.41558178 0.43953359]
[0.25820053 0.47060189 0.46157743 0.25403617 0.22602648]
[0.07141648 0.02927147 0.83725667 0.07462504 0.05741978]
[0.60296222 0.04781725 0.62156009 0.060381   0.00175011]
[0.21821915 0.39760972 0.39008969 0.41824388 0.2254799 ]
[0.00889343 0.21704377 0.64256768 0.12843182 0.48154762]
[0.73330511 0.22658141 0.18325046 0.29179011 0.01684206]
[0.00265665 0.00209478 0.28319914 0.48471089 0.4346923 ]
[0.43859853 0.09381111 0.93557842 0.02133124 0.00196159]
[0.12563154 0.09928133 0.07002613 0.26777428 0.56039877]
[0.04422924 0.0173025  0.38922477 0.67618744 0.01395267]
[0.34157017 0.34982099 0.4071878  0.31566744 0.11447338]
[0.13566645 0.00498102 1.09359744 0.04970443 0.17479166]
[8.67239339e-03 3.53894570e-04 6.51712585e-01 1.29350312e-02
 3.91689711e-01]
[0.41882539 0.28533767 0.52575675 0.00948125 0.51345953]
[0.04567451 0.05362598 0.00225983 0.03844485 0.64515373]
[0.0892645  0.10836543 0.04575726 0.54364284 0.42430677]
[0.94169884 0.1178027  0.0339845  0.00568927 0.14328968]
[0.35930371 0.05554726 0.0992456  0.6544372  0.18482077]
[0.09288894 0.25111016 0.11630005 0.54489144 0.41167497]
[0.02631105 0.00212201 0.00116731 0.52794658 0.4700737 ]
[0.55296302 0.22139943 0.11113953 0.60484755 0.00315737]
[0.26626393 0.27103428 0.35222894 0.07317191 0.50272132]
[0.49112904 0.47707392 0.43210438 0.20106765 0.00232762]
[0.17174854 0.06839135 0.40947848 0.57420509 0.03137592]
[0.06448449 0.08413489 0.03475714 0.4181848  0.52167934]
[0.43420705 0.17373434 0.19075043 0.60457451 0.03305067]
[0.47601811 0.47665421 0.05414744 0.31602442 0.11460242]
[0.34187784 0.04311462 0.01332261 0.00201013 0.58262547]
[0.04243424 0.26232342 0.00490639 0.67975457 0.22913527]
[ 2.41996796e-03 -3.71122594e-04  1.17942172e-05  4.79773493e-01
  5.05140913e-01]
[0.31024433 0.53480597 0.20480777 0.44508836 0.04552957]
[0.01361853 0.00481966 0.19797239 0.03232115 0.61412272]
[0.71637639 0.29893582 0.27649492 0.06703027 0.05169938]
[0.06088477 0.18109279 0.14844009 0.68825027 0.11383378]
[ 7.37105463e-01  3.07601469e-01  2.82139642e-01  6.68336415e-02
 -2.36135834e-04]
[0.07244151 0.03125645 0.39101248 0.43314892 0.45803469]
[0.0291547  0.16103061 0.01075567 0.63323456 0.27310291]
[ 3.44911224e-03 -2.19646939e-04  2.91043501e-01  1.12607134e-01
  5.66860047e-01]
[0.0061696  0.90063339 0.02279368 0.01254228 0.28140175]
[0.38035433 0.28007641 0.65689181 0.11995171 0.16857196]
[0.04515244 0.01738653 0.59310726 0.56916076 0.00149465]
[0.27089706 0.46693796 0.35882669 0.4616164  0.18412892]
[0.26730506 0.20547424 0.21350185 0.00410742 0.52926785]
[0.19041715 0.00361341 0.66316241 0.01875735 0.34423626]
[1.55075942e-04 1.18505001e-04 7.24641661e-03 6.94844214e-01
 8.10490489e-03]
[0.85245455 0.02513881 0.00927992 0.33381215 0.27822456]
[0.12976684 0.01934773 0.00904475 0.50117664 0.43171187]
[0.26267063 0.03135088 0.71699324 0.00469316 0.05239426]
[0.00532693 0.00113891 0.07739541 0.01133167 0.66955135]
[0.79508855 0.06549966 0.48776518 0.04708866 0.14012254]
[0.00068872 0.0016774  0.02408374 0.21784741 0.65278503]
[0.95745968 0.1197842  0.0345541  0.01843502 0.04164518]
[0.43900603 0.44594988 0.12127572 0.34694775 0.11250363]
[0.00772608 0.30081262 0.59918524 0.11459629 0.33504346]
[0.75543928 0.09438562 0.02258166 0.01408848 0.42635336]
[0.41770499 0.40250805 0.05464387 0.60540224 0.06313664]
[0.10777544 0.01721692 0.12458894 0.28925015 0.60093264]
[0.08855651 0.23204043 0.21880073 0.65087567 0.16655267]
[0.01867162 0.00147546 0.15784529 0.26708144 0.55991367]
[0.71598061 0.08721514 0.09189525 0.03621733 0.24848472]
[0.1760336  0.13515089 0.24260814 0.1951017  0.52967852]
[0.20542055 0.04647785 0.47133878 0.19855123 0.41799031]
[0.16234978 0.02477803 0.04483943 0.28499786 0.59203571]
[0.50994027 0.20226409 0.19953756 0.5139516  0.00131081]
[0.09716995 0.74040938 0.44439563 0.00465809 0.23673543]
[0.49585077 0.06768901 0.44067453 0.34180096 0.12302143]
[2.72065666e-04 1.82709540e-03 4.86582749e-01 6.31312876e-01
 3.41729500e-01]
[0.75297538 0.09175208 0.09664519 0.03819933 0.22102447]
[0.05360607 0.07852223 0.70955696 0.53255056 0.00922972]
[0.36042997 0.07766107 0.4249181  0.01033172 0.55589813]
[0.66029499 0.08038599 0.13250304 0.39047151 0.18525828]
[8.39640266e-05 3.76373992e-02 5.86668457e-01 2.28857764e-01
 4.74976705e-01]
[0.63332033 0.06038502 0.29215844 0.42532939 0.37158331]
[0.23091173 0.85839807 0.01660771 0.06506694 0.23983205]
[0.33258435 0.04691255 0.24249694 0.46297935 0.45082298]
