[0.04722504 0.29188988 0.00546427 0.75643323 0.25494685]
[0.15749326 0.52672778 0.28822405 0.84429226 0.04927246]
[0.08015091 0.01017976 0.67456522 0.43973575 0.44633778]
[0.12640645 0.132684   0.45561478 0.37767779 0.80381654]
[0.0073277  0.00193877 0.02206999 0.01014356 0.99786834]
[0.18341871 0.80154745 0.46118566 0.14207924 0.23368583]
[0.64165787 0.16832871 0.67309485 0.12610158 0.46526827]
[0.22173219 0.09319866 0.06047523 0.60137754 0.57172972]
[0.02894247 0.03817174 0.33743342 0.02317186 0.75722987]
[0.04952892 0.81346448 0.19410043 0.78627874 0.00452786]
[0.08353389 0.32065387 0.02950456 0.98579656 0.08122117]
[0.07326877 0.05958242 0.00265349 0.18279181 0.76289125]
[0.3057166  0.12729069 0.07960311 0.87108173 0.66457791]
[0.15442854 0.26834297 0.47470668 0.17539353 0.77078918]
[0.08831579 0.0956552  0.0640167  0.3008741  0.6878574 ]
[2.88353975e-01 4.43763200e-01 6.23269557e-02 4.74898134e-04
 8.42688315e-01]
[4.56660235e-04 7.84397309e-05 2.47051578e-02 2.06077223e-02
 7.69355290e-01]
[0.01555781 0.01319932 0.02524043 0.00969369 0.81174639]
[0.08553591 0.25616413 0.01810306 0.6982453  0.04908957]
[0.00573846 0.02724505 0.01654331 0.20111971 0.82407041]
[0.31722962 0.03656105 0.85852081 0.01885545 0.29184666]
[0.98082699 0.3839165  0.45526577 0.06825746 0.21168934]
[0.45907185 0.52319445 0.66269599 0.3022393  0.24267061]
[0.33006832 0.32219664 0.26724075 0.19869072 0.52130695]
[0.0386444  0.23097586 0.50254374 0.60417471 0.17005001]
[0.53413216 0.51017686 0.7519564  0.03783074 0.38607868]
[0.00534536 0.17459392 0.18043861 0.38525354 0.69562919]
[0.14251434 0.33474764 0.20679017 0.33069341 0.54163402]
[0.02602432 0.03130673 0.06042869 0.74287727 0.48463596]
[0.21079696 0.14741079 0.67325943 0.88040129 0.06258986]
[0.00409068 0.00238707 0.00377985 0.21556143 0.83238536]
[ 8.99942524e-06 -7.10525446e-05  3.65979037e-04  7.66956333e-01
  7.99708459e-01]
[0.35791474 0.12557399 0.02806299 0.17830118 0.70538046]
[0.56019627 0.1820348  0.11232573 0.88521847 0.13692957]
[0.15584434 0.58378211 0.72230427 0.34180458 0.44182141]
[0.04622533 0.05416211 0.02679243 0.0414536  0.70525223]
[0.00386823 0.06586459 0.01206829 0.1575359  0.79505647]
[0.37026156 0.35206182 0.56950064 0.32468086 0.34896882]
[0.04302991 0.16258522 0.19544434 0.99600977 0.3748823 ]
[0.44115798 0.18336484 0.19465858 0.6170017  0.03373598]
[0.43341388 0.32472625 0.16363139 0.12660275 0.76082691]
[0.01359838 0.78674771 0.27136848 0.132753   0.48972264]
[0.36677234 0.00302294 0.15824057 0.57104174 0.51484553]
[0.34025306 0.50698652 0.09743746 0.48463358 0.53829958]
[0.53809914 0.02615371 0.03585004 0.71404256 0.67611999]
[0.01500665 0.01058335 0.19737411 0.03240342 0.61311462]
[0.11034335 0.2464291  0.03315147 0.69152424 0.76755602]
[0.08978241 0.02814877 0.48312221 0.58891078 0.57675561]
[0.10867018 0.07252984 0.28577782 0.54873165 0.49133834]
[0.35208883 0.23638505 0.0277302  0.21428296 0.72002662]
[0.02061305 0.01209751 0.16776372 0.40172182 0.826692  ]
[0.00891879 0.00555095 0.00197177 0.44260895 0.70064262]
[0.47155286 0.04431085 0.14196361 0.07490629 0.78002766]
[0.22086896 0.06860092 0.11908552 1.00780239 0.06789277]
[0.12509286 0.14745857 0.22278805 0.894176   0.55256292]
[0.00447238 0.01778141 0.12721941 0.26404878 0.68775217]
[0.03258936 0.01474929 0.16552525 0.05190791 0.86242374]
[0.41274238 0.40133154 0.48087816 0.37434294 0.18310789]
[0.04768518 0.15472541 0.14594633 1.1015276  0.23496604]
[0.00704226 0.03851685 0.01046406 0.11350616 0.7720263 ]
[0.03996557 0.06256925 0.1586018  0.31195462 0.8401694 ]
[0.31528749 0.40360396 0.14002702 0.54689879 0.68057886]
[0.80755053 0.51060274 0.47033027 0.1846082  0.45342963]
[0.32159081 0.25029945 0.37654009 0.1837171  0.61983756]
[0.03766874 0.06459732 0.06874502 0.71558936 0.64874204]
[0.13672584 0.09873275 0.35973101 0.38995796 0.45487308]
[0.00508877 0.02730607 0.13455813 0.01874297 1.05298624]
[0.01207987 0.03189185 0.08411027 0.56641442 0.77530824]
[0.34008922 0.81715322 0.20972058 0.31181109 0.56290701]
[0.113011   0.03324533 0.16023868 0.50552527 0.68151839]
[0.01589933 0.24433791 0.24747753 0.18963074 0.54067769]
[0.47831347 0.56458513 0.18979252 0.59537424 0.40482085]
[-9.67690972e-05 -4.18519589e-04  3.60031424e-03  1.46768593e-02
  8.13706953e-01]
[0.12163954 0.04523531 0.06635542 0.22635192 0.8340443 ]
[1.95927561e-04 1.48164216e-02 1.36259816e-02 8.46439036e-01
 4.42741290e-01]
[0.89348388 0.19618198 0.66053212 0.29938273 0.38894316]
[0.3522925  0.47703459 0.16813298 0.0764891  0.73815553]
[0.19915235 0.19292361 0.3174313  0.34485325 0.86565344]
[0.25337076 0.74857434 0.35492034 0.40554302 0.59121478]
[0.00524384 0.03762274 0.01682447 0.52642587 0.82591103]
[0.00446647 0.00380423 0.24935488 0.59812634 0.39705677]
[0.11736582 0.00192173 0.02947277 0.09094071 0.74745693]
[0.15349076 0.02280484 0.07169088 0.28891428 0.60023955]
[0.00206753 0.03135145 0.03740556 0.24152598 0.80749742]
[0.33563744 0.64945663 0.58977775 0.3350584  0.38788368]
[0.84940327 0.02464234 0.58655766 0.42700675 0.18100558]
[0.07146981 0.05425473 0.04720131 0.60692768 0.78301651]
[0.01379149 0.06392898 0.04591061 0.02752296 0.84533902]
[3.77966481e-03 3.02637953e-03 1.66250529e-04 8.76875823e-02
 7.89700566e-01]
[0.49790666 0.29763628 0.03857497 0.99088868 0.05276239]
[ 7.75906985e-04 -5.73720536e-04  6.31597423e-04 -1.28647203e-03
  7.11651353e-01]
[0.28968481 0.02322992 0.93994331 0.05238149 0.15522846]
[0.0816136  0.02668359 0.07809558 0.28612643 0.70355873]
[0.44584486 0.32901818 0.02819148 0.86486552 0.17996968]
[0.06029237 0.08628337 0.02762113 0.56485763 0.65246918]
[0.00866348 0.02409297 0.13145077 0.00136897 0.83179729]
[ 3.15321386e-01  1.48800245e-01  1.57193819e-01 -5.17774315e-05
  6.67251965e-01]
[0.09573859 0.25489214 0.11831907 0.55438384 0.42116683]
[0.063081   0.2772186  0.5028192  0.14280609 0.68608601]
[0.17297256 0.07752189 0.12838225 0.28602075 0.73514634]
