[0.43070596 0.40751839 0.16085018 0.63674666 0.36360358]
[0.23923143 0.03395495 0.32700026 0.46594606 0.45375543]
[0.03558946 0.23653284 0.14266522 0.75598764 0.25479686]
[0.07017492 0.08510461 0.16237224 0.60680679 0.41338135]
[ 3.15321386e-01  1.48800245e-01  1.57193819e-01 -5.17774315e-05
  6.67251965e-01]
[0.17237364 0.76988352 0.14421368 0.26998969 0.4878704 ]
[0.09197557 0.0128792  0.77489384 0.50910037 0.1986645 ]
[0.25571725 0.49596461 0.5172581  0.27459512 0.1900013 ]
[0.35386919 0.78847988 0.10769981 0.65214304 0.42134123]
[0.0876001  0.33100702 0.40068015 0.20157185 0.52879109]
[0.22173219 0.09319866 0.06047523 0.60137754 0.57172972]
[0.0831338  0.11935044 0.03812438 0.71970196 0.6493748 ]
[1.95927561e-04 1.48164216e-02 1.36259816e-02 8.46439036e-01
 4.42741290e-01]
[0.07074593 0.12266163 0.1294073  0.81523852 0.41357381]
[0.09819128 0.01420171 0.13172618 0.28971576 0.60176966]
[0.99203804 0.14421552 0.40396553 0.04129569 0.17510841]
[0.06029237 0.08628337 0.02762113 0.56485763 0.65246918]
[0.13672584 0.09873275 0.35973101 0.38995796 0.45487308]
[0.74670982 0.03652689 0.06006888 0.30742228 0.61085604]
[0.36126473 0.29563743 0.06550888 0.37959626 0.43671977]
[0.09661347 0.42450921 0.76941576 0.27527967 0.19394159]
[0.22086896 0.06860092 0.11908552 1.00780239 0.06789277]
[0.30833914 0.03718095 0.83488986 0.01827729 0.27607243]
[0.27864066 0.48443395 0.85615255 0.42379565 0.18077367]
[0.98191286 0.1427376  0.39966973 0.43350018 0.18424099]
[0.04243424 0.26232342 0.00490639 0.67975457 0.22913527]
[0.34482986 0.32784931 0.5900511  0.32384895 0.35021426]
[0.09573859 0.25489214 0.11831907 0.55438384 0.42116683]
[0.18341871 0.80154745 0.46118566 0.14207924 0.23368583]
[1.83272408e-03 1.92222969e-04 4.68989376e-01 6.08411321e-01
 3.32622507e-02]
[0.41842408 0.39956094 0.58910154 0.01088204 0.29449722]
[0.10867018 0.07252984 0.28577782 0.54873165 0.49133834]
[0.16492667 0.43921085 0.13857922 0.49547643 0.48735359]
[0.00315369 0.0095972  0.00369625 0.62989942 0.66208264]
[0.0386444  0.23097586 0.50254374 0.60417471 0.17005001]
[0.11425201 0.34227405 0.02085686 0.83389056 0.04068707]
[1.01208222 0.1266515  0.03652817 0.0196092  0.04404385]
[0.23727139 0.07530531 0.59897991 0.2605446  0.52424238]
[0.06533268 0.04775227 0.17549529 0.03418862 0.59860868]
[0.00446647 0.00380423 0.24935488 0.59812634 0.39705677]
[0.00915289 0.02392796 0.07445405 0.58606144 0.53227665]
[0.23704783 0.07509149 0.00420494 0.94788367 0.06892671]
[0.17012999 1.05039941 0.01977629 0.3006983  0.30040602]
[0.01978937 0.05176442 0.159048   0.76024459 0.38632206]
[0.27948261 0.03695792 0.13025681 0.18775632 0.63294012]
[0.44333354 0.43111    0.51650867 0.400983   0.14531226]
[0.0378836  0.04425771 0.03765848 0.03880432 0.66118622]
[0.08553591 0.25616413 0.01810306 0.6982453  0.04908957]
[0.1646145  0.61663302 0.76291071 0.11910393 0.43913217]
[0.01529718 0.67138845 0.48994041 0.1394388  0.51226943]
[0.00357904 0.00155304 0.32460296 0.55587571 0.49829113]
[0.09573828 0.0563681  0.57621654 1.11152664 0.00559208]
[0.02077431 0.37548739 0.8945572  0.52250089 0.0724677 ]
[0.53487373 0.56380741 0.31587223 0.028581   0.5690218 ]
[0.14251434 0.33474764 0.20679017 0.33069341 0.54163402]
[0.43617269 0.17452329 0.19161386 0.60732006 0.03320207]
[0.01361853 0.00481966 0.19797239 0.03232115 0.61412272]
[0.00891879 0.00555095 0.00197177 0.44260895 0.70064262]
[0.04483101 0.25329911 0.41497661 0.51922559 0.38131445]
[ 3.11636717e-03 -4.01526209e-04  8.79188786e-05  5.58573546e-02
  7.19487000e-01]
[0.1951174  0.29057779 0.01004082 0.66157491 0.53898332]
[0.06573817 0.17765741 0.05433709 0.3017657  0.64030256]
[0.45446703 0.437972   0.05945591 0.6588509  0.06872688]
[0.20791026 0.08637496 0.0942842  0.6994327  0.04917348]
[1.35238195e-04 3.09373380e-04 2.29587703e-03 1.10683824e+00
 7.32297197e-02]
[0.01359838 0.78674771 0.27136848 0.132753   0.48972264]
[0.28968481 0.02322992 0.93994331 0.05238149 0.15522846]
[0.3134258  0.01240072 0.22742654 0.28419075 0.52801216]
[ 7.75906985e-04 -5.73720536e-04  6.31597423e-04 -1.28647203e-03
  7.11651353e-01]
[0.02602432 0.03130673 0.06042869 0.74287727 0.48463596]
[0.03974517 0.13097579 0.12342041 0.92748226 0.1978747 ]
[0.08015091 0.01017976 0.67456522 0.43973575 0.44633778]
[0.44979452 0.01276372 0.91125383 0.4367924  0.18514217]
[0.05493419 0.90200289 0.17191612 0.22912624 0.27664258]
[0.17848421 0.13703905 0.24598304 0.18847284 0.53741085]
[0.00076738 0.00221455 0.00214605 0.6620937  0.69062654]
[0.2083477  0.3205404  0.07949384 0.00275944 0.61422861]
[0.01500665 0.01058335 0.19737411 0.03240342 0.61311462]
[0.27723219 0.11538076 0.12207153 0.83047343 0.04051911]
[0.17636652 0.20326369 0.01291348 1.00238886 0.06796272]
[0.00367711 0.06241078 0.69096568 0.78439594 0.0091053 ]
[0.17603099 0.16719633 0.08380466 0.54790412 0.46577764]
[0.11656356 0.34432421 0.88237005 0.51499068 0.07142451]
[0.01589933 0.24433791 0.24747753 0.18963074 0.54067769]
[0.03270918 0.05668093 0.06007112 0.62569189 0.56743553]
[0.53412133 0.5630137  0.32849026 0.02816598 0.56962499]
[0.18171392 0.55950333 0.53646898 0.21739812 0.19433188]
[0.12678404 0.14928425 0.04989986 0.53525597 0.62097845]
[0.08163189 0.15774395 0.14501092 0.75333115 0.41514998]
[0.04952892 0.81346448 0.19410043 0.78627874 0.00452786]
[0.07260238 0.04262293 0.59362246 1.13746995 0.00573185]
[0.33006832 0.32219664 0.26724075 0.19869072 0.52130695]
[1.03493192 0.15896233 0.02790863 0.26990374 0.34288954]
[-1.17596854e-04 -5.64223637e-04  3.25348965e-03  5.81133483e-03
  6.78236074e-01]
[0.15349076 0.02280484 0.07169088 0.28891428 0.60023955]
[0.02478578 0.01614208 0.32439101 0.55736843 0.49962515]
[0.41274238 0.40133154 0.48087816 0.37434294 0.18310789]
[ 8.99942524e-06 -7.10525446e-05  3.65979037e-04  7.66956333e-01
  7.99708459e-01]
[0.15221489 0.0247397  0.07121723 0.28699274 0.5962742 ]
[0.01513042 0.87435665 0.2709282  0.14556487 0.53627061]
