[0.04722504 0.29188988 0.00546427 0.75643323 0.25494685]
[0.08015091 0.01017976 0.67456522 0.43973575 0.44633778]
[0.18341871 0.80154745 0.46118566 0.14207924 0.23368583]
[0.64165787 0.16832871 0.67309485 0.12610158 0.46526827]
[0.22173219 0.09319866 0.06047523 0.60137754 0.57172972]
[0.04952892 0.81346448 0.19410043 0.78627874 0.00452786]
[0.08553591 0.25616413 0.01810306 0.6982453  0.04908957]
[0.98082699 0.3839165  0.45526577 0.06825746 0.21168934]
[0.33006832 0.32219664 0.26724075 0.19869072 0.52130695]
[0.0386444  0.23097586 0.50254374 0.60417471 0.17005001]
[0.53413216 0.51017686 0.7519564  0.03783074 0.38607868]
[0.14251434 0.33474764 0.20679017 0.33069341 0.54163402]
[0.02602432 0.03130673 0.06042869 0.74287727 0.48463596]
[ 8.99942524e-06 -7.10525446e-05  3.65979037e-04  7.66956333e-01
  7.99708459e-01]
[0.15584434 0.58378211 0.72230427 0.34180458 0.44182141]
[0.04302991 0.16258522 0.19544434 0.99600977 0.3748823 ]
[0.01359838 0.78674771 0.27136848 0.132753   0.48972264]
[0.34025306 0.50698652 0.09743746 0.48463358 0.53829958]
[0.01500665 0.01058335 0.19737411 0.03240342 0.61311462]
[0.10867018 0.07252984 0.28577782 0.54873165 0.49133834]
[0.00891879 0.00555095 0.00197177 0.44260895 0.70064262]
[0.22086896 0.06860092 0.11908552 1.00780239 0.06789277]
[0.00447238 0.01778141 0.12721941 0.26404878 0.68775217]
[0.41274238 0.40133154 0.48087816 0.37434294 0.18310789]
[0.13672584 0.09873275 0.35973101 0.38995796 0.45487308]
[0.01589933 0.24433791 0.24747753 0.18963074 0.54067769]
[0.47831347 0.56458513 0.18979252 0.59537424 0.40482085]
[-9.67690972e-05 -4.18519589e-04  3.60031424e-03  1.46768593e-02
  8.13706953e-01]
[1.95927561e-04 1.48164216e-02 1.36259816e-02 8.46439036e-01
 4.42741290e-01]
[0.00446647 0.00380423 0.24935488 0.59812634 0.39705677]
[0.15349076 0.02280484 0.07169088 0.28891428 0.60023955]
[0.84940327 0.02464234 0.58655766 0.42700675 0.18100558]
[ 7.75906985e-04 -5.73720536e-04  6.31597423e-04 -1.28647203e-03
  7.11651353e-01]
[0.28968481 0.02322992 0.93994331 0.05238149 0.15522846]
[0.06029237 0.08628337 0.02762113 0.56485763 0.65246918]
[ 3.15321386e-01  1.48800245e-01  1.57193819e-01 -5.17774315e-05
  6.67251965e-01]
[0.09573859 0.25489214 0.11831907 0.55438384 0.42116683]
[0.18171392 0.55950333 0.53646898 0.21739812 0.19433188]
[1.13814854 0.23368662 0.03091666 0.29916866 0.38866674]
[0.04294833 0.14153546 0.13332908 1.00614901 0.2146253 ]
[0.16492667 0.43921085 0.13857922 0.49547643 0.48735359]
[ 5.43767263e-04  1.85345868e-05  6.02382541e-04 -4.96354552e-04
  7.81190450e-01]
[0.43070596 0.40751839 0.16085018 0.63674666 0.36360358]
[ 1.18875594e-04 -5.72910124e-04  2.33782781e-03 -5.82989329e-04
  8.58815632e-01]
[0.00076738 0.00221455 0.00214605 0.6620937  0.69062654]
[0.0378836  0.04425771 0.03765848 0.03880432 0.66118622]
[0.06620861 1.08667822 0.20710145 0.27644556 0.33332719]
[0.09573828 0.0563681  0.57621654 1.11152664 0.00559208]
[ 9.11744370e-04 -5.68257699e-04  7.30129256e-04 -1.42248626e-03
  7.42187034e-01]
[0.06533268 0.04775227 0.17549529 0.03418862 0.59860868]
[0.01311597 0.01105512 0.02041787 0.00957009 0.68498079]
[0.15221489 0.0247397  0.07121723 0.28699274 0.5962742 ]
[0.74670982 0.03652689 0.06006888 0.30742228 0.61085604]
[0.53487373 0.56380741 0.31587223 0.028581   0.5690218 ]
[0.03558946 0.23653284 0.14266522 0.75598764 0.25479686]
[0.19844508 0.15150022 0.00941889 0.495415   0.69680817]
[0.09819128 0.01420171 0.13172618 0.28971576 0.60176966]
[0.11656356 0.34432421 0.88237005 0.51499068 0.07142451]
[0.27864066 0.48443395 0.85615255 0.42379565 0.18077367]
[ 3.11636717e-03 -4.01526209e-04  8.79188786e-05  5.58573546e-02
  7.19487000e-01]
[0.6782942  0.28621255 0.20437714 0.027376   0.63051152]
[0.71653674 0.97992512 0.33809927 0.13571853 0.40919845]
[0.27723219 0.11538076 0.12207153 0.83047343 0.04051911]
[0.30833914 0.03718095 0.83488986 0.01827729 0.27607243]
[0.1951174  0.29057779 0.01004082 0.66157491 0.53898332]
[0.01978937 0.05176442 0.159048   0.76024459 0.38632206]
[0.98191286 0.1427376  0.39966973 0.43350018 0.18424099]
[0.17237364 0.76988352 0.14421368 0.26998969 0.4878704 ]
[0.02478578 0.01614208 0.32439101 0.55736843 0.49962515]
[0.43617269 0.17452329 0.19161386 0.60732006 0.03320207]
[0.03270918 0.05668093 0.06007112 0.62569189 0.56743553]
[0.35826196 0.27889581 0.41946063 0.20632335 0.58391349]
[0.68818981 0.15097368 0.51135286 0.89643523 0.00836161]
[0.44584486 0.32901818 0.02819148 0.86486552 0.17996968]
[0.14081546 0.74779732 0.84921565 0.15914154 0.57478286]
[0.12509286 0.14745857 0.22278805 0.894176   0.55256292]
[0.21079696 0.14741079 0.67325943 0.88040129 0.06258986]
[0.80533428 0.50357739 0.46780707 0.1836064  0.46081852]
[0.30340317 0.12632336 0.08049817 0.86703565 0.63978495]
[0.32159081 0.25029945 0.37654009 0.1837171  0.61983756]
[0.32436655 0.62763807 0.57546925 0.32425037 0.47823727]
[0.42619067 0.31449265 0.08372975 0.83833489 0.15629217]
[0.01917968 0.07126088 0.0870875  0.48313091 0.66629834]
[0.08353389 0.32065387 0.02950456 0.98579656 0.08122117]
[0.02894247 0.03817174 0.33743342 0.02317186 0.75722987]
[0.063081   0.2772186  0.5028192  0.14280609 0.68608601]
[0.56019627 0.1820348  0.11232573 0.88521847 0.13692957]
[0.25337076 0.74857434 0.35492034 0.40554302 0.59121478]
[0.37026156 0.35206182 0.56950064 0.32468086 0.34896882]
[0.12549653 0.10239075 0.0265706  0.13117412 0.75388302]
[ 2.05965475e-01  2.97357414e-01  1.53891167e-01 -9.58566577e-05
  8.18207033e-01]
[0.49790666 0.29763628 0.03857497 0.99088868 0.05276239]
[2.85694210e-01 4.39666725e-01 6.17518886e-02 2.06047190e-04
 8.34913821e-01]
[0.35275276 0.83620145 0.51800457 0.15939814 0.23546376]
[0.00866348 0.02409297 0.13145077 0.00136897 0.83179729]
[0.09652831 0.21479558 0.02891996 0.60312864 0.66969371]
[0.50553183 0.56443646 0.72239408 0.13459834 0.50202154]
[0.04533175 0.27297667 0.59353827 0.71394876 0.20091108]
[0.08978241 0.02814877 0.48312221 0.58891078 0.57675561]
[0.34008922 0.81715322 0.20972058 0.31181109 0.56290701]
