[0.85245455 0.02513881 0.00927992 0.33381215 0.27822456]
[0.02631105 0.00212201 0.00116731 0.52794658 0.4700737 ]
[0.02218795 0.09575964 1.01113278 0.20411393 0.13879404]
[0.32216246 0.31446866 0.2825096  0.20003734 0.52078008]
[0.41882539 0.28533767 0.52575675 0.00948125 0.51345953]
[0.15816467 0.50653768 0.1372386  0.5393322  0.3069471 ]
[0.20814256 0.00872248 0.6636171  0.0288999  0.3468497 ]
[0.26730506 0.20547424 0.21350185 0.00410742 0.52926785]
[0.00068872 0.0016774  0.02408374 0.21784741 0.65278503]
[ 3.15321386e-01  1.48800245e-01  1.57193819e-01 -5.17774315e-05
  6.67251965e-01]
[2.42459587e-06 4.62336587e-02 7.05196062e-01 1.56691083e-01
 5.26574428e-01]
[0.07032603 0.53605516 0.46336476 0.39726502 0.23520084]
[0.75543928 0.09438562 0.02258166 0.01408848 0.42635336]
[0.05325153 0.00729091 0.44359602 0.84789531 0.00417179]
[0.08855651 0.23204043 0.21880073 0.65087567 0.16655267]
[0.49112904 0.47707392 0.43210438 0.20106765 0.00232762]
[0.66029499 0.08038599 0.13250304 0.39047151 0.18525828]
[1.83272408e-03 1.92222969e-04 4.68989376e-01 6.08411321e-01
 3.32622507e-02]
[0.46382511 0.19335845 0.76714153 0.0466097  0.06087012]
[0.13286902 0.01007073 0.93545394 0.06816479 0.00417105]
[0.76921135 0.32102312 0.29442826 0.04265391 0.05533812]
[0.30152745 0.011907   0.21826122 0.39957497 0.47961513]
[0.21821915 0.39760972 0.39008969 0.41824388 0.2254799 ]
[0.05360607 0.07852223 0.70955696 0.53255056 0.00922972]
[2.14831088e-03 3.18890067e-04 5.42885402e-01 7.04602878e-01
 3.45633569e-03]
[0.0636921  1.08786841 0.00989181 0.48723289 0.06553329]
[0.13566645 0.00498102 1.09359744 0.04970443 0.17479166]
[0.02374159 0.05821025 0.18679239 0.82641323 0.00152614]
[0.00919015 0.00313952 0.72512701 0.29183325 0.01410275]
[ 4.76877388e-05 -3.54318499e-04  1.99324844e-04 -2.14514737e-03
  7.26479891e-01]
[0.35204833 0.15394531 0.1551396  0.41558178 0.43953359]
[0.2619306  0.03126089 0.71478205 0.00467224 0.12340034]
[0.79508855 0.06549966 0.48776518 0.04708866 0.14012254]
[0.23091173 0.85839807 0.01660771 0.06506694 0.23983205]
[ 1.75173589e-04 -5.01720867e-04  3.22217298e-03  8.38263608e-02
  7.05081050e-01]
[0.64258049 0.61040174 0.03469058 0.01087051 0.29423645]
[0.29218717 0.09268807 0.70545292 0.19109642 0.00258283]
[0.75209565 0.16127555 0.4939096  0.58763331 0.03476358]
[0.01867162 0.00147546 0.15784529 0.26708144 0.55991367]
[0.14343269 0.10541722 0.12476635 0.03644086 0.63573469]
[0.03595976 0.0033978  0.70720787 0.01423655 0.4265606 ]
[0.17133632 0.00873221 0.22097882 0.1141288  0.53878292]
[0.63332033 0.06038502 0.29215844 0.42532939 0.37158331]
[7.80790032e-04 2.37272117e-03 1.72064571e-05 5.18920479e-01
 5.46206945e-01]
[0.26626393 0.27103428 0.35222894 0.07317191 0.50272132]
[0.33664981 0.27374201 0.18915453 0.25553118 0.49502949]
[0.4405505  0.42454687 0.05763428 0.63861754 0.06661066]
[0.06088477 0.18109279 0.14844009 0.68825027 0.11383378]
[0.00265665 0.00209478 0.28319914 0.48471089 0.4346923 ]
[0.71598061 0.08721514 0.09189525 0.03621733 0.24848472]
[0.09727802 0.74123206 0.44488905 0.00466565 0.23699871]
[0.34157017 0.34982099 0.4071878  0.31566744 0.11447338]
[1.33402271e-04 2.98496094e-04 2.08681446e-03 8.12938728e-01
 5.43280917e-02]
[0.0892645  0.10836543 0.04575726 0.54364284 0.42430677]
[0.04243424 0.26232342 0.00490639 0.67975457 0.22913527]
[0.43066571 0.34745404 0.08750005 0.54286061 0.04624487]
[0.33258435 0.04691255 0.24249694 0.46297935 0.45082298]
[0.12563154 0.09928133 0.07002613 0.26777428 0.56039877]
[0.26798274 0.01051508 0.19446233 0.35524144 0.54000145]
[0.44420836 0.33523537 0.2600461  0.08601984 0.39200864]
[0.95745968 0.1197842  0.0345541  0.01843502 0.04164518]
[0.11072015 0.06505728 0.64671966 0.41995615 0.16635852]
[0.38035433 0.28007641 0.65689181 0.11995171 0.16857196]
[0.06533268 0.04775227 0.17549529 0.03418862 0.59860868]
[0.15892412 0.00598976 0.36083308 0.15353677 0.5116014 ]
[0.04515244 0.01738653 0.59310726 0.56916076 0.00149465]
[0.00889343 0.21704377 0.64256768 0.12843182 0.48154762]
[0.2364377  0.04494897 0.64319725 0.4368582  0.20286686]
[0.00772608 0.30081262 0.59918524 0.11459629 0.33504346]
[0.1760336  0.13515089 0.24260814 0.1951017  0.52967852]
[0.07640345 0.0747709  0.09964038 0.438997   0.46018263]
[0.47601811 0.47665421 0.05414744 0.31602442 0.11460242]
[0.75297538 0.09175208 0.09664519 0.03819933 0.22102447]
[ 1.54251567e-01  1.26646560e-01  6.72850226e-03  7.59704366e-01
 -2.57147639e-04]
[0.16234978 0.02477803 0.04483943 0.28499786 0.59203571]
[0.09288894 0.25111016 0.11630005 0.54489144 0.41167497]
[0.07990722 0.43638758 0.45851347 0.66150037 0.12342384]
[8.39640266e-05 3.76373992e-02 5.86668457e-01 2.28857764e-01
 4.74976705e-01]
[0.2682604  0.48885721 0.47948644 0.26397493 0.234811  ]
[-1.37072097e-04  6.83931738e-04  3.76024455e-03  8.01947406e-01
  4.37854573e-01]
[0.00584089 0.00130259 0.0846365  0.01259216 0.71947626]
[0.04567451 0.05362598 0.00225983 0.03844485 0.64515373]
[0.00901861 0.00786155 0.5697584  0.56540749 0.35150605]
[1.55075942e-04 1.18505001e-04 7.24641661e-03 6.94844214e-01
 8.10490489e-03]
[0.38693658 0.05139371 0.01827527 0.00256326 0.66013713]
[0.00348099 0.0856748  0.17160579 0.58250431 0.3022817 ]
[0.12822116 0.0191103  0.00893651 0.51974294 0.44647949]
[0.0291547  0.16103061 0.01075567 0.63323456 0.27310291]
[0.43420705 0.17373434 0.19075043 0.60457451 0.03305067]
[0.10777544 0.01721692 0.12458894 0.28925015 0.60093264]
[0.32628073 0.04904595 0.08995016 0.58181017 0.28652036]
[0.71637639 0.29893582 0.27649492 0.06703027 0.05169938]
[0.01361853 0.00481966 0.19797239 0.03232115 0.61412272]
[0.43859853 0.09381111 0.93557842 0.02133124 0.00196159]
[0.27347945 0.4713922  0.36224567 0.46475346 0.1832508 ]
[0.0061696  0.90063339 0.02279368 0.01254228 0.28140175]
[0.35930371 0.05554726 0.0992456  0.6544372  0.18482077]
[0.02252689 0.04167597 0.64552479 0.25409291 0.22607664]
[0.05056856 0.00570588 0.42527922 0.25422729 0.49490521]
[0.00543482 0.59050957 0.53162038 0.23084028 0.19370273]
