[0.13672584 0.09873275 0.35973101 0.38995796 0.45487308]
[0.30945933 0.03731817 0.84456805 0.0144767  0.14589612]
[0.2369092  0.35355868 0.01447648 0.80476379 0.21057467]
[0.16234978 0.02477803 0.04483943 0.28499786 0.59203571]
[0.01168011 0.03096386 0.09555762 0.7830585  0.16467098]
[0.29211757 0.03519379 0.7909881  0.01367783 0.26167248]
[0.33258435 0.04691255 0.24249694 0.46297935 0.45082298]
[0.34157017 0.34982099 0.4071878  0.31566744 0.11447338]
[0.30400515 0.52404434 0.40266036 0.51683669 0.20373795]
[0.02374159 0.05821025 0.18679239 0.82641323 0.00152614]
[0.32216246 0.31446866 0.2825096  0.20003734 0.52078008]
[0.01529718 0.67138845 0.48994041 0.1394388  0.51226943]
[0.14335692 0.61803516 0.85536032 0.20167252 0.1371464 ]
[0.20791026 0.08637496 0.0942842  0.6994327  0.04917348]
[0.05246043 0.02028863 0.68875056 0.6590651  0.00828365]
[0.01361853 0.00481966 0.19797239 0.03232115 0.61412272]
[0.45344165 0.44323612 0.21866161 0.67367182 0.00382293]
[0.75297538 0.09175208 0.09664519 0.03819933 0.22102447]
[0.09727802 0.74123206 0.44488905 0.00466565 0.23699871]
[0.04243424 0.26232342 0.00490639 0.67975457 0.22913527]
[0.17848421 0.13703905 0.24598304 0.18847284 0.53741085]
[ 2.97021715e-03  4.00977673e-03  4.13876481e-02  8.79256663e-01
 -3.86029836e-04]
[0.10777544 0.01721692 0.12458894 0.28925015 0.60093264]
[2.42459587e-06 4.62336587e-02 7.05196062e-01 1.56691083e-01
 5.26574428e-01]
[0.02262884 0.02716931 0.05258855 0.64630349 0.47002915]
[0.05325153 0.00729091 0.44359602 0.84789531 0.00417179]
[0.00915289 0.02392796 0.07445405 0.58606144 0.53227665]
[1.95927561e-04 1.48164216e-02 1.36259816e-02 8.46439036e-01
 4.42741290e-01]
[0.0480843  0.3706193  0.71672193 0.30559537 0.14163827]
[0.27028343 0.01412302 0.3484994  0.17594193 0.4622136 ]
[0.06533268 0.04775227 0.17549529 0.03418862 0.59860868]
[0.71598061 0.08721514 0.09189525 0.03621733 0.24848472]
[0.64258049 0.61040174 0.03469058 0.01087051 0.29423645]
[0.85245455 0.02513881 0.00927992 0.33381215 0.27822456]
[0.00772608 0.30081262 0.59918524 0.11459629 0.33504346]
[0.23531743 0.87438151 0.0169184  0.06632024 0.24431145]
[0.27723219 0.11538076 0.12207153 0.83047343 0.04051911]
[0.02188314 0.37527168 0.8942375  0.52231339 0.07244165]
[0.33383729 0.00912068 1.05596544 0.04966948 0.17467356]
[0.00842896 0.00775915 0.01418605 0.8066384  0.16298804]
[0.01799583 0.2969518  0.70819254 0.58031507 0.01007037]
[0.29702477 0.24298334 0.06064078 0.37566714 0.39700799]
[0.01867162 0.00147546 0.15784529 0.26708144 0.55991367]
[0.11837204 0.11331355 0.24423829 0.49025101 0.41160758]
[0.27948261 0.03695792 0.13025681 0.18775632 0.63294012]
[0.44181976 0.09450431 0.9424474  0.02150363 0.00613418]
[0.14343269 0.10541722 0.12476635 0.03644086 0.63573469]
[0.05488283 0.90116159 0.21501598 0.59618359 0.01035584]
[ 3.15321386e-01  1.48800245e-01  1.57193819e-01 -5.17774315e-05
  6.67251965e-01]
[0.41882539 0.28533767 0.52575675 0.00948125 0.51345953]
[0.0386444  0.23097586 0.50254374 0.60417471 0.17005001]
[0.04483101 0.25329911 0.41497661 0.51922559 0.38131445]
[0.2682604  0.48885721 0.47948644 0.26397493 0.234811  ]
[0.00154444 0.27682548 0.60665386 0.73303538 0.01150886]
[0.43617269 0.17452329 0.19161386 0.60732006 0.03320207]
[0.14274249 0.00531831 0.31917241 0.26650285 0.49537056]
[0.12633499 0.07430433 0.76591752 0.50749472 0.19803929]
[0.71637639 0.29893582 0.27649492 0.06703027 0.05169938]
[0.08553591 0.25616413 0.01810306 0.6982453  0.04908957]
[0.14745068 0.02418105 0.22309809 0.18564878 0.58618816]
[0.45446703 0.437972   0.05945591 0.6588509  0.06872688]
[0.13204853 0.0200442  0.0098155  0.53567369 0.46012068]
[1.83272408e-03 1.92222969e-04 4.68989376e-01 6.08411321e-01
 3.32622507e-02]
[0.02701754 0.20636146 0.1240838  0.71736888 0.23063652]
[0.09288894 0.25111016 0.11630005 0.54489144 0.41167497]
[0.27635868 0.01086264 0.20053821 0.36640482 0.55268155]
[0.19770148 0.00790436 0.26895368 0.36699792 0.55364022]
[1.04037844e-04 2.10517212e-04 1.86323785e-03 8.73432763e-01
 5.83903869e-02]
[0.00068872 0.0016774  0.02408374 0.21784741 0.65278503]
[0.01359838 0.78674771 0.27136848 0.132753   0.48972264]
[-1.45801983e-04 -5.37593302e-04  2.52287485e-03  5.15966285e-01
  5.38605565e-01]
[0.04880933 0.63343042 0.37268103 0.54761262 0.27249862]
[0.1051583  0.31144407 0.79798802 0.46553896 0.06261358]
[0.17579226 0.16691531 0.5065159  0.55033554 0.3422019 ]
[0.90761427 0.13189264 0.36942894 0.03033243 0.15654953]
[0.07200315 0.00714003 0.60460146 0.39390843 0.31398267]
[0.07640345 0.0747709  0.09964038 0.438997   0.46018263]
[0.18311203 0.13458369 0.6876072  0.11013559 0.15622269]
[0.00555661 0.00178237 0.29321804 0.74596972 0.05370045]
[0.23741454 0.07520852 0.00421152 0.94935227 0.00326619]
[0.03409851 0.02238352 0.44540921 0.44505689 0.49012719]
[0.79508855 0.06549966 0.48776518 0.04708866 0.14012254]
[ 2.28202030e-04 -1.41232278e-04  3.63307711e-04 -1.62432202e-03
  7.28335301e-01]
[0.57217377 0.05449742 0.50658031 0.29475976 0.37676613]
[0.18171392 0.55950333 0.53646898 0.21739812 0.19433188]
[0.0061696  0.90063339 0.02279368 0.01254228 0.28140175]
[1.01208222 0.1266515  0.03652817 0.0196092  0.04404385]
[0.28085589 0.22829559 0.1578122  0.21239842 0.51084113]
[0.69318844 0.28924225 0.27190802 0.2322356  0.05224643]
[0.75543928 0.09438562 0.02258166 0.01408848 0.42635336]
[0.01803135 0.04416344 0.13741485 0.60904165 0.37258573]
[0.00538352 0.01184917 0.12645357 0.76724624 0.00912064]
[0.04920639 0.05780444 0.00243815 0.04157231 0.69488765]
[ 1.61147019e-03 -4.97792690e-04  2.12737501e-05  5.38132302e-02
  6.93442971e-01]
[0.00265665 0.00209478 0.28319914 0.48471089 0.4346923 ]
[0.35930371 0.05554726 0.0992456  0.6544372  0.18482077]
[0.16238611 0.52005902 0.13986103 0.55340611 0.31612035]
[0.25571725 0.49596461 0.5172581  0.27459512 0.1900013 ]
[0.2185205  0.08734914 0.00706036 0.8928966  0.00304821]
[2.92238521e-02 6.48747331e-04 5.96251117e-02 8.68007008e-01
 1.45563933e-01]
