[1.55075942e-04 1.18505001e-04 7.24641661e-03 6.94844214e-01
 8.10490489e-03]
[8.67239339e-03 3.53894570e-04 6.51712585e-01 1.29350312e-02
 3.91689711e-01]
[0.00232607 0.00975282 0.46492106 0.54479245 0.30706148]
[0.03998793 0.00680595 0.64550203 0.25401533 0.22600806]
[0.40888682 0.32985921 0.08307413 0.55967743 0.04615924]
[0.41882539 0.28533767 0.52575675 0.00948125 0.51345953]
[0.35930371 0.05554726 0.0992456  0.6544372  0.18482077]
[0.74375366 0.30236583 0.02257365 0.01239111 0.2786878 ]
[0.44420836 0.33523537 0.2600461  0.08601984 0.39200864]
[0.75543928 0.09438562 0.02258166 0.01408848 0.42635336]
[0.00068872 0.0016774  0.02408374 0.21784741 0.65278503]
[0.00348099 0.0856748  0.17160579 0.58250431 0.3022817 ]
[0.09716995 0.74040938 0.44439563 0.00465809 0.23673543]
[ 1.27629545e-03 -4.34356832e-04  6.45640630e-01  3.99321053e-01
  1.90429967e-01]
[0.67660659 0.09588169 0.08701793 0.06565999 0.19299805]
[0.05360607 0.07852223 0.70955696 0.53255056 0.00922972]
[0.00283463 0.00245308 0.04432946 0.4023661  0.56983945]
[0.84840326 0.10345511 0.10889764 0.0457143  0.0105002 ]
[0.15689169 0.02326398 0.04324855 0.27880163 0.56641318]
[0.43566072 0.41982976 0.05699422 0.58147105 0.06268787]
[0.16374552 0.12041515 0.0809549  0.0357566  0.62445533]
[0.85245455 0.02513881 0.00927992 0.33381215 0.27822456]
[0.07244151 0.03125645 0.39101248 0.43314892 0.45803469]
[0.95745968 0.1197842  0.0345541  0.01843502 0.04164518]
[ 3.54012467e-03 -2.06570988e-04  4.34257783e-01  1.52730418e-02
  4.41280400e-01]
[0.16088684 0.02412803 0.0112241  0.62172363 0.24415619]
[0.15233488 0.00571634 0.34588613 0.14697005 0.51413394]
[0.06533268 0.04775227 0.17549529 0.03418862 0.59860868]
[0.06088477 0.18109279 0.14844009 0.68825027 0.11383378]
[ 3.44911224e-03 -2.19646939e-04  2.91043501e-01  1.12607134e-01
  5.66860047e-01]
[ 6.94648658e-01  2.91427613e-01  2.66063562e-01  6.29037459e-02
 -2.45912816e-04]
[0.01401257 0.00502923 0.39784019 0.6641922  0.01967632]
[0.68158128 0.07383841 0.09881249 0.01288711 0.3842702 ]
[0.29369211 0.01126901 0.13400038 0.34133756 0.51897752]
[0.29597394 0.8883518  0.01972938 0.08220862 0.13029338]
[0.05056856 0.00570588 0.42527922 0.25422729 0.49490521]
[0.1760336  0.13515089 0.24260814 0.1951017  0.52967852]
[0.25580061 0.03156963 0.00804837 0.00152515 0.7124582 ]
[0.04515244 0.01738653 0.59310726 0.56916076 0.00149465]
[0.20542055 0.04647785 0.47133878 0.19855123 0.41799031]
[-1.16361904e-05 -1.36054241e-04  1.06414428e-03  7.94326019e-01
  1.26725757e-01]
[0.07640345 0.0747709  0.09964038 0.438997   0.46018263]
[0.37209613 0.37893665 0.01061791 0.07369353 0.4853687 ]
[0.36213231 0.05132863 0.32205993 0.55529606 0.12425732]
[0.08684489 0.24385739 0.11233406 0.52763105 0.39848527]
[0.21821915 0.39760972 0.39008969 0.41824388 0.2254799 ]
[0.00772608 0.30081262 0.59918524 0.11459629 0.33504346]
[0.71430736 0.0852736  0.47545079 0.016681   0.06687489]
[0.26798274 0.01051508 0.19446233 0.35524144 0.54000145]
[0.25820053 0.47060189 0.46157743 0.25403617 0.22602648]
[2.72065666e-04 1.82709540e-03 4.86582749e-01 6.31312876e-01
 3.41729500e-01]
[0.04662583 0.0561893  0.22387424 0.77739242 0.00144203]
[0.01867162 0.00147546 0.15784529 0.26708144 0.55991367]
[2.14831088e-03 3.18890067e-04 5.42885402e-01 7.04602878e-01
 3.45633569e-03]
[0.23091173 0.85839807 0.01660771 0.06506694 0.23983205]
[0.07264967 0.00866318 0.1932137  0.66218029 0.21891655]
[0.26626393 0.27103428 0.35222894 0.07317191 0.50272132]
[0.10777544 0.01721692 0.12458894 0.28925015 0.60093264]
[ 2.41073201e-03 -3.71980644e-04  3.33399764e-05  4.78196728e-01
  5.03486853e-01]
[0.52240237 0.0634752  0.06704081 0.3740629  0.2017992 ]
[0.50994027 0.20226409 0.19953756 0.5139516  0.00131081]
[0.24314653 0.07562189 0.63135889 0.27233745 0.00065843]
[0.70564788 0.2801784  0.30967744 0.01907237 0.03138297]
[0.43859853 0.09381111 0.93557842 0.02133124 0.00196159]
[0.08855651 0.23204043 0.21880073 0.65087567 0.16655267]
[0.13566645 0.00498102 1.09359744 0.04970443 0.17479166]
[0.31024433 0.53480597 0.20480777 0.44508836 0.04552957]
[0.00532693 0.00113891 0.07739541 0.01133167 0.66955135]
[0.5171219  0.07061799 0.45957456 0.35678518 0.11372432]
[0.33258435 0.04691255 0.24249694 0.46297935 0.45082298]
[0.06361972 0.16927736 0.16035072 0.03214608 0.64059471]
[0.04567451 0.05362598 0.00225983 0.03844485 0.64515373]
[0.58047662 0.04601175 0.59639758 0.09188717 0.0016739 ]
[0.42983222 0.05212263 0.05515528 0.48125871 0.23014926]
[0.33011813 0.26842168 0.18552564 0.25361519 0.48047782]
[0.07141648 0.02927147 0.83725667 0.07462504 0.05741978]
[0.17133632 0.00873221 0.22097882 0.1141288  0.53878292]
[0.01509083 0.00424833 0.2149557  0.73085221 0.00477401]
[0.00256181 0.10313978 0.71986646 0.28064701 0.05205704]
[0.0292066  0.06496082 0.06277785 0.01294449 0.74969621]
[0.06448449 0.08413489 0.03475714 0.4181848  0.52167934]
[0.35720267 0.27760449 0.05798046 0.0047685  0.53231535]
[0.43900603 0.44594988 0.12127572 0.34694775 0.11250363]
[0.19041715 0.00361341 0.66316241 0.01875735 0.34423626]
[0.31857388 0.25901843 0.18890041 0.24739944 0.46590078]
[0.39961346 0.30153197 0.1389876  0.08109401 0.40119782]
[0.73330511 0.22658141 0.18325046 0.29179011 0.01684206]
[0.34207396 0.25183949 0.59080371 0.10766836 0.15157279]
[0.66029499 0.08038599 0.13250304 0.39047151 0.18525828]
[0.0064574  0.017048   0.21568975 0.01315921 0.65144793]
[0.46158806 0.50559247 0.03275404 0.32760489 0.09404375]
[0.01361853 0.00481966 0.19797239 0.03232115 0.61412272]
[0.58886867 0.07162645 0.07557474 0.0294073  0.45325658]
[0.19630501 0.04166965 0.41891041 0.00836433 0.5638392 ]
[0.34882146 0.02288873 0.09560774 0.60972634 0.30668804]
[0.00265665 0.00209478 0.28319914 0.48471089 0.4346923 ]
[0.26730506 0.20547424 0.21350185 0.00410742 0.52926785]
[0.12976684 0.01934773 0.00904475 0.50117664 0.43171187]
[0.35204833 0.15394531 0.1551396  0.41558178 0.43953359]
[0.04243424 0.26232342 0.00490639 0.67975457 0.22913527]
