[0.00584089 0.00130259 0.0846365  0.01259216 0.71947626]
[ 2.97021715e-03  4.00977673e-03  4.13876481e-02  8.79256663e-01
 -3.86029836e-04]
[0.79508855 0.06549966 0.48776518 0.04708866 0.14012254]
[0.41882539 0.28533767 0.52575675 0.00948125 0.51345953]
[0.05488283 0.90116159 0.21501598 0.59618359 0.01035584]
[0.09727802 0.74123206 0.44488905 0.00466565 0.23699871]
[0.01803135 0.04416344 0.13741485 0.60904165 0.37258573]
[0.13566645 0.00498102 1.09359744 0.04970443 0.17479166]
[0.02309074 0.00872526 0.70414591 0.2834541  0.01368917]
[0.30945933 0.03731817 0.84456805 0.0144767  0.14589612]
[0.02218795 0.09575964 1.01113278 0.20411393 0.13879404]
[0.00068872 0.0016774  0.02408374 0.21784741 0.65278503]
[0.35930371 0.05554726 0.0992456  0.6544372  0.18482077]
[0.57045611 0.23793482 0.54015932 0.06902982 0.05320544]
[0.43420705 0.17373434 0.19075043 0.60457451 0.03305067]
[ 2.98289598e-01  1.17158223e-01  5.40858192e-03  8.31504740e-01
 -3.99831330e-04]
[0.34157017 0.34982099 0.4071878  0.31566744 0.11447338]
[0.00265665 0.00209478 0.28319914 0.48471089 0.4346923 ]
[0.85245455 0.02513881 0.00927992 0.33381215 0.27822456]
[0.16183136 0.02469703 0.01203884 0.65682065 0.28429619]
[ 1.61147019e-03 -4.97792690e-04  2.12737501e-05  5.38132302e-02
  6.93442971e-01]
[0.76921135 0.32102312 0.29442826 0.04265391 0.05533812]
[-1.45801983e-04 -5.37593302e-04  2.52287485e-03  5.15966285e-01
  5.38605565e-01]
[0.71598061 0.08721514 0.09189525 0.03621733 0.24848472]
[0.1760336  0.13515089 0.24260814 0.1951017  0.52967852]
[0.44420836 0.33523537 0.2600461  0.08601984 0.39200864]
[0.29211757 0.03519379 0.7909881  0.01367783 0.26167248]
[0.10810747 0.01101782 0.48339874 0.3193057  0.50377546]
[0.04243424 0.26232342 0.00490639 0.67975457 0.22913527]
[0.00552632 0.60015964 0.54029999 0.23464386 0.19688784]
[0.32216246 0.31446866 0.2825096  0.20003734 0.52078008]
[ 2.28202030e-04 -1.41232278e-04  3.63307711e-04 -1.62432202e-03
  7.28335301e-01]
[0.30400515 0.52404434 0.40266036 0.51683669 0.20373795]
[0.33383729 0.00912068 1.05596544 0.04966948 0.17467356]
[0.04920639 0.05780444 0.00243815 0.04157231 0.69488765]
[0.00915289 0.02392796 0.07445405 0.58606144 0.53227665]
[0.08650788 0.24876508 0.01767208 0.69530076 0.04878877]
[0.75297538 0.09175208 0.09664519 0.03819933 0.22102447]
[0.17579226 0.16691531 0.5065159  0.55033554 0.3422019 ]
[0.00555661 0.00178237 0.29321804 0.74596972 0.05370045]
[0.13165109 0.00485808 0.29896731 0.23345149 0.4891508 ]
[0.00538352 0.01184917 0.12645357 0.76724624 0.00912064]
[1.33402271e-04 2.98496094e-04 2.08681446e-03 8.12938728e-01
 5.43280917e-02]
[0.2364377  0.04494897 0.64319725 0.4368582  0.20286686]
[0.00772608 0.30081262 0.59918524 0.11459629 0.33504346]
[0.04880933 0.63343042 0.37268103 0.54761262 0.27249862]
[8.39640266e-05 3.76373992e-02 5.86668457e-01 2.28857764e-01
 4.74976705e-01]
[0.29218717 0.09268807 0.70545292 0.19109642 0.00258283]
[0.05360607 0.07852223 0.70955696 0.53255056 0.00922972]
[0.33258435 0.04691255 0.24249694 0.46297935 0.45082298]
[0.71637639 0.29893582 0.27649492 0.06703027 0.05169938]
[0.12822116 0.0191103  0.00893651 0.51974294 0.44647949]
[0.13286902 0.01007073 0.93545394 0.06816479 0.00417105]
[0.0222379  0.97293286 0.35678072 0.16561556 0.05203864]
[ 3.15321386e-01  1.48800245e-01  1.57193819e-01 -5.17774315e-05
  6.67251965e-01]
[0.04515244 0.01738653 0.59310726 0.56916076 0.00149465]
[0.04968185 0.02022863 0.28885545 0.74524375 0.05364794]
[0.27948261 0.03695792 0.13025681 0.18775632 0.63294012]
[2.42459587e-06 4.62336587e-02 7.05196062e-01 1.56691083e-01
 5.26574428e-01]
[0.01361853 0.00481966 0.19797239 0.03232115 0.61412272]
[0.4405505  0.42454687 0.05763428 0.63861754 0.06661066]
[0.29702477 0.24298334 0.06064078 0.37566714 0.39700799]
[0.2185205  0.08734914 0.00706036 0.8928966  0.00304821]
[0.2098804  0.00880035 0.66915376 0.02915893 0.34974668]
[0.27018576 0.0141177  0.34837353 0.17587761 0.46204653]
[0.05533609 0.06702337 0.12369307 0.60725548 0.47380758]
[0.35204833 0.15394531 0.1551396  0.41558178 0.43953359]
[0.10777544 0.01721692 0.12458894 0.28925015 0.60093264]
[0.43859853 0.09381111 0.93557842 0.02133124 0.00196159]
[0.05325153 0.00729091 0.44359602 0.84789531 0.00417179]
[0.09288894 0.25111016 0.11630005 0.54489144 0.41167497]
[0.02374159 0.05821025 0.18679239 0.82641323 0.00152614]
[0.14343269 0.10541722 0.12476635 0.03644086 0.63573469]
[0.16234978 0.02477803 0.04483943 0.28499786 0.59203571]
[0.04483101 0.25329911 0.41497661 0.51922559 0.38131445]
[0.18311203 0.13458369 0.6876072  0.11013559 0.15622269]
[0.20791026 0.08637496 0.0942842  0.6994327  0.04917348]
[0.03986059 0.10435413 0.31313089 0.70629548 0.16541061]
[0.95745968 0.1197842  0.0345541  0.01843502 0.04164518]
[0.06874794 1.17404069 0.00999112 0.53140035 0.0709183 ]
[0.04315616 0.46290854 0.11294822 0.74504075 0.00918361]
[0.33664981 0.27374201 0.18915453 0.25553118 0.49502949]
[1.83272408e-03 1.92222969e-04 4.68989376e-01 6.08411321e-01
 3.32622507e-02]
[0.0061696  0.90063339 0.02279368 0.01254228 0.28140175]
[0.75543928 0.09438562 0.02258166 0.01408848 0.42635336]
[0.01224723 0.70948339 0.24473345 0.11951479 0.44899365]
[0.01736101 0.42038089 0.55829657 0.12631916 0.44763513]
[0.01867162 0.00147546 0.15784529 0.26708144 0.55991367]
[-9.03262389e-05  2.50037631e-03  2.73960935e-03  7.65387434e-01
  4.04796953e-01]
[0.2682604  0.48885721 0.47948644 0.26397493 0.234811  ]
[0.07640345 0.0747709  0.09964038 0.438997   0.46018263]
[0.27635868 0.01086264 0.20053821 0.36640482 0.55268155]
[0.64258049 0.61040174 0.03469058 0.01087051 0.29423645]
[0.63332033 0.06038502 0.29215844 0.42532939 0.37158331]
[0.16238611 0.52005902 0.13986103 0.55340611 0.31612035]
[0.0723664  0.39523583 0.41174416 0.59070602 0.14621833]
[0.06533268 0.04775227 0.17549529 0.03418862 0.59860868]
[4.41099777e-02 1.71984917e-02 2.10562578e-03 9.34934608e-01
 7.77610229e-04]
[0.11072015 0.06505728 0.64671966 0.41995615 0.16635852]
[0.23091173 0.85839807 0.01660771 0.06506694 0.23983205]
