[0.10615276 0.07111676 0.2794521  0.53654015 0.48045558]
[0.05246043 0.02028863 0.68875056 0.6590651  0.00828365]
[0.23727139 0.07530531 0.59897991 0.2605446  0.52424238]
[0.09288894 0.25111016 0.11630005 0.54489144 0.41167497]
[0.02701754 0.20636146 0.1240838  0.71736888 0.23063652]
[0.35965548 0.32682024 0.40286995 0.31522095 0.48944492]
[0.0830591  0.08132301 0.09903969 0.46917711 0.48307522]
[0.01359838 0.78674771 0.27136848 0.132753   0.48972264]
[0.75297538 0.09175208 0.09664519 0.03819933 0.22102447]
[ 1.61147019e-03 -4.97792690e-04  2.12737501e-05  5.38132302e-02
  6.93442971e-01]
[0.27635868 0.01086264 0.20053821 0.36640482 0.55268155]
[0.09197557 0.0128792  0.77489384 0.50910037 0.1986645 ]
[0.05488283 0.90116159 0.21501598 0.59618359 0.01035584]
[0.27723219 0.11538076 0.12207153 0.83047343 0.04051911]
[0.17848421 0.13703905 0.24598304 0.18847284 0.53741085]
[0.13672584 0.09873275 0.35973101 0.38995796 0.45487308]
[0.06533268 0.04775227 0.17549529 0.03418862 0.59860868]
[0.03409851 0.02238352 0.44540921 0.44505689 0.49012719]
[0.4139729  0.40252937 0.48231139 0.37129217 0.3765137 ]
[ 3.15321386e-01  1.48800245e-01  1.57193819e-01 -5.17774315e-05
  6.67251965e-01]
[0.27948261 0.03695792 0.13025681 0.18775632 0.63294012]
[0.69318844 0.28924225 0.27190802 0.2322356  0.05224643]
[0.44333354 0.43111    0.51650867 0.400983   0.14531226]
[0.08015091 0.01017976 0.67456522 0.43973575 0.44633778]
[0.33383729 0.00912068 1.05596544 0.04966948 0.17467356]
[ 2.28202030e-04 -1.41232278e-04  3.63307711e-04 -1.62432202e-03
  7.28335301e-01]
[0.07017492 0.08510461 0.16237224 0.60680679 0.41338135]
[0.09661347 0.42450921 0.76941576 0.27527967 0.19394159]
[0.53412133 0.5630137  0.32849026 0.02816598 0.56962499]
[0.16238611 0.52005902 0.13986103 0.55340611 0.31612035]
[1.04037844e-04 2.10517212e-04 1.86323785e-03 8.73432763e-01
 5.83903869e-02]
[0.43617269 0.17452329 0.19161386 0.60732006 0.03320207]
[0.23741454 0.07520852 0.00421152 0.94935227 0.00326619]
[0.10777544 0.01721692 0.12458894 0.28925015 0.60093264]
[0.01867162 0.00147546 0.15784529 0.26708144 0.55991367]
[0.08553591 0.25616413 0.01810306 0.6982453  0.04908957]
[0.14274249 0.00531831 0.31917241 0.26650285 0.49537056]
[0.36126473 0.29563743 0.06550888 0.37959626 0.43671977]
[1.83272408e-03 1.92222969e-04 4.68989376e-01 6.08411321e-01
 3.32622507e-02]
[0.38627471 0.01105946 0.78536671 0.36623747 0.15898142]
[0.00772608 0.30081262 0.59918524 0.11459629 0.33504346]
[0.0386444  0.23097586 0.50254374 0.60417471 0.17005001]
[0.02077431 0.37548739 0.8945572  0.52250089 0.0724677 ]
[0.23531743 0.87438151 0.0169184  0.06632024 0.24431145]
[0.41274238 0.40133154 0.48087816 0.37434294 0.18310789]
[0.11115874 0.85586089 0.01601214 0.27713647 0.247019  ]
[0.2369092  0.35355868 0.01447648 0.80476379 0.21057467]
[0.01803135 0.04416344 0.13741485 0.60904165 0.37258573]
[0.14805945 0.37207753 0.22386576 0.46349761 0.46286823]
[0.04483101 0.25329911 0.41497661 0.51922559 0.38131445]
[0.16450722 0.6162312  0.86168971 0.13337125 0.16869916]
[0.01361853 0.00481966 0.19797239 0.03232115 0.61412272]
[0.00154444 0.27682548 0.60665386 0.73303538 0.01150886]
[0.18171392 0.55950333 0.53646898 0.21739812 0.19433188]
[0.00438459 0.00372625 0.24878023 0.59673869 0.39510354]
[0.04305982 0.10254915 0.02853088 0.51305067 0.56457648]
[0.01529718 0.67138845 0.48994041 0.1394388  0.51226943]
[0.29211757 0.03519379 0.7909881  0.01367783 0.26167248]
[0.04511114 0.10128252 0.09015825 0.78338168 0.42138577]
[0.04243424 0.26232342 0.00490639 0.67975457 0.22913527]
[0.03764697 0.04412884 0.03748988 0.03862122 0.65822849]
[0.0876001  0.33100702 0.40068015 0.20157185 0.52879109]
[0.34482986 0.32784931 0.5900511  0.32384895 0.35021426]
[0.17603099 0.16719633 0.08380466 0.54790412 0.46577764]
[ 2.93027395e-02  4.39134420e-02  3.95410025e-01  8.81853859e-01
 -3.83809572e-04]
[0.79508855 0.06549966 0.48776518 0.04708866 0.14012254]
[0.2083477  0.3205404  0.07949384 0.00275944 0.61422861]
[0.25370161 0.19446788 0.14127826 0.18836357 0.53710255]
[0.02262884 0.02716931 0.05258855 0.64630349 0.47002915]
[0.01168011 0.03096386 0.09555762 0.7830585  0.16467098]
[0.00915289 0.02392796 0.07445405 0.58606144 0.53227665]
[0.90761427 0.13189264 0.36942894 0.03033243 0.15654953]
[-1.45801983e-04 -5.37593302e-04  2.52287485e-03  5.15966285e-01
  5.38605565e-01]
[0.64258049 0.61040174 0.03469058 0.01087051 0.29423645]
[0.14343269 0.10541722 0.12476635 0.03644086 0.63573469]
[0.45446703 0.437972   0.05945591 0.6588509  0.06872688]
[1.95927561e-04 1.48164216e-02 1.36259816e-02 8.46439036e-01
 4.42741290e-01]
[0.20791026 0.08637496 0.0942842  0.6994327  0.04917348]
[0.16234978 0.02477803 0.04483943 0.28499786 0.59203571]
[0.09648308 0.64133103 0.38408116 0.58363782 0.28407023]
[1.01208222 0.1266515  0.03652817 0.0196092  0.04404385]
[0.04952892 0.81346448 0.19410043 0.78627874 0.00452786]
[0.41842408 0.39956094 0.58910154 0.01088204 0.29449722]
[0.3134258  0.01240072 0.22742654 0.28419075 0.52801216]
[0.11425201 0.34227405 0.02085686 0.83389056 0.04068707]
[0.0730444  0.04288554 0.4398594  0.84800873 0.0041724 ]
[ 8.99942524e-06 -7.10525446e-05  3.65979037e-04  7.66956333e-01
  7.99708459e-01]
[0.05457477 0.00158156 0.03748457 0.03862713 0.64761052]
[0.00265665 0.00209478 0.28319914 0.48471089 0.4346923 ]
[0.23923143 0.03395495 0.32700026 0.46594606 0.45375543]
[0.15114153 0.02244684 0.070594   0.28446436 0.59105659]
[0.1051583  0.31144407 0.79798802 0.46553896 0.06261358]
[0.33673629 0.0718904  0.15757744 0.00596804 0.66903938]
[0.53487373 0.56380741 0.31587223 0.028581   0.5690218 ]
[0.25571725 0.49596461 0.5172581  0.27459512 0.1900013 ]
[0.28968481 0.02322992 0.93994331 0.05238149 0.15522846]
[0.00367711 0.06241078 0.69096568 0.78439594 0.0091053 ]
[ 7.75906985e-04 -5.73720536e-04  6.31597423e-04 -1.28647203e-03
  7.11651353e-01]
[0.01500665 0.01058335 0.19737411 0.03240342 0.61311462]
[0.33006832 0.32219664 0.26724075 0.19869072 0.52130695]
