[0.18457665 0.50997376 0.14154209 0.43253179 0.24114062]
[0.58282528 0.0149557  0.00848909 0.05334105 0.57261845]
[0.57244946 0.49053712 0.18870727 0.11256532 0.19916422]
[0.20654579 0.30468774 0.55678714 0.36857545 0.15409994]
[0.14928069 0.43316428 0.40227829 0.23997199 0.29178702]
[0.0118856  0.23108481 0.03681881 0.82710269 0.02898204]
[0.00572599 0.0053793  0.55538207 0.2749047  0.23559996]
[ 0.29044788  0.57132563  0.39611914 -0.00151792  0.17939824]
[0.65283998 0.00872306 0.10342165 0.04573955 0.47331382]
[0.0919864  0.67328739 0.19262366 0.43467202 0.0986977 ]
[0.01239798 0.00642015 0.05607078 0.73604167 0.17754052]
[0.55765644 0.79080314 0.16500768 0.00557753 0.03283277]
[0.03640583 0.00146211 0.55082511 0.5089718  0.28389534]
[0.01864183 0.00989838 0.65823065 0.40118977 0.08733561]
[0.29307606 0.41689708 0.73876292 0.00571276 0.02509775]
[0.01444152 0.03818239 0.75268796 0.00218875 0.42578776]
[0.00105032 0.00780743 0.74571119 0.05364262 0.28490666]
[0.27190508 0.14225332 0.64190354 0.17455146 0.15240018]
[0.13362246 0.00717638 0.59851892 0.2607704  0.08912303]
[0.27686703 0.6964847  0.21061655 0.13666535 0.13826811]
[0.05021546 0.11880623 0.25054099 0.46050512 0.40838173]
[0.47767019 0.00621899 0.07566412 0.03289306 0.61023135]
[0.05171557 0.14426288 0.15431817 0.03287048 0.56841835]
[0.02141056 0.01144523 0.75511494 0.01714912 0.05163196]
[0.46096069 0.02525722 0.00566743 0.66257508 0.15457823]
[ 0.38679902  0.11352248  0.41206482 -0.00134994  0.43206598]
[9.81305818e-02 6.55164884e-04 1.16357762e-03 8.40875246e-01
 6.18673601e-02]
[ 0.03682392  0.06045401  0.25434278 -0.00127245  0.56779272]
[0.24907567 0.12502258 0.03343835 0.44534701 0.49786202]
[0.02459514 0.04180107 0.05523029 0.25157646 0.57867251]
[0.13849001 0.20185493 0.04163788 0.07655672 0.64915741]
[0.00497521 0.00511863 0.71306837 0.11799299 0.01368305]
[0.52446443 0.63799873 0.03561174 0.17797927 0.15536447]
[0.12872961 0.21038414 0.14070695 0.48201469 0.39699383]
[0.45378481 0.25809169 0.16070151 0.20933881 0.45866426]
[0.16016489 0.46352727 0.45789676 0.26581255 0.15855957]
[0.09204394 0.13557976 0.24834767 0.68896796 0.15350904]
[0.33998497 0.02299042 0.37715179 0.47773724 0.39503022]
[0.00633697 0.00888454 0.42571156 0.37380256 0.43497732]
[0.00769397 0.06247976 0.0030889  0.49211677 0.51326858]
[2.02902752e-03 6.72370883e-04 9.18270354e-02 8.52239354e-01
 5.22322050e-02]
[0.57614441 0.64119993 0.35806168 0.14027483 0.01596626]
[0.11545711 0.06200523 0.51306707 0.45612306 0.16914757]
[0.20350188 0.30621117 0.15974567 0.59877843 0.00379148]
[0.47700755 0.47000833 0.38541595 0.16705401 0.17438632]
[0.00138686 0.0009836  0.47295257 0.20469546 0.3959839 ]
[0.08718447 0.2334911  0.25944876 0.50840924 0.27176235]
[0.31575779 0.7536703  0.03176737 0.33876322 0.11039078]
[ 0.15408302  1.02724393  0.04529841 -0.00104384  0.12327441]
[-4.06019051e-05  1.84638119e-03  7.96975802e-02  8.61165822e-01
  2.51409475e-02]
[0.02058116 0.03003627 0.41007443 0.58930094 0.1256232 ]
[0.01021061 0.08266938 0.0040949  0.65028482 0.32719778]
[ 0.00105471 -0.00059877  0.20775156  0.53320682  0.43036407]
[0.27289284 0.10905161 0.41293093 0.39608666 0.48078208]
[0.11730667 0.27946501 0.00599333 0.58483703 0.22295838]
[0.54939471 0.03054886 0.17567339 0.50314778 0.27826573]
[ 1.97758759e-01  4.04420166e-01  5.55552327e-01 -3.54499611e-04
  3.82077482e-01]
[0.71592397 0.0704221  0.30065513 0.32374624 0.17884327]
[4.98803733e-04 3.84752169e-03 1.41928862e-04 9.12011842e-01
 1.32595669e-01]
[6.94379831e-03 1.15718419e-02 2.86476079e-01 2.08750555e-04
 6.94456303e-01]
[4.93941586e-04 1.31649707e-03 3.87972898e-02 5.20199592e-01
 3.97897060e-01]
[0.00331134 0.49922324 0.53751341 0.05765297 0.17048109]
[0.13984945 0.27804903 0.65780153 0.31350494 0.02978106]
[0.08486508 0.08263375 0.03394393 0.37719045 0.54371451]
[0.00623261 0.12363584 0.05182181 0.70948964 0.00798372]
[0.11546649 0.00611951 0.51729123 0.22509149 0.2969362 ]
[0.00407058 0.00747439 0.60796399 0.01440892 0.4550913 ]
[0.01631188 0.04494034 0.57677606 0.11485312 0.32420725]
[ 0.04638596  0.32314531  0.39750884 -0.00086903  0.56764433]
[0.14617241 0.17095741 0.07773201 0.33185781 0.53614472]
[0.00541417 0.00358546 0.6618329  0.13031327 0.15345726]
[0.2434377  0.21136057 0.65338418 0.05907956 0.02536554]
[0.67844016 0.0374576  0.00836618 0.43859234 0.16194628]
[0.02677327 0.49669373 0.58508942 0.16522168 0.04220221]
[0.00164925 0.00256422 0.4774816  0.00844497 0.46974442]
[0.09009401 0.15392038 0.21640734 0.02140536 0.57563255]
[0.74336624 0.01924256 0.01084185 0.0686219  0.35294192]
[0.13793204 0.15201331 0.76054003 0.00371201 0.05367822]
[0.52831067 0.02375444 0.31316953 0.2298352  0.45018567]
[0.60567573 0.34427727 0.09256328 0.54982353 0.01267237]
[0.11411993 0.33111155 0.32018267 0.18703742 0.47192191]
[0.02721621 0.26457526 0.95077198 0.04229775 0.00659396]
[0.02940641 0.08197183 0.08794317 0.17628144 0.55253012]
[0.39107941 0.05746149 0.38935574 0.21875773 0.33373632]
[0.37018033 0.52591087 0.10547107 0.41220889 0.02308727]
[0.07243577 0.14164018 0.64984556 0.0330741  0.09920578]
[0.46054333 0.2626821  0.07470582 0.3068693  0.33273986]
[0.12517189 0.36318943 0.35114987 0.20533203 0.39450345]
[0.44089991 0.62645193 0.15012265 0.29715304 0.02072257]
[9.32286863e-05 1.50793673e-04 7.98491725e-04 2.56343100e-04
 6.74679412e-01]
[0.1006968  0.60723285 0.00871491 0.23888759 0.42596312]
[ 0.17953118  0.26308836  0.63061698 -0.00091398  0.2893494 ]
[0.24025819 0.35972297 0.41153092 0.48823222 0.17340206]
[0.20247826 0.23696917 0.10766073 0.46036852 0.42083105]
[0.43589408 0.6183329  0.13985083 0.24189857 0.33541481]
[0.54738137 0.66976286 0.03791603 0.33898591 0.0170025 ]
[0.01950071 0.02649606 0.6479195  0.28692385 0.14767605]
[0.15074743 0.30796692 0.18809028 0.58522469 0.16174482]
[0.00201659 0.00285996 0.20859394 0.68256423 0.16386145]
[0.16458026 0.4775707  0.44854082 0.2686327  0.07586771]
