[0.23688499 0.00158635 0.0028833  0.1268706  0.80947586]
[0.19061692 0.16539927 0.06095286 0.02971926 0.61872606]
[0.02865537 0.01024941 0.03469451 0.29723924 0.57763504]
[ 0.1332853   0.2196808   0.39034356 -0.00064884  0.55806816]
[0.13523191 0.24515155 0.94823318 0.07702385 0.03139588]
[0.34958356 0.04264781 0.14767084 0.59470619 0.39043821]
[0.00109843 0.00777146 0.00452663 0.27826902 0.74793005]
[-2.88934979e-05 -4.58415391e-04 -4.50539536e-06  7.22677695e-02
  1.00998351e+00]
[0.56298837 0.07277246 0.66164138 0.16084648 0.09840195]
[0.00680784 0.13321066 0.05584597 0.77948408 0.01091117]
[0.19219445 0.27252351 0.04368124 0.50609837 0.43891085]
[0.17626041 0.44767683 0.52748134 0.52108994 0.20285807]
[0.43445656 0.63206389 0.23425898 0.11757576 0.16152326]
[0.75695762 0.42551681 0.16575898 0.48332442 0.03250919]
[0.00498269 0.1288415  0.19813832 0.72241977 0.30266462]
[0.27307954 0.27937528 0.05032038 0.29329301 0.54580822]
[0.31580007 0.73213878 0.51892255 0.54345345 0.15896463]
[0.09083584 0.05020062 0.40936703 0.61828461 0.42247524]
[0.02074011 0.06025511 0.49195483 0.32014038 0.54862106]
[0.0660924  0.01770455 0.11970274 0.02344673 0.64771686]
[0.00223781 0.00335311 0.15040737 0.50099184 0.59141246]
[0.00330262 0.19486378 0.39992855 0.62827225 0.3974815 ]
[0.00407384 0.05115401 0.7183994  0.64336302 0.02352083]
[0.00093633 0.00079973 0.00840979 0.01241367 0.79291689]
[0.0994058  0.69893797 0.28754461 0.36848866 0.2131066 ]
[0.00299551 0.02311903 0.00612347 0.33031337 0.61334048]
[0.06796614 0.0765262  0.03155456 0.75860646 0.40147561]
[0.54253555 0.62166603 0.31056158 0.0785539  0.3609303 ]
[ 6.01363251e-04 -3.19054922e-04  3.84347735e-02  8.22457296e-01
  1.76666241e-01]
[0.01681623 0.04062153 1.08829129 0.28868042 0.3518951 ]
[0.33385092 0.07694388 0.51055107 0.42128461 0.43471024]
[0.40060598 0.47186291 0.26275237 0.55343806 0.38326273]
[0.06872279 0.09275126 0.00354002 0.95397315 0.12051675]
[0.00580137 0.0585942  0.01444299 0.00537075 0.69060177]
[0.15319833 0.10249274 0.10573155 0.71502472 0.30148994]
[0.12569965 0.13878227 0.82356326 0.41856781 0.13264586]
[0.22735802 0.38929915 0.09215838 0.26979382 0.61521855]
[0.00385443 0.00393787 0.56195498 0.02939978 0.56413896]
[0.34528174 0.00940561 0.58264407 0.40966551 0.36323649]
[0.06854084 0.03645153 0.00603475 0.61905843 0.52773784]
[0.31720588 0.60451899 0.37453516 0.03718824 0.3882376 ]
[0.14137834 0.33607611 0.00721891 0.70378193 0.26872061]
[0.34271399 0.03953885 0.52180615 0.15310852 0.5086986 ]
[0.0172998  0.04179534 1.11927355 0.06095714 0.35061899]
[0.00510287 0.01276835 0.01569422 0.00074796 0.68121972]
[0.5296896  0.75268302 0.15645522 0.3455677  0.15256167]
[0.22808905 0.34058512 0.0940328  0.25867537 0.57331037]
[0.02798737 0.04046797 0.0139942  0.29768256 0.57849096]
[0.00414785 0.02757441 0.01535435 0.9410063  0.21073598]
[0.00094551 0.00932707 0.22654135 0.20662639 0.72597383]
[0.2213414  0.14868536 0.31883758 0.24011104 0.59448358]
[0.26408642 0.42071517 0.21502458 0.11328445 0.58207424]
[0.00134874 0.00188936 0.14847568 0.50179978 0.5916311 ]
[0.33575304 0.65169317 0.49753805 0.42958853 0.19500466]
[0.21887904 0.10554454 0.07413446 0.04673439 0.64395839]
[0.07740365 0.10949712 0.26646994 0.50921518 0.44160495]
[0.06799115 0.55315389 0.30311297 0.13440078 0.51557261]
[0.12540941 0.07450421 0.15790947 0.06105124 0.63166032]
[1.12473067e-01 4.32722535e-04 1.34130453e-03 9.63845492e-01
 7.09512896e-02]
[0.03159796 0.23051107 0.53440746 0.13919566 0.53316206]
[0.30748475 0.58598403 0.36306159 0.17615686 0.38854534]
[0.08502425 0.84793219 0.2077168  0.57462185 0.18495009]
[0.23098838 0.15518735 0.51457335 0.34130214 0.49691231]
[0.0069927  0.00666634 0.67470449 0.33442343 0.28630061]
[0.06898944 0.03138293 0.00651484 0.60802058 0.51855707]
[0.36258944 0.05021311 0.14658308 0.61328639 0.43295138]
[0.11323084 0.41289717 0.19795776 0.73868875 0.2229335 ]
[0.0294233  0.54560595 0.64591181 0.16699921 0.02453824]
[0.1595161  0.0892629  0.71948494 0.44991328 0.02812329]
[0.13631409 0.24711578 0.95581226 0.00145685 0.03539714]
[0.378973   0.15210296 0.60261161 0.54019928 0.18053924]
[0.04068517 0.06665271 0.10718581 0.41993509 0.49606961]
[-3.61640249e-05 -5.60516235e-04  6.64509562e-03  2.49514878e-01
  6.47480709e-01]
[0.00296045 0.02284037 0.00457988 0.32006793 0.66474663]
[0.1387892  0.04251218 0.66132783 0.16061597 0.40410961]
[0.21054322 0.53478513 0.62998848 0.05801974 0.19200226]
[0.15977629 0.38230547 0.00137408 0.0438994  0.63550313]
[0.52127227 0.04199595 0.3570855  0.23724083 0.44682701]
[0.00076623 0.00584812 0.57215721 0.02997251 0.57438725]
[1.21282164e-03 5.90467621e-04 1.64127257e-02 6.58518196e-03
 7.71188142e-01]
[0.11290715 0.15918882 0.60545763 0.53900266 0.1748886 ]
[0.33375034 0.40773392 0.4803035  0.28692725 0.34905706]
[0.11532834 0.15591039 0.00597189 0.09696289 0.82017989]
[0.65096092 0.22532691 0.42598955 0.18101894 0.45529874]
[0.07672456 0.15065662 0.06990156 0.79151496 0.42725706]
[0.42061702 0.0691579  0.17544524 0.62688125 0.40090838]
[0.01658741 0.2032677  0.02550383 0.4476515  0.58311257]
[0.04329174 0.11088205 0.13662765 0.14000895 0.6733432 ]
[0.03470545 0.11308821 0.232567   0.14902871 0.69924376]
[0.4620154  0.68482627 0.65448553 0.32326743 0.10891338]
[0.16782125 0.77494945 0.10097381 0.28889125 0.58123594]
[0.01443863 0.00337214 0.20078187 0.08392693 0.78726829]
[0.00198067 0.12458993 0.2634921  0.35428175 0.63352185]
[0.09022531 0.10688379 0.05558738 0.84630141 0.29440053]
[0.00327455 0.03594828 0.13310898 0.15787476 0.78979144]
[0.41072696 0.41688262 0.5057941  0.61903074 0.35912066]
[0.07068745 0.18048141 0.66632541 0.87829525 0.22031644]
[0.25359317 0.55421489 0.63271737 0.16908391 0.45365865]
[0.02923582 0.02657224 0.35847906 0.18804423 0.68912888]
[0.51136429 0.09312318 0.33256206 0.52342344 0.50358335]
