[0.33091017 0.33863174 0.06013503 0.25050408 0.58830618]
[0.34358257 0.65481054 0.3985805  0.20080865 0.1939656 ]
[0.1595161  0.0892629  0.71948494 0.44991328 0.02812329]
[0.33877461 0.1359115  0.56673723 0.50110203 0.16749502]
[0.11290715 0.15918882 0.60545763 0.53900266 0.1748886 ]
[0.27367163 0.38645419 0.41465216 0.49711499 0.35898883]
[0.01262154 0.01804236 0.06978624 1.02680044 0.02998653]
[0.00367407 0.04627814 0.65072742 0.58256141 0.02126697]
[9.32099983e-03 7.63771244e-03 4.47419151e-04 3.68959538e-03
 7.43113538e-01]
[0.01550252 0.02325735 0.67124717 0.61636182 0.20742146]
[0.0930204  0.1370219  0.09017137 0.68920262 0.28843718]
[0.55571937 0.65598614 0.10883882 0.3737875  0.11848393]
[0.1341471  0.2001629  0.52226746 0.40245122 0.35205729]
[0.09083584 0.05020062 0.40936703 0.61828461 0.42247524]
[0.00299551 0.02311903 0.00612347 0.33031337 0.61334048]
[0.10133619 0.6619415  0.36215826 0.59732941 0.20086588]
[0.15977629 0.38230547 0.00137408 0.0438994  0.63550313]
[0.13631409 0.24711578 0.95581226 0.00145685 0.03539714]
[0.13296359 0.48648374 0.27635827 0.12817746 0.46133744]
[0.43445656 0.63206389 0.23425898 0.11757576 0.16152326]
[0.52513851 0.03410358 0.61410246 0.13338628 0.09099057]
[0.04068517 0.06665271 0.10718581 0.41993509 0.49606961]
[0.3367034  0.66724265 0.1480468  0.44488687 0.42006712]
[0.17626041 0.44767683 0.52748134 0.52108994 0.20285807]
[0.00280817 0.02074579 0.00417022 0.29158691 0.67303026]
[0.0069927  0.00666634 0.67470449 0.33442343 0.28630061]
[0.24797825 0.16663838 0.35718447 0.03960306 0.59891097]
[0.00094551 0.00932707 0.22654135 0.20662639 0.72597383]
[0.12540941 0.07450421 0.15790947 0.06105124 0.63166032]
[0.00680784 0.13321066 0.05584597 0.77948408 0.01091117]
[0.00414785 0.02757441 0.01535435 0.9410063  0.21073598]
[0.18058711 0.45867044 0.54041838 0.41965226 0.19238532]
[0.00133363 0.00186448 0.14699863 0.49678828 0.58574362]
[0.13338961 0.16268588 0.70144215 0.31472699 0.17543664]
[0.19061692 0.16539927 0.06095286 0.02971926 0.61872606]
[0.06669079 0.00974098 0.09377389 0.75293088 0.05036476]
[0.54253555 0.62166603 0.31056158 0.0785539  0.3609303 ]
[0.00385443 0.00393787 0.56195498 0.02939978 0.56413896]
[0.40151421 0.5942577  0.57735    0.28469184 0.10484585]
[0.05153037 0.02848643 0.21027065 0.13011857 0.66820621]
[ 4.78639828e-04 -3.65601810e-04  3.90071869e-02  7.27023151e-01
  4.00924783e-01]
[1.12473067e-01 4.32722535e-04 1.34130453e-03 9.63845492e-01
 7.09512896e-02]
[0.12569965 0.13878227 0.82356326 0.41856781 0.13264586]
[0.34958356 0.04264781 0.14767084 0.59470619 0.39043821]
[0.46325516 0.08430754 0.3012799  0.47399393 0.45618368]
[0.22266599 0.29955293 0.00081314 0.18756863 0.6737142 ]
[0.4987388  0.5568777  0.42679316 0.09748428 0.36186283]
[0.00584954 0.0390317  0.96261756 0.05212489 0.30149092]
[ 0.1332853   0.2196808   0.39034356 -0.00064884  0.55806816]
[0.33375034 0.40773392 0.4803035  0.28692725 0.34905706]
[0.02798737 0.04046797 0.0139942  0.29768256 0.57849096]
[0.06854084 0.03645153 0.00603475 0.61905843 0.52773784]
[0.02057166 0.0058252  0.72567178 0.17301456 0.43492334]
[ 0.04104606  0.0674234   0.28337699 -0.00117224  0.62919223]
[0.07089482 0.07971963 0.49414033 0.02607619 0.50466826]
[0.28630026 0.54559227 0.33299006 0.16263212 0.36008102]
[0.00498269 0.1288415  0.19813832 0.72241977 0.30266462]
[0.14137834 0.33607611 0.00721891 0.70378193 0.26872061]
[0.31720588 0.60451899 0.37453516 0.03718824 0.3882376 ]
[0.63551659 0.55252279 0.22186443 0.10638946 0.0277554 ]
[0.19219445 0.27252351 0.04368124 0.50609837 0.43891085]
[0.06796614 0.0765262  0.03155456 0.75860646 0.40147561]
[0.19588356 0.50841728 0.53748031 0.14601044 0.40888541]
[0.75695762 0.42551681 0.16575898 0.48332442 0.03250919]
[0.31580007 0.73213878 0.51892255 0.54345345 0.15896463]
[0.11323084 0.41289717 0.19795776 0.73868875 0.2229335 ]
[0.0994058  0.69893797 0.28754461 0.36848866 0.2131066 ]
[ 1.40464974e-02 -4.79949831e-04  1.06782582e-01  9.98455094e-01
  5.77587988e-02]
[0.66901009 0.03692858 0.00824916 0.48005538 0.1645689 ]
[0.02684526 0.4980225  0.58809165 0.15799334 0.02236326]
[0.1387892  0.04251218 0.66132783 0.16061597 0.40410961]
[0.0698503  0.0198431  0.73613479 0.31391697 0.34191628]
[0.21054322 0.53478513 0.62998848 0.05801974 0.19200226]
[0.06727648 0.01803186 0.10804889 0.05201138 0.64225141]
[ 6.01363251e-04 -3.19054922e-04  3.84347735e-02  8.22457296e-01
  1.76666241e-01]
[0.02044638 0.05768407 0.47300806 0.3077293  0.41345391]
[0.0660924  0.01770455 0.11970274 0.02344673 0.64771686]
[0.00580137 0.0585942  0.01444299 0.00537075 0.69060177]
[0.12808197 0.23217399 0.89815873 0.08356688 0.03308711]
[0.07784733 0.11012688 0.26799432 0.49272785 0.43162046]
[0.25430183 0.29772601 0.16658232 0.59899863 0.33248036]
[0.52127227 0.04199595 0.3570855  0.23724083 0.44682701]
[0.06872279 0.09275126 0.00354002 0.95397315 0.12051675]
[-2.88272356e-05 -5.95119003e-04  6.67482910e-03  2.50631738e-01
  6.50355959e-01]
[0.00076623 0.00584812 0.57215721 0.02997251 0.57438725]
[0.08785272 0.22087675 0.0668818  0.04195546 0.556301  ]
[0.36258944 0.05021311 0.14658308 0.61328639 0.43295138]
[0.27307954 0.27937528 0.05032038 0.29329301 0.54580822]
[0.5296896  0.75268302 0.15645522 0.3455677  0.15256167]
[0.06799115 0.55315389 0.30311297 0.13440078 0.51557261]
[0.85525471 0.35722799 0.25817762 0.09883269 0.18056207]
[0.07740365 0.10949712 0.26646994 0.50921518 0.44160495]
[0.06898944 0.03138293 0.00651484 0.60802058 0.51855707]
[0.33575304 0.65169317 0.49753805 0.42958853 0.19500466]
[0.09137277 0.05050041 0.4117826  0.62194514 0.42228781]
[0.00093633 0.00079973 0.00840979 0.01241367 0.79291689]
[0.01560288 0.02741745 0.13582754 0.46105273 0.54443416]
[0.13486225 0.2444806  0.94564428 0.0768077  0.03130905]
[0.09223119 0.05881692 0.22964794 0.55209185 0.45593298]
[0.00330262 0.19486378 0.39992855 0.62827225 0.3974815 ]
