[ 0.03682392  0.06045401  0.25434278 -0.00127245  0.56779272]
[2.57612475e-04 9.47613549e-05 2.40551024e-02 2.59253276e-01
 6.47354019e-01]
[0.00149876 0.01207372 0.01870661 0.87473975 0.1812689 ]
[0.09740743 0.13789055 0.33519783 0.61680049 0.34035512]
[0.00623866 0.12375313 0.05187079 0.71016148 0.00799164]
[0.36602758 0.02479743 0.40603107 0.48977104 0.40756284]
[0.03777477 0.00153973 0.57144298 0.53018161 0.17751664]
[0.06854084 0.03645153 0.00603475 0.61905843 0.52773784]
[ 4.78639828e-04 -3.65601810e-04  3.90071869e-02  7.27023151e-01
  4.00924783e-01]
[0.04785108 0.12688354 0.14946424 0.62798064 0.36164875]
[0.04292645 0.02369513 0.19421921 0.66742272 0.3896957 ]
[0.09882433 0.3644579  0.1745917  0.65126757 0.20098429]
[0.00402548 0.02701965 0.67092591 0.03418253 0.20982177]
[0.0976207  0.68639722 0.28436761 0.36118675 0.21434496]
[0.00483413 0.00491904 0.02843597 0.74456147 0.0992448 ]
[0.30034167 0.42607973 0.06987909 0.28857396 0.40641573]
[0.40396975 0.02609607 0.62974255 0.31281432 0.10684522]
[0.02597601 0.48197861 0.56916765 0.15284061 0.16204135]
[0.03544018 0.03964207 0.39344573 0.06998708 0.55835738]
[0.47528859 0.41449694 0.02237065 0.3550277  0.22749383]
[0.07528225 0.60470265 0.32513842 0.54079947 0.14231529]
[0.58679633 0.31600199 0.18244191 0.08525723 0.54474714]
[0.60887061 0.00809451 0.01516133 0.04188635 0.57102978]
[0.09204394 0.13557976 0.24834767 0.68896796 0.15350904]
[0.12244099 0.10522694 0.79868225 0.188489   0.09956626]
[0.22462652 0.42800102 0.26128944 0.30577043 0.43816048]
[9.32286863e-05 1.50793673e-04 7.98491725e-04 2.56343100e-04
 6.74679412e-01]
[0.06083839 0.98707999 0.02923913 0.38245617 0.11011145]
[0.15346384 0.44376169 0.51294318 0.39797237 0.287178  ]
[0.00367407 0.04627814 0.65072742 0.58256141 0.02126697]
[0.52513851 0.03410358 0.61410246 0.13338628 0.09099057]
[0.12855814 0.22428595 0.04248224 0.79883179 0.02830121]
[0.18506032 0.43997808 0.00946359 0.67563106 0.27535784]
[0.15964367 0.46163627 0.53357814 0.41435103 0.17814269]
[0.04879179 0.07243377 0.00569091 0.70357939 0.35474062]
[0.44708436 0.51208955 0.27888851 0.2857738  0.16954041]
[ 0.06641335  0.01883908  0.70314717 -0.00087927  0.29748124]
[0.02300424 0.01233561 0.8923361  0.54458813 0.11853075]
[0.59428239 0.5166434  0.21347746 0.09959438 0.02401866]
[0.23810059 0.84736486 0.46915021 0.17886859 0.04095404]
[-1.52599027e-04 -6.05019874e-04  4.35192967e-02  8.11144800e-01
  2.34946145e-01]
[0.3009295  0.59195348 0.40030854 0.00375372 0.18332425]
[0.14137834 0.33607611 0.00721891 0.70378193 0.26872061]
[0.14617241 0.17095741 0.07773201 0.33185781 0.53614472]
[0.13793204 0.15201331 0.76054003 0.00371201 0.05367822]
[0.34958356 0.04264781 0.14767084 0.59470619 0.39043821]
[ 0.04638596  0.32314531  0.39750884 -0.00086903  0.56764433]
[0.12322666 0.03768259 0.58725742 0.14410992 0.35903501]
[0.06871492 0.05932788 0.00657525 0.75459613 0.25524765]
[0.40151421 0.5942577  0.57735    0.28469184 0.10484585]
[0.02623042 0.04551232 0.20976901 0.72414323 0.17499803]
[0.2305863  0.32792744 0.7942539  0.0057813  0.03389359]
[0.02536939 0.0457445  0.84844177 0.07476759 0.00677805]
[0.17623184 0.09491722 0.78276796 0.02270363 0.19597841]
[0.6881666  0.1880764  0.13877157 0.40844778 0.02722575]
[0.11290715 0.15918882 0.60545763 0.53900266 0.1748886 ]
[0.16835484 0.32133486 0.20393895 0.61841918 0.17139691]
[0.07574574 0.49834068 0.55436891 0.06264967 0.32344416]
[0.02684526 0.4980225  0.58809165 0.15799334 0.02236326]
[0.00084747 0.00640843 0.62178833 0.04437156 0.47594151]
[0.34358257 0.65481054 0.3985805  0.20080865 0.1939656 ]
[0.07784733 0.11012688 0.26799432 0.49272785 0.43162046]
[1.12473067e-01 4.32722535e-04 1.34130453e-03 9.63845492e-01
 7.09512896e-02]
[0.00488363 0.0444014  0.85604613 0.00669154 0.0580208 ]
[0.31575779 0.7536703  0.03176737 0.33876322 0.11039078]
[0.04434067 0.68278457 0.29954465 0.25598945 0.4750143 ]
[0.53244964 0.5398567  0.35358256 0.00428964 0.24118571]
[8.12659695e-03 1.31377521e-02 3.26614175e-01 8.67187294e-05
 7.91786955e-01]
[0.55521874 0.47575794 0.23037627 0.11220371 0.19737859]
[0.00645575 0.00576298 0.60949839 0.30210121 0.16447635]
[0.14928069 0.43316428 0.40227829 0.23997199 0.29178702]
[0.09911891 0.1460288  0.66984528 0.41198934 0.02680989]
[0.66901009 0.03692858 0.00824916 0.48005538 0.1645689 ]
[0.0041908  0.00656851 0.4263488  0.18074183 0.53002076]
[0.61372471 0.19619191 0.16029208 0.1468301  0.33663705]
[0.1645354  0.08861494 0.73664794 0.34337215 0.02409019]
[0.00753872 0.00658299 0.70027242 0.16710168 0.17443557]
[0.0104314  0.01117632 0.70023046 0.1283436  0.32866781]
[0.29952947 0.61331676 0.373333   0.03706199 0.38699033]
[0.54520129 0.22177399 0.12218231 0.4181     0.14050039]
[0.08785272 0.22087675 0.0668818  0.04195546 0.556301  ]
[0.33877461 0.1359115  0.56673723 0.50110203 0.16749502]
[0.07996393 0.14742574 0.6007756  0.00387567 0.53880279]
[0.53055774 0.51826456 0.43134574 0.10198616 0.02739452]
[0.00637738 0.01790272 0.52275148 0.34041352 0.47566373]
[0.12517189 0.36318943 0.35114987 0.20533203 0.39450345]
[0.44464594 0.63177761 0.13133503 0.28473134 0.02210473]
[0.00317172 0.54748887 0.58941841 0.05414523 0.17491673]
[0.00133363 0.00186448 0.14699863 0.49678828 0.58574362]
[4.73210158e-04 3.31889835e-03 1.91396902e-01 5.61515835e-01
 4.46824392e-01]
[0.25430183 0.29772601 0.16658232 0.59899863 0.33248036]
[ 0.15408302  1.02724393  0.04529841 -0.00104384  0.12327441]
[0.11707198 0.06620321 0.43883937 0.33514113 0.48573858]
[0.27307954 0.27937528 0.05032038 0.29329301 0.54580822]
[0.00177859 0.00154218 0.10122968 0.93967217 0.10272098]
[0.00572599 0.0053793  0.55538207 0.2749047  0.23559996]
[3.37878303e-05 3.28367566e-03 4.92648265e-01 1.08274312e-02
 4.84723613e-01]
[0.43085163 0.44103731 0.07940657 0.4213191  0.14914717]
[0.00108881 0.02002    0.05945289 0.87638471 0.02554338]
[0.16923806 0.23992816 0.03335015 0.44416864 0.49654994]
