[ 0.06641335  0.01883908  0.70314717 -0.00087927  0.29748124]
[0.31575779 0.7536703  0.03176737 0.33876322 0.11039078]
[0.18590761 0.37538026 0.81589942 0.00599744 0.03463893]
[0.01898266 0.0100888  0.67015707 0.40849725 0.08892529]
[4.98803733e-04 3.84752169e-03 1.41928862e-04 9.12011842e-01
 1.32595669e-01]
[0.11411993 0.33111155 0.32018267 0.18703742 0.47192191]
[0.58282528 0.0149557  0.00848909 0.05334105 0.57261845]
[ 0.15408302  1.02724393  0.04529841 -0.00104384  0.12327441]
[0.13362246 0.00717638 0.59851892 0.2607704  0.08912303]
[0.09061838 0.09632264 0.03769211 0.41901075 0.60370107]
[9.32286863e-05 1.50793673e-04 7.98491725e-04 2.56343100e-04
 6.74679412e-01]
[0.34123348 0.02307705 0.37853629 0.47949863 0.39197401]
[0.01042229 0.20942872 0.73346223 0.008302   0.17782495]
[0.37962562 0.37139645 0.56921956 0.01497363 0.04524235]
[4.58667218e-04 3.31042055e-04 4.18038911e-02 5.87254554e-01
 4.47732846e-01]
[0.16923806 0.23992816 0.03335015 0.44416864 0.49654994]
[0.52446443 0.63799873 0.03561174 0.17797927 0.15536447]
[0.03777477 0.00153973 0.57144298 0.53018161 0.17751664]
[0.29307606 0.41689708 0.73876292 0.00571276 0.02509775]
[0.60887061 0.00809451 0.01516133 0.04188635 0.57102978]
[0.11998059 0.28517942 0.00611935 0.59706699 0.22761224]
[0.59781568 0.29969954 0.11589824 0.43037977 0.18619828]
[0.01147435 0.01853227 0.24538917 0.43252729 0.48331337]
[4.73210158e-04 3.31889835e-03 1.91396902e-01 5.61515835e-01
 4.46824392e-01]
[0.14928069 0.43316428 0.40227829 0.23997199 0.29178702]
[0.01396376 0.00743586 0.64351735 0.4925055  0.06093307]
[0.12370424 0.22975464 0.96984307 0.04316551 0.00673066]
[0.11546649 0.00611951 0.51729123 0.22509149 0.2969362 ]
[0.17121775 0.00163902 0.0055983  0.59234803 0.53588684]
[0.00201659 0.00285996 0.20859394 0.68256423 0.16386145]
[0.16458026 0.4775707  0.44854082 0.2686327  0.07586771]
[0.00118308 0.00153681 0.12907354 0.42160516 0.49883668]
[0.27289284 0.10905161 0.41293093 0.39608666 0.48078208]
[0.08165099 0.21662109 0.24849551 0.48941509 0.31994978]
[0.01021061 0.08266938 0.0040949  0.65028482 0.32719778]
[0.45515473 0.64671782 0.13008319 0.29115493 0.0210947 ]
[0.06649847 0.10851825 0.25108828 0.46151554 0.40437215]
[0.28453123 0.15001234 0.67298899 0.33292247 0.01669305]
[0.36519639 0.20760624 0.12908942 0.2934446  0.4256404 ]
[0.0118856  0.23108481 0.03681881 0.82710269 0.02898204]
[4.03216580e-04 1.07651190e-02 6.31110060e-02 9.04605614e-01
 2.63770049e-02]
[0.47700755 0.47000833 0.38541595 0.16705401 0.17438632]
[0.08115879 0.97152276 0.02883584 0.36935213 0.1081927 ]
[0.28493692 0.54299285 0.33140507 0.01455764 0.459182  ]
[0.00164925 0.00256422 0.4774816  0.00844497 0.46974442]
[0.2512154  0.42182269 0.59757723 0.12222505 0.04259211]
[0.12517189 0.36318943 0.35114987 0.20533203 0.39450345]
[0.32634899 0.45468183 0.07509816 0.31027033 0.31910692]
[ 0.02525629  0.03556168  0.56403107 -0.00128549  0.43059499]
[0.04434067 0.68278457 0.29954465 0.25598945 0.4750143 ]
[0.71592397 0.0704221  0.30065513 0.32374624 0.17884327]
[0.09204394 0.13557976 0.24834767 0.68896796 0.15350904]
[ 0.38679902  0.11352248  0.41206482 -0.00134994  0.43206598]
[0.6881666  0.1880764  0.13877157 0.40844778 0.02722575]
[0.00295591 0.51209633 0.55135433 0.05051004 0.174708  ]
[0.20350188 0.30621117 0.15974567 0.59877843 0.00379148]
[0.02597601 0.48197861 0.56916765 0.15284061 0.16204135]
[0.00541417 0.00358546 0.6618329  0.13031327 0.15345726]
[0.30034167 0.42607973 0.06987909 0.28857396 0.40641573]
[0.03640583 0.00146211 0.55082511 0.5089718  0.28389534]
[0.04785108 0.12688354 0.14946424 0.62798064 0.36164875]
[ 0.04638596  0.32314531  0.39750884 -0.00086903  0.56764433]
[0.02684526 0.4980225  0.58809165 0.15799334 0.02236326]
[0.46096069 0.02525722 0.00566743 0.66257508 0.15457823]
[0.15346384 0.44376169 0.51294318 0.39797237 0.287178  ]
[0.14617241 0.17095741 0.07773201 0.33185781 0.53614472]
[0.60567573 0.34427727 0.09256328 0.54982353 0.01267237]
[ 0.17953118  0.26308836  0.63061698 -0.00091398  0.2893494 ]
[0.43589408 0.6183329  0.13985083 0.24189857 0.33541481]
[ 0.29044788  0.57132563  0.39611914 -0.00151792  0.17939824]
[0.22262293 0.61512228 0.18334293 0.11869418 0.32216649]
[0.3257688  0.16445476 0.47926391 0.50093928 0.02611071]
[0.02677327 0.49669373 0.58508942 0.16522168 0.04220221]
[ 0.03682392  0.06045401  0.25434278 -0.00127245  0.56779272]
[0.11545711 0.06200523 0.51306707 0.45612306 0.16914757]
[0.00572599 0.0053793  0.55538207 0.2749047  0.23559996]
[1.08129398e-01 3.92445334e-04 4.07319812e-03 9.27304188e-01
 7.45928825e-03]
[0.01041813 0.01947392 0.87153611 0.01960377 0.09917344]
[0.00105032 0.00780743 0.74571119 0.05364262 0.28490666]
[0.00497521 0.00511863 0.71306837 0.11799299 0.01368305]
[0.08785272 0.22087675 0.0668818  0.04195546 0.556301  ]
[0.71860739 0.03500375 0.1785514  0.20686621 0.20440428]
[0.66901009 0.03692858 0.00824916 0.48005538 0.1645689 ]
[0.20654579 0.30468774 0.55678714 0.36857545 0.15409994]
[0.65283998 0.00872306 0.10342165 0.04573955 0.47331382]
[0.50540942 0.43931177 0.39362357 0.09735216 0.0234721 ]
[9.81305818e-02 6.55164884e-04 1.16357762e-03 8.40875246e-01
 6.18673601e-02]
[0.00177859 0.00154218 0.10122968 0.93967217 0.10272098]
[0.16046277 0.46561986 0.43238128 0.25808785 0.15397694]
[0.42293673 0.58245191 0.27396623 0.30104438 0.15373553]
[0.34958356 0.04264781 0.14767084 0.59470619 0.39043821]
[0.02940641 0.08197183 0.08794317 0.17628144 0.55253012]
[0.33877461 0.1359115  0.56673723 0.50110203 0.16749502]
[0.44089991 0.62645193 0.15012265 0.29715304 0.02072257]
[0.16656104 0.31811565 0.19751981 0.61466298 0.16987164]
[0.55521874 0.47575794 0.23037627 0.11220371 0.19737859]
[0.13793204 0.15201331 0.76054003 0.00371201 0.05367822]
[ 1.97758759e-01  4.04420166e-01  5.55552327e-01 -3.54499611e-04
  3.82077482e-01]
[6.94379831e-03 1.15718419e-02 2.86476079e-01 2.08750555e-04
 6.94456303e-01]
[0.00623261 0.12363584 0.05182181 0.70948964 0.00798372]
