[0.30034167 0.42607973 0.06987909 0.28857396 0.40641573]
[0.064981   0.0731467  0.03016971 0.72527683 0.38386865]
[0.15346384 0.44376169 0.51294318 0.39797237 0.287178  ]
[0.07996393 0.14742574 0.6007756  0.00387567 0.53880279]
[0.04292645 0.02369513 0.19421921 0.66742272 0.3896957 ]
[1.13427284e-01 2.41548573e-04 9.19271407e-01 1.35859121e-01
 3.07810411e-02]
[0.22987878 0.81810447 0.45295976 0.2109993  0.03991854]
[0.31575779 0.7536703  0.03176737 0.33876322 0.11039078]
[0.06871492 0.05932788 0.00657525 0.75459613 0.25524765]
[ 4.78639828e-04 -3.65601810e-04  3.90071869e-02  7.27023151e-01
  4.00924783e-01]
[0.53055774 0.51826456 0.43134574 0.10198616 0.02739452]
[0.74894441 0.4210068  0.16400406 0.48307636 0.0322483 ]
[0.16227116 0.09100632 0.10729311 0.66627855 0.38902909]
[0.07574574 0.49834068 0.55436891 0.06264967 0.32344416]
[0.40396975 0.02609607 0.62974255 0.31281432 0.10684522]
[0.01035344 0.01675973 0.01100383 0.81279798 0.33194493]
[0.34358257 0.65481054 0.3985805  0.20080865 0.1939656 ]
[0.1387892  0.04251218 0.66132783 0.16061597 0.40410961]
[0.11707198 0.06620321 0.43883937 0.33514113 0.48573858]
[0.03544018 0.03964207 0.39344573 0.06998708 0.55835738]
[0.14137834 0.33607611 0.00721891 0.70378193 0.26872061]
[0.29952947 0.61331676 0.373333   0.03706199 0.38699033]
[0.11290715 0.15918882 0.60545763 0.53900266 0.1748886 ]
[0.40151421 0.5942577  0.57735    0.28469184 0.10484585]
[0.08785272 0.22087675 0.0668818  0.04195546 0.556301  ]
[0.16835484 0.32133486 0.20393895 0.61841918 0.17139691]
[0.00406612 0.02728724 0.67742381 0.03604569 0.21205279]
[0.55521874 0.47575794 0.23037627 0.11220371 0.19737859]
[0.06465553 0.00942584 0.09091774 0.72994615 0.04038585]
[0.10171875 0.66443854 0.35899634 0.59732941 0.20086588]
[0.01351766 0.25203198 0.7633876  0.17476868 0.18332314]
[0.06854084 0.03645153 0.00603475 0.61905843 0.52773784]
[0.02922055 0.049429   0.08777419 0.38206344 0.44600128]
[0.24827077 0.47308272 0.28877776 0.33815769 0.35327827]
[0.60887061 0.00809451 0.01516133 0.04188635 0.57102978]
[0.27307954 0.27937528 0.05032038 0.29329301 0.54580822]
[0.54748983 0.77798938 0.16171306 0.35105994 0.02730974]
[0.44708436 0.51208955 0.27888851 0.2857738  0.16954041]
[0.54253555 0.62166603 0.31056158 0.0785539  0.3609303 ]
[0.06271166 0.01775772 0.66405306 0.28295983 0.30838744]
[0.00623866 0.12375313 0.05187079 0.71016148 0.00799164]
[0.03777477 0.00153973 0.57144298 0.53018161 0.17751664]
[0.0059198  0.00557622 0.57363828 0.28401101 0.24335711]
[0.18058711 0.45867044 0.54041838 0.41965226 0.19238532]
[0.00084747 0.00640843 0.62178833 0.04437156 0.47594151]
[0.1341471  0.2001629  0.52226746 0.40245122 0.35205729]
[0.12955998 0.23485666 0.90850992 0.08455471 0.00751299]
[0.57933876 0.64694144 0.08007706 0.13878737 0.35612127]
[0.00367407 0.04627814 0.65072742 0.58256141 0.02126697]
[0.13793204 0.15201331 0.76054003 0.00371201 0.05367822]
[3.37878303e-05 3.28367566e-03 4.92648265e-01 1.08274312e-02
 4.84723613e-01]
[0.09173483 0.17462089 0.72638131 0.20247527 0.19556171]
[3.15683796e-04 1.90618478e-04 2.83955816e-02 3.06303876e-01
 7.63945980e-01]
[0.09740743 0.13789055 0.33519783 0.61680049 0.34035512]
[0.63551659 0.55252279 0.22186443 0.10638946 0.0277554 ]
[0.13631409 0.24711578 0.95581226 0.00145685 0.03539714]
[0.62520826 0.54355313 0.21826577 0.10954692 0.1386867 ]
[0.25430183 0.29772601 0.16658232 0.59899863 0.33248036]
[0.09178785 0.10394919 0.61235404 0.02809462 0.29221073]
[ 0.04104606  0.0674234   0.28337699 -0.00117224  0.62919223]
[1.12473067e-01 4.32722535e-04 1.34130453e-03 9.63845492e-01
 7.09512896e-02]
[0.04188197 0.27577397 0.30705824 0.03374438 0.52057218]
[0.12496295 0.81615796 0.0356529  0.61574363 0.13097348]
[1.97264357e-03 1.25926270e-03 4.85083836e-06 3.64201182e-03
 5.77290146e-01]
[ 2.56622497e-02 -3.08882063e-04  9.12075459e-01  2.07822145e-01
  4.90948202e-02]
[0.1645354  0.08861494 0.73664794 0.34337215 0.02409019]
[0.4987388  0.5568777  0.42679316 0.09748428 0.36186283]
[0.14928069 0.43316428 0.40227829 0.23997199 0.29178702]
[0.09882433 0.3644579  0.1745917  0.65126757 0.20098429]
[0.00177859 0.00154218 0.10122968 0.93967217 0.10272098]
[0.14617241 0.17095741 0.07773201 0.33185781 0.53614472]
[0.02597601 0.48197861 0.56916765 0.15284061 0.16204135]
[0.15916108 0.08840468 0.71683854 0.44825062 0.02501641]
[0.00645575 0.00576298 0.60949839 0.30210121 0.16447635]
[0.66901009 0.03692858 0.00824916 0.48005538 0.1645689 ]
[0.02015593 0.05686282 0.46634372 0.30336382 0.40891485]
[0.02684526 0.4980225  0.58809165 0.15799334 0.02236326]
[0.07784733 0.11012688 0.26799432 0.49272785 0.43162046]
[0.34958356 0.04264781 0.14767084 0.59470619 0.39043821]
[0.07738011 0.56308216 0.33411661 0.23098281 0.42895901]
[0.09204394 0.13557976 0.24834767 0.68896796 0.15350904]
[ 2.60922696e-01  1.38737159e-01  3.95540730e-01 -2.98736416e-04
  5.96599866e-01]
[0.02057166 0.0058252  0.72567178 0.17301456 0.43492334]
[0.19219445 0.27252351 0.04368124 0.50609837 0.43891085]
[0.00133363 0.00186448 0.14699863 0.49678828 0.58574362]
[0.00519062 0.0471356  0.90804765 0.00722862 0.06095865]
[0.00149876 0.01207372 0.01870661 0.87473975 0.1812689 ]
[0.02623042 0.04551232 0.20976901 0.72414323 0.17499803]
[0.52513851 0.03410358 0.61410246 0.13338628 0.09099057]
[0.01262154 0.01804236 0.06978624 1.02680044 0.02998653]
[0.33877461 0.1359115  0.56673723 0.50110203 0.16749502]
[0.0976207  0.68639722 0.28436761 0.36118675 0.21434496]
[0.19588356 0.50841728 0.53748031 0.14601044 0.40888541]
[0.06577619 1.06701974 0.03161007 0.41637538 0.13618242]
[0.61020866 0.2452421  0.21299785 0.48407951 0.16192832]
[0.61372471 0.19619191 0.16029208 0.1468301  0.33663705]
[0.20009978 0.50824966 0.59876212 0.05503757 0.1794375 ]
[0.53244964 0.5398567  0.35358256 0.00428964 0.24118571]
[0.43300062 0.51103497 0.3825789  0.40386727 0.18013608]
[0.58679633 0.31600199 0.18244191 0.08525723 0.54474714]
