[0.40054971 0.22775366 0.14158557 0.32204674 0.46686532]
[0.33877461 0.1359115  0.56673723 0.50110203 0.16749502]
[0.00572599 0.0053793  0.55538207 0.2749047  0.23559996]
[0.45515473 0.64671782 0.13008319 0.29115493 0.0210947 ]
[0.16046277 0.46561986 0.43238128 0.25808785 0.15397694]
[0.00497521 0.00511863 0.71306837 0.11799299 0.01368305]
[ 1.97758759e-01  4.04420166e-01  5.55552327e-01 -3.54499611e-04
  3.82077482e-01]
[0.00177859 0.00154218 0.10122968 0.93967217 0.10272098]
[0.00118308 0.00153681 0.12907354 0.42160516 0.49883668]
[ 0.04638596  0.32314531  0.39750884 -0.00086903  0.56764433]
[0.00717553 0.01039773 0.48873819 0.3180562  0.4445931 ]
[0.03544018 0.03964207 0.39344573 0.06998708 0.55835738]
[0.07996393 0.14742574 0.6007756  0.00387567 0.53880279]
[0.55521874 0.47575794 0.23037627 0.11220371 0.19737859]
[0.52446443 0.63799873 0.03561174 0.17797927 0.15536447]
[0.50540942 0.43931177 0.39362357 0.09735216 0.0234721 ]
[0.02684526 0.4980225  0.58809165 0.15799334 0.02236326]
[0.07060306 0.07259795 0.38706568 0.16876879 0.54716313]
[0.08165099 0.21662109 0.24849551 0.48941509 0.31994978]
[0.31575779 0.7536703  0.03176737 0.33876322 0.11039078]
[0.2986022  0.58737335 0.4072352  0.00375869 0.18361414]
[ 0.15408302  1.02724393  0.04529841 -0.00104384  0.12327441]
[0.12517189 0.36318943 0.35114987 0.20533203 0.39450345]
[0.29367384 0.1585736  0.6976298  0.34518983 0.03247131]
[0.16923806 0.23992816 0.03335015 0.44416864 0.49654994]
[0.71592397 0.0704221  0.30065513 0.32374624 0.17884327]
[0.10102365 0.17618128 0.03338374 0.62750509 0.37181632]
[0.30034167 0.42607973 0.06987909 0.28857396 0.40641573]
[0.07784733 0.11012688 0.26799432 0.49272785 0.43162046]
[0.00753872 0.00658299 0.70027242 0.16710168 0.17443557]
[0.38242028 0.78311674 0.47660438 0.04496271 0.02059958]
[0.03674544 0.01410652 0.83366483 0.01557112 0.17162265]
[0.21078778 0.31718703 0.16546215 0.61723351 0.0079954 ]
[0.15346384 0.44376169 0.51294318 0.39797237 0.287178  ]
[ 0.17953118  0.26308836  0.63061698 -0.00091398  0.2893494 ]
[0.01898266 0.0100888  0.67015707 0.40849725 0.08892529]
[0.00431981 0.02895792 0.63352615 0.03216304 0.19661253]
[9.32286863e-05 1.50793673e-04 7.98491725e-04 2.56343100e-04
 6.74679412e-01]
[0.13362246 0.00717638 0.59851892 0.2607704  0.08912303]
[0.01931059 0.01813007 0.62727392 0.3111682  0.14188626]
[0.14257892 0.42091762 0.41193989 0.01174787 0.43206598]
[0.58282528 0.0149557  0.00848909 0.05334105 0.57261845]
[0.34958356 0.04264781 0.14767084 0.59470619 0.39043821]
[0.06083839 0.98707999 0.02923913 0.38245617 0.11011145]
[0.00084747 0.00640843 0.62178833 0.04437156 0.47594151]
[0.13793204 0.15201331 0.76054003 0.00371201 0.05367822]
[0.01147435 0.01853227 0.24538917 0.43252729 0.48331337]
[0.34086168 0.63225896 0.3876322  0.20276619 0.18912428]
[0.06082339 0.5569091  0.49687772 0.50694388 0.05549703]
[0.34123348 0.02307705 0.37853629 0.47949863 0.39197401]
[0.14928069 0.43316428 0.40227829 0.23997199 0.29178702]
[0.44464594 0.63177761 0.13133503 0.28473134 0.02210473]
[0.17623184 0.09491722 0.78276796 0.02270363 0.19597841]
[4.73210158e-04 3.31889835e-03 1.91396902e-01 5.61515835e-01
 4.46824392e-01]
[0.3009295  0.59195348 0.40030854 0.00375372 0.18332425]
[1.12473067e-01 4.32722535e-04 1.34130453e-03 9.63845492e-01
 7.09512896e-02]
[0.14617241 0.17095741 0.07773201 0.33185781 0.53614472]
[0.00623866 0.12375313 0.05187079 0.71016148 0.00799164]
[0.59179606 0.18916198 0.15502719 0.12180288 0.32239832]
[0.60887061 0.00809451 0.01516133 0.04188635 0.57102978]
[0.6881666  0.1880764  0.13877157 0.40844778 0.02722575]
[0.12855814 0.22428595 0.04248224 0.79883179 0.02830121]
[0.03777477 0.00153973 0.57144298 0.53018161 0.17751664]
[0.01021061 0.08266938 0.0040949  0.65028482 0.32719778]
[8.12659695e-03 1.31377521e-02 3.26614175e-01 8.67187294e-05
 7.91786955e-01]
[0.11545711 0.06200523 0.51306707 0.45612306 0.16914757]
[1.08129398e-01 3.92445334e-04 4.07319812e-03 9.27304188e-01
 7.45928825e-03]
[0.02677327 0.49669373 0.58508942 0.16522168 0.04220221]
[0.09204394 0.13557976 0.24834767 0.68896796 0.15350904]
[0.00565207 0.00769248 0.01543719 0.72193035 0.5393881 ]
[0.08785272 0.22087675 0.0668818  0.04195546 0.556301  ]
[0.03648952 0.03187695 0.20044443 0.69194489 0.16722187]
[0.02597601 0.48197861 0.56916765 0.15284061 0.16204135]
[ 0.06641335  0.01883908  0.70314717 -0.00087927  0.29748124]
[ 0.03682392  0.06045401  0.25434278 -0.00127245  0.56779272]
[0.583189   0.50699063 0.22331073 0.09828464 0.01957551]
[0.53244964 0.5398567  0.35358256 0.00428964 0.24118571]
[0.08866196 0.09423378 0.04658957 0.42163984 0.60179403]
[0.29307606 0.41689708 0.73876292 0.00571276 0.02509775]
[0.12322666 0.03768259 0.58725742 0.14410992 0.35903501]
[0.04434067 0.68278457 0.29954465 0.25598945 0.4750143 ]
[0.20654579 0.30468774 0.55678714 0.36857545 0.15409994]
[0.29952947 0.61331676 0.373333   0.03706199 0.38699033]
[0.54532136 0.27333666 0.12600953 0.40922106 0.17304023]
[0.2305863  0.32792744 0.7942539  0.0057813  0.03389359]
[4.03216580e-04 1.07651190e-02 6.31110060e-02 9.04605614e-01
 2.63770049e-02]
[3.37878303e-05 3.28367566e-03 4.92648265e-01 1.08274312e-02
 4.84723613e-01]
[0.43589408 0.6183329  0.13985083 0.24189857 0.33541481]
[0.66901009 0.03692858 0.00824916 0.48005538 0.1645689 ]
[0.00317172 0.54748887 0.58941841 0.05414523 0.17491673]
[0.11998059 0.28517942 0.00611935 0.59706699 0.22761224]
[0.00483413 0.00491904 0.02843597 0.74456147 0.0992448 ]
[0.16835484 0.32133486 0.20393895 0.61841918 0.17139691]
[0.58679633 0.31600199 0.18244191 0.08525723 0.54474714]
[0.09796183 0.13891851 0.02747775 0.49874117 0.5882117 ]
[0.62618128 0.33460473 0.09456352 0.55277283 0.01286535]
[0.04785108 0.12688354 0.14946424 0.62798064 0.36164875]
[0.22462652 0.42800102 0.26128944 0.30577043 0.43816048]
[0.44708436 0.51208955 0.27888851 0.2857738  0.16954041]
[0.09461927 0.14418758 0.65342836 0.39002404 0.02530998]
