[0.25430183 0.29772601 0.16658232 0.59899863 0.33248036]
[0.01262154 0.01804236 0.06978624 1.02680044 0.02998653]
[0.0930204  0.1370219  0.09017137 0.68920262 0.28843718]
[0.12569965 0.13878227 0.82356326 0.41856781 0.13264586]
[0.06854084 0.03645153 0.00603475 0.61905843 0.52773784]
[ 0.16747351  0.27537181  0.40975659 -0.00091363  0.61630701]
[1.12473067e-01 4.32722535e-04 1.34130453e-03 9.63845492e-01
 7.09512896e-02]
[0.00299551 0.02311903 0.00612347 0.33031337 0.61334048]
[0.06727648 0.01803186 0.10804889 0.05201138 0.64225141]
[0.13296359 0.48648374 0.27635827 0.12817746 0.46133744]
[0.19219445 0.27252351 0.04368124 0.50609837 0.43891085]
[0.15916108 0.08840468 0.71683854 0.44825062 0.02501641]
[0.00367407 0.04627814 0.65072742 0.58256141 0.02126697]
[0.02684526 0.4980225  0.58809165 0.15799334 0.02236326]
[0.74894441 0.4210068  0.16400406 0.48307636 0.0322483 ]
[0.1387892  0.04251218 0.66132783 0.16061597 0.40410961]
[0.02057166 0.0058252  0.72567178 0.17301456 0.43492334]
[0.40151421 0.5942577  0.57735    0.28469184 0.10484585]
[0.00273247 0.02020296 0.00409285 0.28423447 0.68212029]
[0.00133363 0.00186448 0.14699863 0.49678828 0.58574362]
[0.01550252 0.02325735 0.67124717 0.61636182 0.20742146]
[0.40396975 0.02609607 0.62974255 0.31281432 0.10684522]
[0.13002104 0.15856729 0.68743222 0.30829422 0.18220779]
[0.02044638 0.05768407 0.47300806 0.3077293  0.41345391]
[0.0994058  0.69893797 0.28754461 0.36848866 0.2131066 ]
[0.08785272 0.22087675 0.0668818  0.04195546 0.556301  ]
[0.08353688 0.04936503 0.11054065 0.02235684 0.67301867]
[0.04292645 0.02369513 0.19421921 0.66742272 0.3896957 ]
[0.54748983 0.77798938 0.16171306 0.35105994 0.02730974]
[0.00094551 0.00932707 0.22654135 0.20662639 0.72597383]
[0.17626041 0.44767683 0.52748134 0.52108994 0.20285807]
[0.54253555 0.62166603 0.31056158 0.0785539  0.3609303 ]
[0.06465553 0.00942584 0.09091774 0.72994615 0.04038585]
[0.1341471  0.2001629  0.52226746 0.40245122 0.35205729]
[0.19588356 0.50841728 0.53748031 0.14601044 0.40888541]
[0.66901009 0.03692858 0.00824916 0.48005538 0.1645689 ]
[0.04188197 0.27577397 0.30705824 0.03374438 0.52057218]
[0.33375034 0.40773392 0.4803035  0.28692725 0.34905706]
[0.00626152 0.01000528 0.01876052 0.85684085 0.17756323]
[0.10171875 0.66443854 0.35899634 0.59732941 0.20086588]
[0.00177859 0.00154218 0.10122968 0.93967217 0.10272098]
[0.02597601 0.48197861 0.56916765 0.15284061 0.16204135]
[0.18058711 0.45867044 0.54041838 0.41965226 0.19238532]
[0.08719068 0.0508278  0.39727754 0.59433369 0.40403587]
[0.27307954 0.27937528 0.05032038 0.29329301 0.54580822]
[0.07784733 0.11012688 0.26799432 0.49272785 0.43162046]
[0.17848284 0.16365308 0.05830109 0.02833399 0.59181461]
[9.32099983e-03 7.63771244e-03 4.47419151e-04 3.68959538e-03
 7.43113538e-01]
[0.15977629 0.38230547 0.00137408 0.0438994  0.63550313]
[0.4987388  0.5568777  0.42679316 0.09748428 0.36186283]
[ 4.78639828e-04 -3.65601810e-04  3.90071869e-02  7.27023151e-01
  4.00924783e-01]
[0.34958356 0.04264781 0.14767084 0.59470619 0.39043821]
[0.52127227 0.04199595 0.3570855  0.23724083 0.44682701]
[0.00584954 0.0390317  0.96261756 0.05212489 0.30149092]
[0.30034167 0.42607973 0.06987909 0.28857396 0.40641573]
[0.03544018 0.03964207 0.39344573 0.06998708 0.55835738]
[0.7487255  0.23947073 0.16053344 0.17511055 0.44079511]
[0.00591783 0.0394814  0.97353761 0.04830866 0.30484336]
[0.06796614 0.0765262  0.03155456 0.75860646 0.40147561]
[0.04877168 0.02484578 0.01462395 0.00969833 0.68016921]
[0.13631409 0.24711578 0.95581226 0.00145685 0.03539714]
[0.29952947 0.61331676 0.373333   0.03706199 0.38699033]
[0.07183287 0.08125941 0.50214277 0.02653327 0.50292531]
[0.52513851 0.03410358 0.61410246 0.13338628 0.09099057]
[ 8.36169861e-03  2.62430710e-03  4.25452042e-01 -3.60915303e-04
  5.40683533e-01]
[0.05153037 0.02848643 0.21027065 0.13011857 0.66820621]
[0.00623866 0.12375313 0.05187079 0.71016148 0.00799164]
[0.22266599 0.29955293 0.00081314 0.18756863 0.6737142 ]
[1.13427284e-01 2.41548573e-04 9.19271407e-01 1.35859121e-01
 3.07810411e-02]
[0.02789551 0.04867886 0.22382971 0.76402    0.18480595]
[0.02922055 0.049429   0.08777419 0.38206344 0.44600128]
[ 0.04104606  0.0674234   0.28337699 -0.00117224  0.62919223]
[0.09882433 0.3644579  0.1745917  0.65126757 0.20098429]
[0.34358257 0.65481054 0.3985805  0.20080865 0.1939656 ]
[0.11290715 0.15918882 0.60545763 0.53900266 0.1748886 ]
[0.63551659 0.55252279 0.22186443 0.10638946 0.0277554 ]
[0.62520826 0.54355313 0.21826577 0.10954692 0.1386867 ]
[0.61898092 0.19153221 0.31598828 0.16748915 0.40318848]
[0.55571937 0.65598614 0.10883882 0.3737875  0.11848393]
[0.27367163 0.38645419 0.41465216 0.49711499 0.35898883]
[0.57933876 0.64694144 0.08007706 0.13878737 0.35612127]
[6.21765173e-04 1.33434276e-02 5.16692003e-03 8.20048941e-01
 1.83595510e-01]
[0.03194604 0.08279313 0.71780743 0.56777402 0.21961725]
[0.33877461 0.1359115  0.56673723 0.50110203 0.16749502]
[0.00385443 0.00393787 0.56195498 0.02939978 0.56413896]
[0.16776484 0.31958476 0.2034318  0.6199134  0.17150933]
[0.14137834 0.33607611 0.00721891 0.70378193 0.26872061]
[0.0059198  0.00557622 0.57363828 0.28401101 0.24335711]
[0.49965824 0.58537659 0.3557817  0.00432969 0.24268809]
[0.60887061 0.00809451 0.01516133 0.04188635 0.57102978]
[4.11264220e-01 5.53598201e-01 3.62785791e-04 3.48136768e-01
 1.40203153e-01]
[0.43445656 0.63206389 0.23425898 0.11757576 0.16152326]
[0.0257317  0.04214431 0.15453296 0.25559165 0.64679238]
[0.00084747 0.00640843 0.62178833 0.04437156 0.47594151]
[0.24827077 0.47308272 0.28877776 0.33815769 0.35327827]
[0.20009978 0.50824966 0.59876212 0.05503757 0.1794375 ]
[0.06271166 0.01775772 0.66405306 0.28295983 0.30838744]
[0.12955998 0.23485666 0.90850992 0.08455471 0.00751299]
[0.02798737 0.04046797 0.0139942  0.29768256 0.57849096]
[0.69378085 0.76637142 0.03237883 0.42653631 0.14016234]
