[0.37604086 0.107439   0.01460828 0.23888203 0.49022101]
[0.0263884  0.40653146 0.51696522 0.30454473 0.19657697]
[0.06510417 0.0968288  0.41664445 0.02118621 0.44574749]
[0.2416526  0.37485866 0.42662566 0.28657376 0.19478391]
[0.01829284 0.04099403 0.01922261 0.69104321 0.00244505]
[0.14701408 0.02938889 0.41291052 0.4542778  0.29655788]
[0.38992559 0.00962609 0.01254888 0.00289103 0.54514103]
[0.00979827 0.45451029 0.24293216 0.12367396 0.45451148]
[0.07637924 0.77853696 0.15162433 0.0859956  0.00716444]
[3.21200445e-05 8.63507802e-03 1.94601563e-01 4.67183056e-01
 4.34034846e-01]
[0.04047584 0.0819948  0.19952428 0.01917298 0.56380787]
[0.28677092 0.11057908 0.48685911 0.38008288 0.08706034]
[0.34975976 0.12858508 0.36239727 0.0212519  0.38568777]
[0.03244216 0.06481275 0.58061897 0.35053247 0.01027829]
[ 0.00659702  0.09577937  0.07742414 -0.00172227  0.6602737 ]
[0.08996597 0.0813782  0.50789674 0.02124235 0.36088403]
[0.02991104 0.01102786 0.04565673 0.18544463 0.55178291]
[0.50466672 0.01359009 0.3814002  0.11381661 0.29679758]
[0.00777159 0.11486122 0.02074964 0.09757578 0.619487  ]
[ 9.37978190e-05 -6.07481514e-04  6.07318214e-02  6.12317585e-01
  3.25436531e-01]
[0.00092374 0.00193747 0.00782356 0.66961691 0.41243522]
[0.00075892 0.029131   0.62503811 0.2240319  0.26588109]
[0.15600631 0.0531263  0.73461189 0.0043268  0.01026924]
[0.30726122 0.09707353 0.45683281 0.11414857 0.3038787 ]
[0.04696929 0.01714834 0.00116704 0.03273306 0.62273352]
[0.00429823 0.00653856 0.58597073 0.00622562 0.27954635]
[0.2453093  0.15657964 0.23239198 0.32871348 0.39167605]
[0.22419442 0.20450111 0.14175271 0.56961851 0.08551993]
[0.52222057 0.00944108 0.27010513 0.21582503 0.22097421]
[0.25246479 0.06825738 0.19719287 0.61055522 0.10460134]
[0.06745407 0.06654746 0.12205853 0.00966698 0.55243898]
[1.77856829e-01 2.49040307e-01 6.76813214e-01 4.84382192e-04
 2.27707123e-02]
[0.02621269 0.46513643 0.42777982 0.28984192 0.19583305]
[0.02173452 0.60131429 0.30926139 0.45882137 0.02321388]
[0.03530717 0.60502172 0.40508958 0.0166454  0.21522799]
[0.10243879 0.00365723 0.4189498  0.08974838 0.43836993]
[0.28200824 0.08250467 0.60834003 0.04033393 0.07990911]
[0.04174947 0.0265736  0.03337323 0.62504458 0.1511148 ]
[0.46156098 0.86789199 0.04745301 0.05677664 0.00550775]
[ 0.51540859  0.0033841   0.56172654 -0.00213624  0.20685891]
[0.40668901 0.21805463 0.02001967 0.5440907  0.1720751 ]
[1.63274427e-01 2.45027277e-01 6.61725488e-01 4.19142413e-04
 5.79494771e-02]
[0.03422885 0.55053103 0.29452032 0.57254309 0.02075935]
[0.41839572 0.42870077 0.01509907 0.23774117 0.29331697]
[0.00981275 0.01089016 0.39927986 0.49419495 0.14427936]
[0.03876794 0.02417076 0.71665032 0.06969108 0.00451427]
[0.33646603 0.14673885 0.59702397 0.03445737 0.00357973]
[0.46870845 0.01026907 0.16311235 0.18025861 0.45881085]
[0.09193395 0.08540701 0.48191608 0.21491125 0.38351234]
[0.00343533 0.00085442 0.52082968 0.17952629 0.50378335]
[0.12548087 0.11953109 0.61811429 0.15239361 0.15792028]
[0.26003647 0.51835543 0.31832811 0.34858819 0.01793862]
[0.16471585 0.04821011 0.03407927 0.74381586 0.00231719]
[0.09504845 0.10133265 0.00951908 0.00971724 0.61321298]
[0.40013061 0.30609203 0.10302008 0.41352929 0.22058103]
[0.38422131 0.77334037 0.04552242 0.15972313 0.01241503]
[0.3778829  0.14986322 0.01595731 0.25221137 0.43861118]
[0.67081456 0.02425899 0.50276914 0.01626078 0.00774332]
[0.00118308 0.0051982  0.64960499 0.01455157 0.00523834]
[0.09903551 0.03307218 0.31172603 0.59046927 0.02234139]
[0.00257096 0.01980331 0.16953164 0.63348936 0.24119424]
[ 0.72586709  0.06945378  0.05104756 -0.00169983  0.00661929]
[0.02270138 0.03833984 0.1999264  0.21467801 0.51450156]
[0.02773137 0.0042985  0.54272152 0.35167368 0.12599998]
[0.02924989 0.39862292 0.07627438 0.34700389 0.46903009]
[0.01054718 0.01465336 0.46539261 0.08756233 0.48754762]
[0.41779016 0.08715138 0.18049165 0.14722602 0.4410634 ]
[0.00059394 0.00066957 0.00453285 0.47335268 0.42020131]
[0.15022151 0.2547077  0.3118592  0.26830751 0.41485534]
[0.62650755 0.12245567 0.09275181 0.28791444 0.11088956]
[0.03524928 0.45426191 0.30298253 0.31685435 0.35013482]
[0.11354928 0.02172057 0.58686132 0.27046121 0.11004913]
[0.25122565 0.09280986 0.30095424 0.39744106 0.287624  ]
[0.56182224 0.09829016 0.16001159 0.34375083 0.12603871]
[0.41019516 0.08067601 0.2598844  0.00676002 0.40670359]
[0.03519059 0.01307072 0.04249086 0.18699979 0.52570083]
[0.10079653 0.63393548 0.06457712 0.5091332  0.1392806 ]
[0.02394937 0.10565173 0.04821674 0.01699055 0.54489133]
[ 5.83768443e-01  1.00094963e-01  4.56414327e-02 -4.33279104e-04
  3.99277670e-01]
[0.19022363 0.22953062 0.06791967 0.46283553 0.37947994]
[ 0.76854746  0.07834025  0.08120816 -0.00203139  0.05379401]
[0.12183387 0.04085083 0.19483798 0.60336905 0.17701732]
[0.03721649 0.27259717 0.01936716 0.60120094 0.17839994]
[ 1.59510205e-03 -2.33702040e-04  4.87925564e-02  9.12536679e-02
  5.55022181e-01]
[0.07816734 0.12569336 0.4920835  0.39645573 0.1086513 ]
[0.00672478 0.94371042 0.01633163 0.13038682 0.23323819]
[0.03072494 0.0165672  0.23990711 0.58406009 0.17756386]
[0.04658172 0.31176564 0.41253863 0.05689607 0.37931382]
[0.01159901 0.02278696 0.10690259 0.63431003 0.15944129]
[0.03088564 0.22633378 0.03880378 0.50778257 0.38797413]
[0.17578442 0.20045121 0.59813424 0.32429127 0.05966507]
[0.00111129 0.00223693 0.77436922 0.12982347 0.00765444]
[0.01335755 0.7249669  0.43956358 0.03537127 0.07332108]
[0.02239195 0.65847856 0.24281008 0.09044668 0.30054908]
[5.63025660e-05 2.73098999e-03 4.14293697e-01 2.77804414e-01
 5.03904367e-01]
[0.18068986 0.25301313 0.64435777 0.00407083 0.08902805]
[0.26421153 0.00854892 0.19670715 0.34570906 0.44349676]
[0.00961017 0.12915608 0.0808437  0.24826007 0.51302787]
[0.01200048 0.21175495 0.14021819 0.08600889 0.53710421]
[ 1.54912700e-02  4.81007891e-01  5.25236083e-01 -3.67531084e-04
  5.08180609e-03]
[0.14051157 0.05947492 0.21878233 0.08957534 0.50702727]
[ 0.0007187   0.00292192  0.20167186 -0.00122827  0.62324113]
[0.0113489  0.15060189 0.51944215 0.43014818 0.00108871]
[0.03318247 0.00082068 0.04788413 0.10040437 0.55443114]
[ 0.49547742  0.00959802  0.04289498 -0.00214495  0.43519669]
[6.17586541e-05 1.07020396e-02 4.91266818e-01 3.69517127e-01
 2.78458534e-01]
[0.04905527 0.22706202 0.14551813 0.13597577 0.50635099]
[0.01981124 0.02358288 0.63175991 0.10442737 0.12201588]
[0.05852448 0.15864775 0.07226608 0.70654817 0.00191506]
[0.01966436 0.17279901 0.59841961 0.10190605 0.23374592]
[0.00653959 0.00712172 0.24319282 0.3772514  0.43035954]
[0.19403879 0.85436468 0.07649954 0.47486642 0.00538362]
[0.0133739  0.00530095 0.26515375 0.08096155 0.51347252]
[0.56278479 0.13092456 0.24814124 0.2063737  0.25968288]
[0.48096365 0.01840563 0.25884247 0.33895352 0.28029604]
[0.08714458 0.05691035 0.54116728 0.18389258 0.28571736]
[0.19099812 0.17475772 0.39853426 0.01852742 0.44856207]
[0.51803006 0.83691542 0.00810143 0.01568008 0.06882017]
[ 0.56039966  0.0569622   0.40681116 -0.00204087  0.2492352 ]
[0.53800194 0.09220202 0.04205996 0.24625474 0.40879526]
[0.00110644 0.01585641 0.75162896 0.36665895 0.00289857]
[0.01796404 0.00636239 0.56348186 0.09269019 0.30882239]
[0.00381666 0.00399912 0.47382095 0.02739136 0.46579722]
[0.13931896 0.00626207 0.38668847 0.52517185 0.01895978]
[0.0561043  0.25966449 0.1437313  0.09966394 0.51409692]
[0.45463113 0.03384804 0.392395   0.394948   0.02789626]
[0.4083441  0.32423747 0.01589252 0.01878857 0.40463524]
[0.11002979 0.03492638 0.15961188 0.47878949 0.35459487]
[ 0.70496852  0.01597717  0.05398066 -0.00213786  0.18429619]
[0.02952895 0.01829055 0.54659605 0.05264506 0.39670478]
[0.01431243 0.24710175 0.39014556 0.485385   0.06168596]
[ 5.97579770e-02  2.65156377e-01  1.27473410e-02  6.41215475e-01
 -6.92209568e-05]
[0.31026857 0.23861462 0.07863288 0.3205209  0.4297282 ]
[0.36435361 0.91576717 0.04259914 0.41114057 0.00358237]
[0.10015916 0.00202132 0.35557399 0.00299369 0.5562499 ]
[0.37260029 0.14383829 0.51208319 0.28052316 0.01469045]
[ 6.36817319e-02  3.66602701e-01  4.78456235e-01 -9.78145733e-05
  3.06864387e-01]
[1.55010514e-04 8.50528814e-05 4.23454754e-04 7.27386058e-01
 2.43122254e-03]
[0.04132673 0.02148145 0.06733562 0.41023813 0.44108065]
[0.00235021 0.00903004 0.445243   0.37644605 0.3738552 ]
[0.1073778  0.09916523 0.4265777  0.4590718  0.23722889]
[0.43362303 0.21958653 0.00683243 0.15217204 0.44478405]
[-9.52183402e-05 -5.31289670e-04  7.78859109e-02  6.51798039e-01
  5.22633089e-01]
[0.20476829 0.90159964 0.08072895 0.15985898 0.00528423]
[0.81775449 0.24036483 0.0058545  0.06448858 0.097029  ]
[ 0.39680343  0.19367719  0.54024522 -0.00213749  0.34240971]
[0.00621637 0.00684331 0.45406417 0.28867387 0.35140351]
[0.73029386 0.26432757 0.02356061 0.04493664 0.12812962]
[1.22239386e-03 1.73111103e-03 1.22766047e-04 6.15798027e-01
 2.59510404e-01]
[0.66791564 0.04672547 0.29165157 0.00211011 0.05148389]
[0.23110563 0.08900857 0.30562109 0.25634659 0.44761345]
[0.0039488  0.00581238 0.12529286 0.00649114 0.58032351]
[0.08928177 0.07301542 0.18335365 0.38404448 0.45444667]
[0.11370866 0.19499407 0.13611002 0.02914524 0.53422247]
[0.51448137 0.28838374 0.39506297 0.08344937 0.02084476]
[0.3084728  0.08352535 0.23865838 0.53034194 0.09808507]
[1.30726672e-04 4.77390741e-03 2.53913518e-01 4.43303288e-01
 3.63595502e-01]
[0.28027314 0.10827828 0.43155591 0.3467102  0.3292473 ]
[0.02926684 0.84864195 0.09071489 0.0063148  0.17028802]
[0.03593746 0.62354501 0.46559255 0.14971285 0.00587355]
[0.61488522 0.66673102 0.06218161 0.0747727  0.00595965]
[ 7.48681643e-04 -2.66992584e-04  6.87460975e-05  7.50968630e-01
  1.40769153e-01]
[0.60306562 0.04050438 0.07173038 0.48058352 0.02696537]
[0.34917138 0.00795868 0.5979461  0.02388774 0.12217139]
[0.00819651 0.03649357 0.22619586 0.65240449 0.00468714]
[0.15361071 0.3011673  0.14416799 0.59868544 0.00177526]
[0.34151999 0.00900051 0.2581265  0.58234204 0.01653375]
[0.1936857  0.17769398 0.11798889 0.63405768 0.09076647]
[0.80483755 0.22847568 0.04706568 0.38357088 0.0033162 ]
[0.00396435 0.00454185 0.05930914 0.00955007 0.59627261]
[3.26112978e-02 4.20385518e-03 6.97046327e-01 1.14152810e-04
 5.23680670e-02]
[0.27324012 0.09222087 0.18983313 0.58789427 0.02224254]
[0.3132967  0.0521945  0.03866827 0.56163693 0.17836943]
[0.69528367 0.03121751 0.0415397  0.40752465 0.0509699 ]
[-8.34907209e-05  7.06540142e-04  2.83812499e-05  2.87391617e-01
  4.96433496e-01]
[0.07320809 0.5131523  0.02493458 0.63624548 0.03659744]
[0.05794071 0.09301431 0.53844631 0.37767664 0.09594841]
[0.00577483 0.00485657 0.61442793 0.01578399 0.42345503]
[0.01538463 0.58296888 0.28679976 0.06516989 0.39659827]
[-1.66242429e-04 -6.10505468e-04  7.14213391e-05  1.07871609e-01
  6.00190488e-01]
[0.02760696 0.00143697 0.55962424 0.47905542 0.02687872]
[0.41853516 0.15332829 0.00186451 0.56894758 0.04369035]
[ 1.60316526e-01  2.49450079e-01  4.68151967e-01  4.42389663e-01
 -5.03658931e-06]
[0.03291866 0.55335583 0.09150541 0.40434356 0.28435942]
[-1.61983986e-04 -5.16618952e-04  6.87332600e-05 -9.25866224e-04
  6.45400803e-01]
[0.33994132 0.11401606 0.11999377 0.6408973  0.0042549 ]
[-1.08781723e-04  2.38873857e-03  9.22536047e-01  9.10381654e-02
  7.71861899e-02]
[0.00998458 0.00607857 0.71123989 0.00423683 0.23334325]
[0.26090871 0.17451893 0.42279777 0.51466574 0.04317595]
[0.29041406 0.13441482 0.24953308 0.41827155 0.31066568]
[0.1136352  0.19320389 0.06757616 0.21551778 0.51327207]
[0.18831246 0.19733082 0.53022666 0.03652469 0.29828914]
[ 1.62723098e-01  7.38436756e-02  5.86252420e-01 -4.98591276e-04
  2.27160762e-01]
[0.71808727 0.02177569 0.07444507 0.04360748 0.03951282]
[0.40672188 0.13136513 0.32498061 0.24450132 0.30410538]
[0.07844762 0.02992367 0.1202993  0.55479319 0.30311221]
[0.03581482 0.37659591 0.02317905 0.62218516 0.09437454]
[0.39847894 0.05079583 0.3457809  0.51126828 0.22196919]
[0.50288648 0.12464077 0.01550953 0.01181568 0.4199724 ]
[0.03895323 0.02114243 0.23485906 0.57504615 0.17482726]
[1.24378041e-01 6.53028021e-05 4.75218826e-01 9.44727258e-03
 4.20987642e-01]
[0.04346993 0.02768933 0.03032863 0.6222436  0.1575394 ]
[0.19285348 0.08858253 0.34970236 0.14699606 0.44592446]
[0.00923226 0.42866875 0.22922237 0.20991801 0.46122159]
[0.00143152 0.05065706 0.73141878 0.0388977  0.00156162]
[-1.03863111e-04 -4.82120110e-04 -3.74822325e-05  7.88731086e-01
  7.79638540e-02]
[0.00435956 0.0058403  0.19287673 0.39682845 0.46695762]
[0.23354975 0.09932106 0.01704689 0.14831502 0.50704078]
[ 0.06062044  0.07287652  0.67550404 -0.00213732  0.18996985]
[0.44599789 0.07282531 0.18964798 0.56709207 0.08565295]
[ 7.94545430e-04 -8.33476030e-05  3.08689941e-02  7.20174883e-01
  4.77035960e-03]
[ 3.46981060e-04 -2.61415630e-04  2.39089472e-03  6.88641997e-01
  1.84783534e-01]
[0.0823289  0.05335867 0.29186058 0.32008461 0.4344877 ]
[0.20877883 0.11557184 0.03610339 0.56518971 0.22248414]
[0.00427522 0.07706561 0.21436831 0.08439505 0.53628457]
[0.04894195 0.00744304 0.07219832 0.63839882 0.23717771]
[ 1.49271220e-04 -4.72219119e-04  2.19289838e-01  2.14474662e-01
  5.64685919e-01]
[0.13452645 0.04282624 0.19510457 0.58569878 0.17290048]
[0.60430118 0.23998355 0.02554707 0.0036734  0.3171302 ]
[-1.36134636e-04  2.43851194e-03  5.67153082e-01  3.87973532e-01
  8.09510806e-02]
[0.0247353  0.68377282 0.49965234 0.09785053 0.06181495]
[0.04019481 0.57178246 0.46195149 0.00208679 0.10954239]
[2.03441127e-04 6.34467001e-03 3.99736702e-01 4.97392951e-01
 3.40349850e-01]
[0.0273712  0.01408096 0.11146552 0.66818284 0.00394444]
[0.23569882 0.01507956 0.19089413 0.5318823  0.3216268 ]
[0.58678157 0.42136627 0.24107629 0.07407943 0.00393398]
[0.26085413 0.32028837 0.09398875 0.64116355 0.01469273]
[0.26515629 0.11283523 0.0193596  0.07998718 0.50744802]
[0.17004363 0.06440461 0.32220982 0.38106773 0.36628652]
[0.45729388 0.21148435 0.1627736  0.53166094 0.00420608]
[0.30025023 0.1009296  0.45112929 0.16443911 0.30276848]
[0.17049678 0.06573211 0.01193234 0.564225   0.31141731]
[0.05319455 0.01902617 0.39361912 0.1527465  0.41578894]
[0.41985906 0.10683436 0.01932248 0.56592198 0.25583494]
[0.27794635 0.09339095 0.15635198 0.54934639 0.25648698]
[0.05781329 0.0780505  0.24623431 0.66078881 0.0039244 ]
[0.05174004 0.55923493 0.23194282 0.27045162 0.40490336]
[0.45576571 0.16792289 0.21069666 0.02076727 0.38060277]
[0.23823182 0.07996754 0.01396517 0.63619887 0.0551092 ]
[0.1870643  0.03870368 0.62650734 0.22737138 0.01824917]
[0.04609161 0.04533197 0.08348313 0.08080584 0.55574764]
[0.49120027 0.20986094 0.23599749 0.05038957 0.37953079]
[0.04319242 0.00130124 0.29273817 0.62839741 0.00634385]
[0.55813496 0.09128252 0.24525813 0.43530832 0.08517825]
[ 2.40879783e-03 -5.19301055e-05  5.51114357e-01  4.25950085e-01
  8.19864139e-02]
[ 4.04671623e-03 -3.57790438e-04  1.39896957e-01  5.44231739e-01
  2.97356494e-01]
[0.77905064 0.01961907 0.03382296 0.14608207 0.35065683]
[0.63086162 0.11098982 0.27120374 0.22227738 0.07747647]
[3.49839944e-02 5.41638768e-02 1.02784883e-01 7.01423290e-01
 2.22472980e-06]
[0.45878899 0.29102769 0.44301781 0.14434139 0.00063274]
[0.01074674 0.01378256 0.25082739 0.60161355 0.24032179]
[0.11872532 0.54929307 0.35075109 0.33119108 0.00233558]
[0.56780527 0.08702011 0.12195459 0.1241543  0.39985095]
[0.19312193 0.06560543 0.28364814 0.63230646 0.10934827]
[0.04558973 0.06431189 0.57754714 0.03789015 0.32477097]
[0.55938443 0.01844731 0.29644603 0.00875173 0.28850718]
[0.3648248  0.47321017 0.01738455 0.34316733 0.27133337]
[0.08327121 0.0452021  0.38290139 0.52788902 0.17327674]
[0.01360629 0.07276245 0.36059964 0.5541326  0.03443757]
[ 4.19040258e-02  6.49462862e-02  1.22693720e-01  6.91521202e-01
 -9.28365731e-07]
[2.40524538e-04 3.03119862e-05 5.58467895e-01 5.87506614e-01
 4.89919307e-02]
[0.04674575 0.34076928 0.0165343  0.42164647 0.48232967]
[0.23480334 0.05429061 0.52596824 0.24449639 0.25954826]
[0.00241763 0.10736109 0.0714053  0.6736213  0.0560725 ]
[0.04534339 0.32869407 0.02317916 0.49581697 0.30485388]
[ 2.04006292e-04 -4.71318940e-04 -4.48974181e-06  3.04655861e-01
  7.14102716e-01]
[ 1.28136002e-01  1.37185783e-01  2.54349526e-01 -4.72158582e-04
  4.97649571e-01]
[0.00593139 0.0083892  0.75898013 0.00869846 0.14121985]
[ 1.58281169e-01  2.77209307e-02  1.45644683e-01 -2.39194178e-04
  5.51523366e-01]
[0.35279072 0.23001526 0.21092163 0.45697888 0.21470366]
[0.02797098 0.20246228 0.26152192 0.56327364 0.21800293]
[0.16326241 0.0327008  0.45849955 0.5046649  0.1277476 ]
[0.01811813 0.27176222 0.2503913  0.6403964  0.00592084]
[0.00906052 0.15727342 0.28827458 0.35697142 0.38420217]
[0.24681321 0.42632988 0.01410776 0.2782835  0.42693215]
[0.01444863 0.00577012 0.28619782 0.03979938 0.53523852]
[0.4282752  0.0985461  0.29755231 0.52510523 0.08919115]
[0.23752416 0.15579398 0.23725021 0.52096719 0.17864646]
[0.04396265 0.73939624 0.1476449  0.11790944 0.32704536]
[0.2550112  0.08563893 0.11036843 0.4768953  0.38974035]
[0.68684176 0.5314363  0.03936863 0.15753511 0.02840531]
[0.17394865 0.02959371 0.31587159 0.37641056 0.37488847]
[0.56740041 0.01031052 0.29488502 0.23495043 0.02808668]
[6.41530047e-05 2.98795926e-02 6.40397133e-01 2.29589378e-01
 2.72424015e-01]
[0.03750771 0.65776856 0.44000379 0.1322362  0.05770731]
[ 0.52240657  0.05306008  0.07277588 -0.00206915  0.43445343]
[0.00921154 0.01175838 0.21554754 0.51671035 0.39924554]
[0.14382422 0.24451374 0.00565281 0.15974044 0.55748412]
[0.11429412 0.23668088 0.54461742 0.04265802 0.32439803]
[6.67174900e-04 1.18216729e-03 1.14555967e-03 7.10162786e-01
 2.77990326e-02]
[0.00838024 0.11986479 0.30214918 0.60060753 0.04072752]
[0.03705567 0.50454766 0.090393   0.43823897 0.32343129]
[0.05265566 0.24371419 0.15519071 0.09927003 0.50635859]
[0.28410271 0.10619958 0.00320145 0.04449065 0.5419068 ]
[0.04322059 0.12796672 0.36095703 0.52495596 0.24261352]
[2.22167782e-02 4.08819031e-01 2.69023815e-01 6.25650888e-01
 3.99130720e-04]
[0.06256198 0.07166472 0.40239208 0.14276533 0.43428801]
[0.32304674 0.09335937 0.25325484 0.556491   0.0961023 ]
[0.00213806 0.02788581 0.01839952 0.28139582 0.50582517]
[ 0.89935747  0.1258462   0.10501314 -0.00206474  0.06333122]
[0.0019498  0.00592236 0.71159051 0.00886029 0.26258269]
[0.00356141 0.00535957 0.48934313 0.42276254 0.43566597]
[0.08268195 0.13297232 0.52044543 0.37124463 0.11021236]
[0.04392932 0.00727498 0.02685135 0.02615182 0.6097946 ]
[0.02732348 0.0288161  0.05526012 0.51037952 0.40996248]
[ 0.71058966  0.07238763  0.0410105  -0.00204087  0.24896201]
[ 9.00652487e-03 -4.30233930e-04  7.80955494e-02  9.12616216e-03
  6.21917518e-01]
[0.233753   0.18501763 0.01229136 0.4007998  0.45652251]
[0.130325   0.03734871 0.22318897 0.38173573 0.47749513]
[0.03602231 0.26387054 0.02644731 0.68089741 0.19857854]
[4.34931254e-02 6.21304890e-01 4.99840288e-01 6.12530507e-04
 2.76622503e-01]
[0.0680455  0.39912548 0.59640728 0.02863016 0.01858729]
[0.01633457 0.40513558 0.24240979 0.20830445 0.45335183]
[0.59973359 0.12449443 0.26332354 0.19536855 0.20841205]
[0.09300754 0.04842106 0.07765167 0.24801948 0.49865838]
[0.18431959 0.16863114 0.38460944 0.02888088 0.43347671]
[0.04709743 0.03754194 0.38759928 0.54128171 0.0541346 ]
[0.2389833  0.08080617 0.36157711 0.14639937 0.41568713]
[0.42289958 0.01049147 0.01361425 0.00331719 0.54004618]
[0.02941208 0.40555622 0.07890978 0.33813244 0.40833982]
[5.47927735e-04 7.86869194e-04 1.01049036e-01 4.70285443e-02
 6.22758409e-01]
[0.52200958 0.0533827  0.0369159  0.00179013 0.41834774]
[0.0638657  0.3665476  0.4784383  0.00420502 0.30686947]
[0.06275908 0.3612965  0.47154181 0.1680403  0.31562136]
[0.02786202 0.00432149 0.54639916 0.35406935 0.10974207]
[0.02446628 0.00300735 0.52384297 0.45162569 0.1812391 ]
[0.01041831 0.48885463 0.05185819 0.30303765 0.44119857]
[0.08803033 0.11903701 0.37269083 0.55091543 0.0548864 ]
[0.04718657 0.31804029 0.42074475 0.05657621 0.38673367]
[1.80083313e-01 3.68132441e-04 6.87788685e-01 8.65824876e-03
 2.74941422e-02]
[4.31051316e-03 3.29125624e-04 4.70200294e-01 1.63242038e-01
 4.76746333e-01]
[0.160933   0.32431604 0.19875034 0.21754017 0.42151369]
[0.37632721 0.07604453 0.16666071 0.55377844 0.12011714]
[0.02627795 0.46628839 0.42830915 0.28821859 0.19532394]
[ 9.06210053e-02  9.82663082e-02  2.98961153e-01 -3.69344097e-04
  5.29498098e-01]
[ 3.14188986e-01  4.90091454e-01  4.15293185e-01  7.88374834e-02
 -3.97605282e-04]
[0.06469661 0.50779404 0.15930777 0.4758333  0.22353734]
[0.00762443 0.02911399 0.55220486 0.48483093 0.02680543]
[0.01735333 0.0070628  0.34321825 0.04815563 0.5080255 ]
[0.00502454 0.51162609 0.33846691 0.46899949 0.05757092]
[0.19896738 0.12795743 0.16937637 0.28602732 0.47632338]
[0.00362506 0.00089458 0.33200202 0.34999982 0.47790395]
[0.38528473 0.72441852 0.0396049  0.3659312  0.00514917]
[ 0.39969045  0.15544769  0.60796822 -0.00203042  0.05423807]
[0.00998521 0.71847338 0.47710744 0.01175308 0.06171285]
[ 2.86066487e-03  5.63114105e-04  1.93812144e-01 -4.09611590e-04
  6.26682397e-01]
[0.23449533 0.15790928 0.08312641 0.59923371 0.11885854]
[3.58533451e-01 6.96059150e-02 4.22140616e-01 4.48722436e-01
 7.00445909e-07]
[0.0774308  0.00520795 0.24036577 0.00929374 0.52745239]
[0.83121366 0.22811616 0.02628366 0.00131008 0.09295063]
[0.00097839 0.00131406 0.00446889 0.56975676 0.49503893]
[0.11937982 0.1022419  0.21062981 0.66454978 0.00549365]
[0.00453317 0.22873583 0.328822   0.27880952 0.46150689]
[1.72851400e-01 2.42021067e-01 6.57782334e-01 4.10299206e-04
 5.77486467e-02]
[0.01404003 0.02081692 0.43565565 0.03651638 0.4516753 ]
[ 9.26980517e-05 -6.07499397e-04  6.04788030e-02  6.09759923e-01
  3.27678231e-01]
[0.00519941 0.01489127 0.75683089 0.36921125 0.00100475]
[0.04731004 0.04373152 0.35856234 0.26834026 0.45673405]
[2.89356552e-02 1.79129441e-02 4.44233748e-01 5.69711737e-01
 7.27719927e-05]
[0.35021246 0.13516292 0.25293826 0.37516513 0.29281339]
[ 1.35864640e-01  1.87500461e-02  3.22656849e-01 -4.40205836e-05
  5.69514432e-01]
[0.45531203 0.42104371 0.01253817 0.25116729 0.30620829]
[0.56085807 0.0391399  0.24490703 0.21281987 0.24576301]
[0.01868794 0.13719773 0.47141534 0.00816046 0.41698553]
[0.10957516 0.22689815 0.54708691 0.04257744 0.32381391]
[0.06112558 0.03929021 0.05590646 0.51590082 0.35914825]
[0.10460697 0.65203113 0.08316714 0.44217814 0.04869819]
[0.00300637 0.00506583 0.10608799 0.00516713 0.58139912]
[0.01876275 0.25059166 0.1545526  0.12466419 0.52461215]
[0.03460371 0.04669582 0.530581   0.38954526 0.11115215]
[0.34386709 0.22412278 0.13637246 0.58976028 0.0240467 ]
[2.27952399e-01 4.07647974e-01 4.05733201e-01 6.27039639e-01
 3.87658856e-04]
[0.02477789 0.03354492 0.38208347 0.13479067 0.44644354]
[0.01051312 0.75585272 0.31295406 0.03170977 0.05651474]
[0.18293851 0.20862616 0.58326503 0.32101179 0.09114452]
[0.13505065 0.64721449 0.06147067 0.52509151 0.14364059]
[1.57124091e-04 6.20869072e-04 2.73549390e-02 6.74004931e-01
 4.61464089e-01]
[0.00436878 0.44073182 0.29161568 0.40497297 0.29030112]
[0.46143402 0.00347362 0.4415993  0.13252661 0.24424053]
[0.00969834 0.0486734  0.44704489 0.42942113 0.30228265]
[2.95983452e-02 4.19694723e-04 9.98907915e-01 1.60879907e-02
 1.25454648e-03]
[0.29374349 0.28647667 0.12334494 0.57647932 0.1237155 ]
[0.05795722 0.74588622 0.50015493 0.01917369 0.02770711]
[0.10068807 0.6071873  0.26900664 0.46126732 0.13563875]
[0.31681798 0.00278389 0.25974426 0.55650938 0.25158916]
[0.61212197 0.01363052 0.04883744 0.27925783 0.23637957]
[0.00651824 0.0109504  0.48875365 0.32669009 0.3166214 ]
[0.02585509 0.01178706 0.19711998 0.61178569 0.28724114]
[0.22135723 0.11610085 0.35747744 0.555375   0.1785387 ]
[0.75114917 0.34528536 0.49097558 0.04207798 0.00438662]
[0.7109659  0.30399491 0.34157194 0.07388813 0.00588643]
[ 2.65293922e-04  4.30486077e-03  1.49237345e-03 -4.51086178e-04
  6.45381100e-01]
[0.40089167 0.12732741 0.32837672 0.25178725 0.30459708]
[0.19282229 0.19734501 0.3806481  0.2205181  0.38373621]
[0.02888881 0.01554624 0.238277   0.57956018 0.18898241]
[0.30098396 0.40781492 0.22007397 0.47143506 0.00158435]
[0.0332118  0.5487212  0.42801319 0.03976355 0.34905878]
[0.61634502 0.1287199  0.2675631  0.16979821 0.14875487]
[0.02131391 0.01084955 0.1065592  0.63226668 0.16552906]
[0.02571306 0.61338919 0.47782437 0.22637409 0.04762416]
[0.07653703 0.14991843 0.07188485 0.70652079 0.00191547]
[-2.44722585e-05  2.22815942e-03  1.33824505e-01  5.96733907e-01
  3.68059741e-01]
[0.00245529 0.02889958 0.00106067 0.58836574 0.29801149]
[0.21844412 0.43018693 0.01135328 0.56853896 0.0436588 ]
[0.06856561 0.09919206 0.41635997 0.021216   0.446317  ]
[0.67722223 0.19957744 0.00170989 0.02909884 0.29095773]
[0.02861454 0.38037536 0.02873713 0.59327369 0.20028689]
[0.26579798 0.04697623 0.0370695  0.47782117 0.38444279]
[ 4.01703987e-02  2.50633593e-02  7.42464171e-01  7.22786303e-02
 -3.74327427e-04]
[0.21655589 0.627334   0.11620197 0.37317197 0.01769936]
[0.82271382 0.24182594 0.00545789 0.06489236 0.0976194 ]
[0.33283815 0.11194423 0.14404603 0.62299782 0.00565868]
[0.06332204 0.02506499 0.58836874 0.35524204 0.00268726]
[0.01011228 0.07248604 0.08884688 0.08664891 0.55421416]
[0.07102796 0.04427157 0.06965148 0.01723361 0.56498761]
[0.80811035 0.34264402 0.06729717 0.03734868 0.00387397]
[-3.86432246e-05  1.11128724e-02  3.21700085e-02  6.89375263e-01
  1.29281721e-01]
[0.19723478 0.07183346 0.13624036 0.03256832 0.54014987]
[0.25190018 0.13198001 0.32831319 0.54743686 0.1763259 ]
[0.04228272 0.24664614 0.22044131 0.60351849 0.08969516]
[0.03104609 0.02458707 0.25889153 0.65383748 0.00388817]
[0.07449222 0.03542388 0.11565453 0.7002872  0.00218446]
[0.36476839 0.03682766 0.12910651 0.24051635 0.50140762]
[ 0.03292796  0.00425037  0.70378012 -0.00203341  0.0528776 ]
[-6.80333682e-06 -5.00984986e-04  8.88124054e-04  7.03917473e-01
  1.88877550e-01]
[0.00921245 0.67485789 0.49229292 0.01680324 0.07124366]
[0.00685459 0.32011614 0.03435406 0.44651357 0.4542946 ]
[0.4297054  0.39826901 0.02446798 0.02101071 0.36291225]
[0.00637248 0.03263485 0.48489047 0.4647354  0.20447705]
[0.19433898 0.17829487 0.12412724 0.60532446 0.08531606]
[0.41659745 0.08690094 0.1841499  0.14986663 0.43813337]
[0.10984964 0.02894395 0.01391969 0.01032419 0.60635818]
[0.06041154 0.02168198 0.55624308 0.21891007 0.27615574]
[2.92006591e-01 5.65830206e-02 4.64896178e-01 4.48706889e-01
 6.86361133e-07]
[1.92599764e-02 8.40917003e-03 1.83743361e-01 8.36278042e-01
 5.42519369e-04]
[0.24234974 0.08189782 0.36394528 0.53663223 0.04109958]
[0.28724456 0.18495176 0.24449158 0.00650522 0.47581435]
[1.83586324e-01 8.47009566e-02 1.51017220e-02 8.32142579e-01
 5.37832224e-04]
[0.13151025 0.04554376 0.14464562 0.02548996 0.52918827]
[0.38538312 0.25131134 0.15502703 0.46539549 0.21864702]
[0.4204171  0.12330149 0.02567334 0.54941159 0.25467229]
[2.63113198e-03 6.54487062e-04 8.25525869e-01 1.38541369e-01
 4.04678463e-04]
[0.05151103 0.55644857 0.01768766 0.48678951 0.22405882]
[0.33333418 0.00267123 0.23909475 0.55577946 0.24370474]
[-6.86439586e-05 -5.56045235e-04  3.20665102e-03  9.95338152e-02
  5.91520715e-01]
[0.48561064 0.09945974 0.51022024 0.34374252 0.04637542]
[0.00475377 0.00568201 0.61750553 0.03871597 0.32271125]
[0.01729915 0.25956503 0.23917607 0.61162248 0.1572757 ]
[2.72189030e-04 1.35535209e-02 2.97652038e-01 5.42782615e-01
 2.45196489e-01]
[0.04604797 0.62896722 0.26711325 0.12235072 0.33382732]
[0.10168413 0.0271701  0.17353502 0.39111314 0.48558826]
[0.21625593 0.07253975 0.1825256  0.50713622 0.31555684]
[0.0049875  0.01336607 0.05919455 0.60969759 0.32764481]
[0.02023198 0.01073272 0.12244927 0.619053   0.17695903]
[0.32830476 0.12744324 0.45238226 0.37515545 0.1167241 ]
