[0.10826138 0.03603788 0.16251836 0.50065341 0.3806657 ]
[0.23802148 0.52739403 0.47703914 0.00173726 0.41652402]
[-3.95331420e-05  1.10336914e-02  3.19523820e-02  6.60716131e-01
  3.27307878e-01]
[0.00668259 0.01120355 0.62548243 0.11835736 0.32622429]
[0.00393109 0.18664299 0.09995727 0.43661331 0.46104057]
[0.01716982 0.07541538 0.60721458 0.2392791  0.30151489]
[0.7353038  0.38465898 0.37054246 0.34628982 0.05213984]
[0.42383744 0.0028938  0.09319685 0.41542594 0.49030077]
[0.00683536 0.01579552 0.80671517 0.15327131 0.18748631]
[0.6401773  0.02157595 0.47651359 0.03680264 0.35371855]
[0.18995988 0.03931169 0.60542465 0.21984269 0.31600942]
[0.27513108 0.04808371 0.0171017  0.4901626  0.47710404]
[0.07679683 0.08390031 0.4253215  0.09128457 0.44570457]
[8.33695342e-05 3.82256234e-03 1.21164254e-02 2.49983973e-01
 5.57150656e-01]
[1.86303388e-05 1.23908816e-02 3.56845134e-02 6.40703932e-01
 3.19771247e-01]
[0.19622255 0.09092474 0.01615318 0.87978714 0.00352448]
[0.37475914 0.28974777 0.67516766 0.26344997 0.03028309]
[0.00135177 0.00191228 0.04820774 0.11078505 0.67214093]
[0.03364212 0.12990955 0.04264096 0.48323389 0.46306405]
[0.15353405 0.05133992 0.23039627 0.49672501 0.30314456]
[0.02532298 0.69992158 0.35957667 0.46420852 0.06644117]
[0.0477233  0.01339686 0.11788768 0.17626466 0.56638724]
[0.30346479 0.23824569 0.36428296 0.01827779 0.54856983]
[0.00592059 0.01291572 0.59219072 0.29075061 0.40436764]
[0.2550112  0.08563893 0.11036843 0.4768953  0.38974035]
[0.11096776 0.03695263 0.16156843 0.5022871  0.38190387]
[0.24637002 0.10943581 0.01961961 0.87509713 0.00355819]
[0.01509766 0.03269508 0.65538818 0.3178541  0.02854707]
[0.00203603 0.00618811 0.74053387 0.2523256  0.37025082]
[0.04643845 0.04567642 0.08410944 0.08142779 0.5599173 ]
[0.78333985 0.51623294 0.13180948 0.08042329 0.00602007]
[0.02019341 0.34107669 0.64230156 0.0447888  0.32007353]
[0.46737245 0.21615712 0.16636093 0.54342155 0.17922212]
[0.11501173 0.15419086 0.42691357 0.64297794 0.06401338]
[0.09684443 0.03499146 0.68819124 0.09750055 0.13510267]
[ 8.93783963e-05 -3.48535873e-04  9.56305131e-02  4.51615539e-02
  5.91142368e-01]
[0.00407994 0.00468592 0.06096873 0.00987717 0.61295352]
[0.27977527 0.15079302 0.11350538 0.74116492 0.10368012]
[0.48300015 0.03348076 0.39670004 0.49466482 0.13411399]
[-3.51903269e-05  1.14200962e-02  3.30144036e-02  7.07495476e-01
  2.10155770e-01]
[0.23121617 0.07759627 0.16058652 0.49701538 0.30348791]
[1.90884641e-01 2.21377216e-01 2.39246715e-01 1.21945572e-04
 5.80505601e-01]
[0.41659745 0.08690094 0.1841499  0.14986663 0.43813337]
[0.19290888 0.20600697 0.38597881 0.32680809 0.42855608]
[0.59906958 0.14375179 0.50347391 0.0079455  0.27524647]
[0.27640448 0.80363079 0.14877086 0.48524206 0.02979058]
[ 5.43243135e-04 -5.15806160e-04  3.68690660e-05  3.28715347e-01
  5.67340234e-01]
[0.08581949 0.17547802 0.08926924 0.44662609 0.46673825]
[0.00590491 0.59843278 0.39742783 0.42394433 0.06167327]
[0.15737799 0.02531897 0.61500944 0.50967437 0.15224041]
[0.39203218 0.00263084 0.12943775 0.40623749 0.47416146]
[0.00996029 0.00474983 0.03772467 0.76256731 0.12741646]
[0.00391586 0.18594783 0.09958599 0.43677966 0.4609276 ]
[0.13386434 0.08696738 0.47455586 0.51093984 0.24325942]
[0.40478641 0.31929264 0.21683284 0.01850736 0.55473907]
[0.02933658 0.43863229 0.56029892 0.32981855 0.32566093]
[0.24703914 0.39034111 0.02601683 0.4417413  0.50664946]
[0.52088272 0.01750878 0.38956863 0.52531786 0.1547787 ]
[ 8.41195426e-02  1.64727640e-01  1.52705887e-01 -1.90713066e-04
  5.98716246e-01]
[0.24248439 0.2081535  0.44161215 0.05992258 0.407728  ]
[0.23821542 0.45704311 0.0713409  0.64000885 0.04854906]
[0.00923226 0.42866875 0.22922237 0.20991801 0.46122159]
[0.01669652 0.01889416 0.50669607 0.02946939 0.49859082]
[0.02893609 0.08402602 0.63265807 0.4287236  0.02628876]
[0.26003647 0.51835543 0.31832811 0.34858819 0.01793862]
[0.12396022 0.98693023 0.11658264 0.55446421 0.01841138]
[0.02457513 0.02909851 0.75807855 0.12574196 0.14696876]
[0.00484779 0.00741791 0.65804028 0.19151259 0.3267918 ]
[0.23860116 0.21357817 0.44145032 0.05975284 0.40244124]
[0.11426671 0.79031339 0.15500592 0.40541948 0.14538771]
[0.0640562  0.12059521 0.67921402 0.04400634 0.31473124]
[0.09711799 0.02022198 0.21673452 0.44741979 0.43564629]
[0.67381859 0.13590673 0.05362032 0.04105001 0.52409002]
[ 0.07225525  0.07109521  0.13055357 -0.00099097  0.67667467]
[0.55604839 0.29620155 0.13430013 0.34905043 0.12559816]
[0.07375721 0.33912358 0.03831285 0.16991971 0.55959858]
[0.00142831 0.00100949 0.01804501 0.07513871 0.78786432]
[0.38451437 0.60775315 0.04003688 0.00898047 0.52845481]
[0.00588829 0.00179761 0.74139947 0.25262303 0.36190875]
[0.43800101 0.02304138 0.22685461 0.59070849 0.25048215]
[0.0034872  0.00360055 0.60767793 0.7438469  0.21811139]
[2.26303557e-04 6.32584709e-03 1.89873083e-02 2.64462470e-01
 5.51168499e-01]
[ 4.78718304e-04 -4.44211520e-04  3.79017707e-05  3.04953531e-01
  5.26566238e-01]
[0.01227753 0.01489656 0.01316611 0.0044082  0.62235176]
[0.0049875  0.01336607 0.05919455 0.60969759 0.32764481]
[0.40615324 0.26488266 0.16338143 0.48980874 0.23025855]
[0.32578267 0.25804756 0.12644208 0.591002   0.12417184]
[0.01877228 0.71006389 0.30201829 0.07703898 0.46659337]
[0.25381677 0.13636864 0.40967422 0.29374671 0.43555105]
[0.19099812 0.17475772 0.39853426 0.01852742 0.44856207]
[0.02166638 0.79679522 0.38929423 0.06196226 0.07766754]
[0.53809705 0.36045562 0.07958739 0.59190813 0.04448456]
[0.11397385 0.03619829 0.16532635 0.49600233 0.37898355]
[0.30400016 0.15424374 0.07087094 0.7717071  0.01595686]
[0.15847287 0.1879981  0.02340572 0.86917171 0.00348969]
[0.21625593 0.07253975 0.1825256  0.50713622 0.31555684]
[0.15869261 0.02396844 0.23332063 0.48332791 0.3956454 ]
[0.160933   0.32431604 0.19875034 0.21754017 0.42151369]
[0.28027314 0.10827828 0.43155591 0.3467102  0.3292473 ]
[0.02037124 0.04145335 0.45863789 0.22866467 0.44177111]
[0.4204171  0.12330149 0.02567334 0.54941159 0.25467229]
[0.01440392 0.21644599 0.19952838 0.630412   0.15580181]
[0.03097467 0.08576042 0.5454744  0.00407339 0.61624539]
[0.21514673 0.0836831  0.03227897 0.49071196 0.50636961]
[0.10695631 0.25900523 0.45706605 0.5288289  0.22731279]
[0.00257544 0.02694564 0.56958478 0.05762583 0.49564898]
[0.02520494 0.04619396 0.08123682 0.46010008 0.48573082]
[0.0676167  0.06347744 0.3502387  0.26974272 0.44727723]
[0.00961017 0.12915608 0.0808437  0.24826007 0.51302787]
[6.31777788e-04 8.03977575e-03 6.75961796e-01 4.54615954e-01
 1.08017815e-01]
[0.69617236 0.02311829 0.42349954 0.00811457 0.1246469 ]
[-5.90755212e-05  7.04627763e-03  3.76071600e-02  6.57926805e-01
  3.28346063e-01]
[0.00320936 0.02640543 0.0133298  0.63075697 0.31235876]
[0.10068807 0.6071873  0.26900664 0.46126732 0.13563875]
[ 0.53635852  0.00354646  0.58455385 -0.00213566  0.21528094]
[0.01933966 0.01259971 0.19857871 0.69692643 0.17664184]
[0.03606818 0.02306504 0.69308878 0.1477348  0.27421242]
[0.03895323 0.02114243 0.23485906 0.57504615 0.17482726]
[0.64012374 0.02157409 0.4764821  0.03679965 0.35397189]
[ 1.18119416e-02 -3.79740591e-04  1.27904325e-03  8.46783775e-01
  2.59524347e-01]
[0.03316061 0.4946103  0.48726175 0.19635181 0.30264238]
[0.0027735  0.02240588 0.19095168 0.59868448 0.30894908]
[0.13879074 0.02856722 0.44247394 0.57341429 0.09029158]
[0.25190018 0.13198001 0.32831319 0.54743686 0.1763259 ]
[0.00253754 0.00420975 0.25281249 0.56166778 0.36158491]
[0.0010005  0.0020326  0.13907147 0.62020526 0.39015668]
[0.05677889 0.95495155 0.04321642 0.05036586 0.35815131]
[0.41045874 0.31727175 0.28621431 0.43159354 0.20917708]
[0.0471149  0.75137388 0.09550973 0.62506615 0.24553036]
[0.30748288 0.28236282 0.43304545 0.01456813 0.39074427]
[0.02576624 0.68283311 0.53175895 0.25315814 0.05232523]
[0.00528664 0.07893228 0.01005868 0.69084605 0.34548364]
[0.29828231 0.46320559 0.43723154 0.43957308 0.0323875 ]
[0.0293899  0.45254403 0.57539533 0.33920535 0.21883885]
[0.12208371 0.02897952 0.10008046 0.59963481 0.42488504]
[ 1.35864640e-01  1.87500461e-02  3.22656849e-01 -4.40205836e-05
  5.69514432e-01]
[0.00737754 0.00808862 0.03297793 0.70746888 0.21014788]
[0.00724857 0.02072667 0.50335824 0.02067838 0.56417377]
[ 1.29514837e-03 -4.14691275e-04  1.32482006e-04  8.57440321e-01
  1.89374383e-02]
[0.35741305 0.18328094 0.63670212 0.11865726 0.13297517]
[0.03700617 0.6231812  0.5009112  0.00169163 0.32777015]
[0.01388947 0.18308535 0.63104397 0.1036708  0.29296012]
[3.83771861e-04 2.09845961e-04 4.79632963e-02 1.20863856e+00
 9.64184291e-02]
[0.00662094 0.01447113 0.7692536  0.37530639 0.016226  ]
[0.34297745 0.46333741 0.03319145 0.19974688 0.52266876]
[0.14685091 0.04908104 0.22037615 0.6795951  0.13007057]
[0.70806455 0.14374449 0.59136358 0.00585871 0.14385163]
[0.07530371 0.03568501 0.32379246 0.6742207  0.0802503 ]
[0.0033859  0.01299174 0.62820991 0.1188828  0.32764847]
[0.77672082 0.33853746 0.09509912 0.24016872 0.01157111]
[0.00817938 0.0139381  0.32225002 0.04643932 0.55696533]
[0.60885545 0.09810686 0.04243994 0.79437806 0.06119408]
[0.15359836 0.66059554 0.80727542 0.00590126 0.00812225]
[ 0.77289391  0.07916374  0.05930303 -0.00203108  0.05393676]
[0.63631748 0.02144221 0.4736493  0.2454888  0.22960411]
[0.12601966 0.02993221 0.1033043  0.59843359 0.42496215]
[0.36229793 0.28515831 0.30855005 0.01733892 0.55954432]
[0.03876794 0.02417076 0.71665032 0.06969108 0.00451427]
[0.35900652 0.18410041 0.63953964 0.1191956  0.12246669]
[0.06238653 0.10752461 0.44561672 0.0860184  0.46552016]
[4.92841018e-04 5.17777848e-04 3.04657890e-05 2.94644649e-01
 5.08879373e-01]
[0.38234258 0.25504168 0.3984502  0.03599982 0.39856702]
[ 1.95599847e-01  2.27219712e-01  2.45354526e-01 -5.06333143e-04
  5.95326399e-01]
[ 4.32033815e-04 -9.34663109e-05  1.05171526e-01  1.03216011e-02
  6.06232148e-01]
[0.0039488  0.00581238 0.12529286 0.00649114 0.58032351]
[0.08740351 0.05667844 0.30981656 0.33990558 0.46123851]
[0.01486596 0.26233592 0.11722102 0.10171292 0.5577481 ]
[0.30095962 0.29352522 0.12637463 0.59068574 0.12553513]
[0.51280106 0.10110373 0.06649348 0.70613982 0.05369764]
[0.53262641 0.35491973 0.62499061 0.11310943 0.00939464]
[0.00744995 1.04302464 0.017864   0.14386858 0.26643055]
[0.54692727 0.03799147 0.23882053 0.47407865 0.12674092]
[0.25767535 0.48904162 0.45635883 0.0067067  0.41275048]
[0.06796779 0.06302436 0.35650411 0.27033504 0.45635698]
[0.03219351 0.02462205 0.26119677 0.73439379 0.04878557]
[0.83569706 0.22678519 0.41160304 0.15040201 0.01423838]
[0.00364812 0.09428139 0.02968929 0.78723316 0.14521902]
[0.29950161 0.11574427 0.46114907 0.27197362 0.32582453]
[ 8.68017953e-04 -5.91668704e-04  4.60858688e-03  8.16001871e-01
  2.50081386e-01]
[0.32585551 0.93956447 0.17411668 0.01597118 0.0307409 ]
[0.0055326  0.00060928 0.00402715 0.09974625 0.59378249]
[0.04905527 0.22706202 0.14551813 0.13597577 0.50635099]
[0.34440119 0.11626641 0.51671723 0.37385383 0.12969528]
[0.00417498 0.00439116 0.53524498 0.66286729 0.19344817]
[0.0672732  0.72675788 0.30136349 0.3521111  0.10011924]
[0.00285005 0.02300444 0.1959187  0.61430886 0.30475924]
[0.06525616 0.18125241 0.31478378 0.37147684 0.42989427]
[ 4.12093717e-04  4.13229866e-02  3.05112861e-02 -9.73820217e-04
  6.51318814e-01]
[0.54534801 0.00988614 0.28206573 0.22547531 0.23077529]
[ 1.71231470e-01  1.65178588e-02  1.55468159e-01 -1.05311819e-04
  5.90184513e-01]
[0.03603285 0.02245944 0.69890716 0.14898584 0.27650457]
[0.04630011 0.73841613 0.09386302 0.63555611 0.24545024]
[4.92073766e-02 1.79915524e-02 5.16983306e-04 3.43788677e-02
 6.52133381e-01]
[0.11344763 0.03602859 0.16409048 0.49271478 0.38173333]
[0.11926568 0.02446736 0.3983216  0.1438272  0.45863459]
[0.53228011 0.15813495 0.03385137 0.10394644 0.45200851]
[0.07384617 0.02652279 0.67788915 0.12084855 0.13333309]
[0.26480395 0.04679837 0.01899147 0.47217321 0.42618809]
[0.07384446 0.20140127 0.0115334  0.99800828 0.00400235]
[0.09968071 0.0912297  0.49355272 0.0128173  0.43350497]
[ 2.65293922e-04  4.30486077e-03  1.49237345e-03 -4.51086178e-04
  6.45381100e-01]
[0.03402241 0.51335921 0.50978594 0.05491929 0.30275541]
[0.73633789 0.38268265 0.37064426 0.34637883 0.05201107]
[0.46217105 0.24675458 0.48619889 0.45434521 0.04540011]
[0.06373678 0.11780017 0.00818367 0.0193242  0.62596595]
[0.04481035 0.02855861 0.03624506 0.67376093 0.16288407]
[0.15543088 0.04985804 0.23247951 0.49530561 0.30314456]
[1.72851400e-01 2.42021067e-01 6.57782334e-01 4.10299206e-04
 5.77486467e-02]
[ 0.71249094  0.02147868  0.05456584 -0.00213772  0.18629645]
[0.51421738 0.10739912 0.06846613 0.16765126 0.51791893]
[0.50681316 0.00296704 0.55235863 0.15517752 0.2854472 ]
[0.20092267 0.27322291 0.56686817 0.43697933 0.03219493]
[0.04499271 0.05864052 0.58977651 0.39340291 0.26532124]
[0.49582972 0.45439667 0.02811091 0.02445137 0.41044595]
[0.57784961 0.62653098 0.37077878 0.07846641 0.0062654 ]
[0.93792265 0.42381351 0.11735724 0.53553533 0.00535548]
[0.61041611 0.22629669 0.06701269 0.51143161 0.14983058]
[0.10361132 0.01257136 0.70453223 0.09073772 0.01789135]
[0.68400297 0.13496981 0.04955795 0.0416468  0.51839334]
[0.07381963 0.13519418 0.04536232 0.71104185 0.12656553]
[0.03853664 0.2822443  0.11936467 0.61891559 0.09114508]
[0.00979827 0.45451029 0.24293216 0.12367396 0.45451148]
[0.01186342 0.02282283 0.09138792 0.0436101  0.57944198]
[0.78923899 0.21193422 0.05086927 0.14237221 0.17431007]
[0.61020901 0.40596705 0.61559176 0.12011675 0.00869887]
[0.0222205  0.01560097 0.73432247 0.08386907 0.25443803]
[0.0393009  0.66020555 0.1267595  0.48442539 0.34252771]
[0.03523863 0.03896293 0.73468266 0.04371223 0.20646423]
[0.04682608 0.01302766 0.11562182 0.17283703 0.57021512]
[0.04737748 0.00050492 0.21048046 0.49068804 0.37479622]
[0.23100577 0.00287846 0.02348429 0.87208984 0.00350275]
[0.35000975 0.53282347 0.20782615 0.64385383 0.00410095]
[0.32559999 0.12562549 0.40479113 0.34918374 0.33197395]
[0.00530144 0.00569554 0.02389214 0.84152586 0.21565506]
[0.15214816 0.03464027 0.48675127 0.5315985  0.09029458]
[0.00266905 0.00918369 0.09326966 0.57728403 0.50441649]
[0.00863787 0.01880078 0.58645985 0.01044976 0.4175183 ]
[0.00475359 0.00726718 0.64568673 0.18787721 0.40638997]
[0.03680065 0.02595062 0.78073316 0.08664163 0.20113895]
[0.00969834 0.0486734  0.44704489 0.42942113 0.30228265]
[0.64260615 0.02166011 0.47832122 0.00695636 0.35463626]
[0.05025292 0.22738775 0.35428793 0.57252479 0.2590552 ]
[0.42778903 0.21446707 0.54993905 0.43035859 0.03167599]
[4.94111451e-04 4.00081227e-02 2.64335125e-02 7.07931773e-01
 1.86895017e-01]
[0.0952597  0.19475781 0.11906054 0.62305885 0.26679336]
[0.32867182 0.21425582 0.13221594 0.56464363 0.23087623]
[3.21200445e-05 8.63507802e-03 1.94601563e-01 4.67183056e-01
 4.34034846e-01]
[0.20689772 0.16217025 0.42942567 0.01020751 0.54065383]
[0.37697178 0.59582482 0.0392508  0.00886519 0.5358174 ]
[0.00729541 0.00756635 0.65102597 0.13721928 0.34091559]
[0.07757118 0.03640074 0.12054525 0.72931408 0.00088868]
[0.32767761 0.21820442 0.61314331 0.17628736 0.25052912]
[0.0379815  0.63907115 0.49837557 0.04665305 0.31442885]
[0.27260394 0.29519661 0.49801098 0.07204944 0.28914874]
[0.20184122 0.20407994 0.39239419 0.22803528 0.39670472]
[0.00221161 0.00672922 0.79946665 0.01021994 0.29505756]
[0.45878899 0.29102769 0.44301781 0.14434139 0.00063274]
[0.02174239 0.01690756 0.18111573 0.42928237 0.43988872]
[-1.49989315e-04 -5.77533515e-04  1.01316891e-03  1.22423471e-01
  6.79652946e-01]
[ 4.19040258e-02  6.49462862e-02  1.22693720e-01  6.91521202e-01
 -9.28365731e-07]
[0.6051014  0.5639985  0.04687201 0.03169755 0.21353096]
[0.0604915  0.03308051 0.29924622 0.69847832 0.02126178]
[0.09476541 0.66932714 0.35189936 0.01563868 0.38855942]
[0.01104054 0.06931979 0.08530789 0.08141366 0.56473134]
[0.03589192 0.07388536 0.02652646 0.70438589 0.25660109]
[0.01822656 0.30542138 0.58025107 0.25430409 0.31178407]
[0.0019986  0.00214277 0.05819595 0.02547187 0.64921592]
[0.18097162 0.05356319 0.44666173 0.67361101 0.06922135]
[0.00831056 0.38658866 0.20674755 0.27946203 0.46154627]
[0.4323035  0.3341826  0.11046154 0.43226037 0.29199633]
[0.01360231 0.01594803 0.71069514 0.08108347 0.29326624]
[0.00832621 0.01815959 0.5668012  0.42025911 0.45471263]
[0.08996597 0.0813782  0.50789674 0.02124235 0.36088403]
[0.09590389 0.02719728 0.36501247 0.42359385 0.49609018]
[0.26008484 0.2328501  0.48117513 0.17834862 0.32227645]
[0.04998001 0.04772174 0.00511036 0.9753379  0.01865082]
[0.02625186 0.46582784 0.42841496 0.28813155 0.19583706]
[0.00780152 0.01396992 0.31851258 0.05927527 0.5542348 ]
[0.04088761 0.0209941  0.03418583 0.27568304 0.50500001]
[0.56532429 0.62107734 0.07722325 0.47937591 0.01097775]
[0.0064216  0.00294032 0.79632823 0.20367318 0.15761786]
[0.44619719 0.07285811 0.18973272 0.56734635 0.0872181 ]
[0.01192515 0.28465636 0.44883991 0.5328771  0.06926121]
[0.0278828  0.77026301 0.36911236 0.49152415 0.03907264]
[0.016389   0.08383796 0.37465568 0.69345785 0.06933808]
[0.45298784 0.20801601 0.91443382 0.04823849 0.00505443]
[0.01192536 0.0030293  0.03864446 0.75054959 0.15392005]
[0.43545517 0.07108744 0.48214134 0.50809623 0.15176974]
[ 1.26160908e-03 -4.19201579e-04  3.46643555e-04  8.66999283e-01
  1.91525639e-02]
[0.04608514 0.02083388 0.44350873 0.60790984 0.16846608]
[0.05062644 0.34118622 0.45131036 0.06084194 0.41485446]
[0.81457729 0.5368388  0.13692192 0.07065947 0.00571814]
[4.67615166e-05 1.43257422e-02 7.34072594e-02 6.17503798e-01
 3.09979750e-01]
[0.42104884 0.26988056 0.68924904 0.13698929 0.01082922]
[0.12030721 0.11329359 0.62251966 0.13660229 0.30720475]
[ 0.03821235  0.02446595  0.73410097 -0.00113405  0.20714161]
[0.17252282 0.41508254 0.35056967 0.52882185 0.22730977]
[0.02958943 0.52987682 0.24170374 0.52474604 0.29267909]
[0.67269792 0.3650066  0.24175921 0.34658623 0.05376867]
[0.33970965 0.39081405 0.23301652 0.63065663 0.0657977 ]
[0.00343533 0.00085442 0.52082968 0.17952629 0.50378335]
[0.0020402  0.01658494 0.00797271 0.21237139 0.53821318]
[ 8.83858282e-04 -2.16283202e-04  8.69216486e-05  8.61733805e-01
  1.61072967e-01]
[-8.38262720e-05  1.11596170e-02  3.32476263e-02  6.85961878e-01
  3.04033049e-01]
[0.10946257 0.08679422 0.22230753 0.38022002 0.47560822]
[0.5813807  0.00295294 0.07926796 0.75679261 0.05989265]
[0.01919272 0.05676607 0.17035939 0.67091636 0.28080199]
[0.17043082 0.13482163 0.70418906 0.03067513 0.12387577]
[0.0335182  0.05762314 0.52478866 0.35290229 0.32033745]
[0.00776433 0.00896902 0.00123851 0.82098744 0.25162586]
[3.28714489e-02 7.24096547e-04 2.70419496e-02 7.30956000e-01
 2.69053185e-01]
[0.31146102 0.55580319 0.48273849 0.0587884  0.03944965]
[0.00244346 0.00080505 0.0049077  0.02589353 0.58317169]
[0.22135723 0.11610085 0.35747744 0.555375   0.1785387 ]
[0.08295632 0.01657448 0.69070987 0.00385353 0.20909687]
[0.00998521 0.71847338 0.47710744 0.01175308 0.06171285]
[0.00361968 0.00634858 0.01894073 0.72161701 0.42326552]
[0.41484213 0.08653236 0.18219142 0.14904959 0.43998215]
[0.87434668 0.25703799 0.04212883 0.06918843 0.25509141]
[0.03712803 0.0244858  0.23383746 0.57516952 0.17418041]
[0.33966972 0.39059452 0.23825619 0.03031661 0.49863349]
[0.0020291  0.09980727 0.61543893 0.22288036 0.26398243]
[0.00559084 0.02142605 0.73318249 0.13912773 0.00853657]
[0.00513445 0.00224162 0.05264226 0.01087647 0.59298354]
[0.03313687 0.00148847 0.65799587 0.31304364 0.02844272]
[0.1571275  0.05711459 0.17354919 0.03199092 0.5311601 ]
[0.04843549 0.09043413 0.46720548 0.20825654 0.446171  ]
[0.45132059 0.00773057 0.23351654 0.60811448 0.25784813]
[0.14700643 0.68831074 0.55087807 0.26233669 0.05422102]
[0.5840832  0.35072662 0.31801762 0.07809739 0.05672932]
[0.03432379 0.04357302 0.08297083 0.71652996 0.26615724]
[0.02834458 0.78295237 0.52026594 0.10786594 0.06804674]
[0.69652726 0.82353397 0.19300244 0.05404732 0.11212082]
[0.58684746 0.10076449 0.08801691 0.43364007 0.50723259]
[0.15168564 0.66519121 0.19942822 0.2335886  0.29979518]
[0.01507829 0.58757299 0.84062197 0.24238978 0.00854885]
[0.89628364 0.1965704  0.14833865 0.03336328 0.13463774]
[0.00253338 0.00210804 0.24607755 0.87503893 0.12204264]
[0.75685341 0.39639633 0.42121882 0.01611432 0.11406173]
[0.26175087 0.10135425 0.8727417  0.1016134  0.17175323]
[0.4790744  0.25118592 0.50300374 0.12969349 0.18381615]
[0.16472771 0.02786564 0.46143113 0.37995684 0.44469847]
[0.0099562  0.02170624 0.67424316 0.03935707 0.42333287]
[0.35329546 0.13722134 0.79161742 0.18579779 0.1446486 ]
[0.00358878 0.01740273 0.11105517 0.3313248  0.58486035]
[0.20378052 0.41739043 0.15461658 0.26601543 0.55467872]
[0.12757038 0.05812162 0.04499049 0.69159148 0.17242526]
[ 1.27694823e-02 -2.94125398e-04  5.72423418e-02  1.31975487e-01
  5.92182606e-01]
[0.19618481 0.2571571  0.70382904 0.00278434 0.34456884]
[0.03854338 0.02468406 0.76336086 0.11521452 0.26621625]
[0.00160369 0.03597334 0.68117756 0.46588572 0.15716334]
[0.04093523 0.32728398 0.41840459 0.33796362 0.52632985]
[0.22192835 0.17138986 0.39992986 0.15518448 0.54567952]
[0.2838837  0.29047681 0.40534815 0.6943166  0.03177419]
[0.11383158 0.91777229 0.35920626 0.55877346 0.01974746]
[0.39080038 0.46187996 0.11410451 0.65316875 0.09842533]
[2.32439864e-02 7.32298485e-04 1.05667032e-01 8.58508302e-01
 3.57088655e-02]
[0.7172253  0.1441101  0.10627269 0.33317126 0.09231669]
[0.0761476  0.12307952 0.11177903 0.01107932 0.59498197]
[0.00169988 0.01964242 0.41825069 0.44083448 0.52201897]
[0.3728966  0.16952263 0.05121887 0.89449969 0.00905945]
[0.00216238 0.00316906 0.00336356 0.20107699 0.70827729]
[0.36611068 0.43182769 0.40034178 0.11957509 0.31155565]
[0.03254738 0.14626244 0.65604405 0.44283125 0.07486424]
[0.16932149 0.3326561  0.07309311 0.01277867 0.62446231]
[0.47197455 0.4035841  0.04329596 0.11212096 0.48766729]
[0.62670658 0.34001616 0.22523093 0.32682722 0.09626464]
[0.45416342 0.10823152 0.10022495 1.07244793 0.00506344]
[0.20078393 0.24675008 0.43275618 0.18353556 0.47012069]
[0.31015205 0.16498464 0.07490373 0.73406343 0.14715281]
[0.45312603 0.13293818 0.02767421 0.59049249 0.36076842]
[0.10485306 0.08127396 0.77394743 0.19682727 0.05429639]
[0.50517394 0.25335828 0.64939061 0.49796457 0.04301958]
[0.45803024 0.38154482 0.71542091 0.02437899 0.07453293]
[0.06908274 0.12303907 0.1287392  0.70226322 0.10314985]
[0.01531402 0.40788695 0.76687086 0.27419117 0.07206171]
[0.10642205 0.00416028 0.04491988 0.86073505 0.03580231]
[0.14742655 0.25690045 0.21031466 0.65315036 0.11156235]
[0.03905792 0.65613768 0.33955407 0.50755671 0.37502911]
[0.56717601 0.64769303 0.11545367 0.07396489 0.07399737]
[0.47321732 0.56402587 0.03158319 0.63940214 0.3375183 ]
[0.28992381 0.09754977 0.11539869 0.49383707 0.41215816]
[0.01525745 0.33577492 0.6277797  0.59482312 0.1582314 ]
[0.71764452 0.02426015 0.27028096 0.01765002 0.3330372 ]
[0.75550665 0.19177115 0.58977129 0.209547   0.01489835]
[0.29007962 0.7819841  0.43547572 0.00579262 0.10539085]
[0.36265723 0.40469084 0.56244714 0.04120289 0.20386357]
[0.1160648  0.22804424 0.14561375 0.01027922 0.58217535]
[0.0947548  0.02686468 0.58634858 0.1486428  0.54006383]
[0.01682342 0.00551183 0.77464995 0.3889092  0.30268237]
[0.21450932 0.73998029 0.33401686 0.08203906 0.17738521]
[0.09395742 0.08500891 0.53039003 0.02227824 0.37688289]
[0.05210655 0.2357693  0.36826136 0.59483847 0.27714862]
[0.00989676 0.13295854 0.08942567 0.26964297 0.54649545]
[0.51967533 0.53286421 0.3869479  0.0615759  0.07719703]
[0.14233093 0.26892501 0.58497565 0.55412308 0.14741581]
[0.03246331 0.95268261 0.35121987 0.57564016 0.083775  ]
[0.40510815 0.18275006 0.05277225 0.97759296 0.00737187]
[0.60464378 0.09742418 0.07679308 0.79396031 0.06116178]
[0.6126099  0.91984326 0.5911781  0.00141064 0.13078244]
[0.29853582 0.09050876 0.07430078 0.4755634  0.48263403]
[0.73613224 0.01355758 0.38073083 0.29101916 0.27947621]
[0.13494029 0.12699311 0.69872633 0.14342076 0.2553303 ]
[0.23690475 0.253088   0.47133651 0.17871798 0.45117238]
[0.40977563 0.92858933 0.14169234 0.41457306 0.03785113]
[-4.88474207e-05  1.61831173e-03  1.69873145e-01  3.22787023e-01
  6.65819032e-01]
[0.08457568 0.19868904 0.0939701  0.62578057 0.38098634]
[0.00398365 0.00586626 0.1263474  0.00656384 0.58520916]
[0.21727865 0.46653361 0.41906878 0.03797371 0.4192099 ]
[0.21360466 0.74159616 0.33453977 0.08217084 0.1725995 ]
[0.01110367 0.05569167 0.51071248 0.4908775  0.34538616]
[0.03962704 0.08254323 0.02953876 0.78445331 0.28572632]
[0.14112359 0.1566517  0.42190971 0.23480736 0.50616579]
[0.41399574 0.15173302 0.73723468 0.2783059  0.01131153]
[ 0.07207533  0.07091319  0.13022604 -0.00084976  0.67498135]
[0.66624877 0.6419626  0.40025441 0.08575761 0.00686894]
[0.2995844  0.5803157  0.38743962 0.45684669 0.06867756]
[0.28950072 0.49881257 0.39945202 0.11930459 0.3287917 ]
[0.64050112 0.08712731 0.08111338 0.77151803 0.0612759 ]
[0.37770737 0.31539122 0.79871401 0.0350618  0.08022924]
[0.12068774 0.03499539 0.0073383  0.59507698 0.52359203]
[0.07791009 0.04152502 0.01198795 0.01139362 0.93143289]
[0.01164228 0.01235887 0.06945576 0.57496801 0.5614895 ]
[0.92339774 0.41724195 0.38354367 0.56708814 0.01470405]
[0.23351582 0.44139833 0.47056984 0.31705953 0.20896746]
[0.40186543 0.35383725 0.54534589 0.02775558 0.2676875 ]
[0.27256719 0.27888005 0.38919719 0.71008328 0.03174825]
[0.96869695 0.07869037 0.13892248 0.08942989 0.08911487]
[0.00812776 0.20007942 0.54546025 0.5875929  0.25024746]
[-1.85832759e-05 -5.31691619e-04  3.52278541e-02  1.81117742e-01
  7.49258322e-01]
[0.72655417 0.02415365 0.44197945 0.00856244 0.13010311]
[0.00987464 0.02152649 0.66881218 0.01221896 0.43525682]
[0.03621833 0.05583596 0.56501167 0.78595214 0.06773348]
[0.0903811  0.32460636 0.43218131 0.18420539 0.47181803]
[0.07924309 0.07585306 0.70419802 0.09981817 0.34276489]
[ 0.74337904  0.02243613  0.05682108 -0.00213717  0.19345836]
[0.22868052 0.17981433 0.43895023 0.01724401 0.55681744]
[0.21503977 0.57965551 0.99554602 0.09973858 0.0055989 ]
[0.02368626 0.08471456 0.69205647 0.27300934 0.29028401]
[0.61784166 0.18364459 0.03929989 0.12099558 0.52557246]
[0.27604998 0.07468678 0.21560726 0.67338353 0.11516692]
[0.59188278 0.04116353 0.25844913 0.51321083 0.13718884]
[0.02241254 0.37831191 0.71230182 0.04990397 0.35499772]
[0.32480919 0.14994617 0.07541728 0.02543763 0.64578146]
[0.03176078 0.87682602 0.58260214 0.10595548 0.07593254]
[0.43407749 0.12885647 0.02759787 0.4334478  0.51930833]
[0.51561639 0.23609366 0.84965275 0.10798061 0.00558449]
[0.15680419 0.01958895 0.01448849 0.29571809 0.57126687]
[0.10750464 0.00375075 0.76598568 0.03152337 0.35979475]
[0.28811687 0.49997542 0.31872138 0.29310717 0.26670384]
[0.04553854 0.13786432 0.64013742 0.43204299 0.06054871]
[0.04916848 0.03139258 0.03976448 0.73929326 0.17871587]
[0.07301497 0.11800236 0.10718858 0.04361381 0.59235095]
[0.28499732 0.22173062 0.76560497 0.20652664 0.03880655]
[0.05654639 0.03626826 0.17181452 0.68803195 0.24177755]
