[0.00504429 0.00288899 0.03187075 0.03087421 0.69976031]
[0.59835421 0.89842984 0.57742369 0.0510296  0.12765978]
[0.02145988 0.01417084 0.00482883 0.07951295 0.76711038]
[0.86939606 0.31309914 0.12772745 0.57353933 0.03946593]
[0.63780476 0.13334994 0.28192    0.23055257 0.33154351]
[0.28499732 0.22173062 0.76560497 0.20652664 0.03880655]
[0.10826138 0.03603788 0.16251836 0.50065341 0.3806657 ]
[0.23802148 0.52739403 0.47703914 0.00173726 0.41652402]
[0.75632475 0.11714745 0.11320027 0.57531277 0.1691193 ]
[-3.95331420e-05  1.10336914e-02  3.19523820e-02  6.60716131e-01
  3.27307878e-01]
[5.80506625e-04 1.43029761e-04 7.08384015e-02 1.27134180e-01
 7.70765844e-01]
[0.00668259 0.01120355 0.62548243 0.11835736 0.32622429]
[0.6126099  0.91984326 0.5911781  0.00141064 0.13078244]
[0.00393109 0.18664299 0.09995727 0.43661331 0.46104057]
[0.60464378 0.09742418 0.07679308 0.79396031 0.06116178]
[0.03246331 0.95268261 0.35121987 0.57564016 0.083775  ]
[0.70199916 0.16854867 0.58996348 0.00967966 0.14371366]
[0.07301497 0.11800236 0.10718858 0.04361381 0.59235095]
[0.73506741 0.60836389 0.13042079 0.09659634 0.24094555]
[0.01716982 0.07541538 0.60721458 0.2392791  0.30151489]
[0.7353038  0.38465898 0.37054246 0.34628982 0.05213984]
[0.42383744 0.0028938  0.09319685 0.41542594 0.49030077]
[0.00683536 0.01579552 0.80671517 0.15327131 0.18748631]
[0.6401773  0.02157595 0.47651359 0.03680264 0.35371855]
[0.18995988 0.03931169 0.60542465 0.21984269 0.31600942]
[0.01270465 0.00803158 0.01558419 0.0191129  0.71235517]
[0.16917345 0.33713453 0.20715028 0.22611189 0.43335288]
[0.40186543 0.35383725 0.54534589 0.02775558 0.2676875 ]
[ 1.34786322e-03 -4.07602275e-04  1.40260047e-04  8.88447846e-01
  1.96352664e-02]
[1.11347933 0.45803468 0.11328782 0.3756252  0.01832871]
[0.27513108 0.04808371 0.0171017  0.4901626  0.47710404]
[0.30756726 0.16982533 0.46532268 0.46064962 0.36102217]
[0.07679683 0.08390031 0.4253215  0.09128457 0.44570457]
[0.07792814 0.05254025 0.06822235 0.86196384 0.03585387]
[4.12108279e-04 4.13240349e-02 1.30779629e-02 3.18796207e-02
 7.03639387e-01]
[0.1323849  1.05395411 0.12345274 0.59214159 0.01968526]
[0.00168673 0.03566742 0.01732491 0.68094548 0.3373091 ]
[0.59039868 0.88647987 0.73691947 0.04418054 0.09479839]
[0.71619046 0.14448928 0.05693057 0.04376554 0.55705929]
[0.01264264 0.02147932 0.02319195 0.12289618 0.60603124]
[0.0947548  0.02686468 0.58634858 0.1486428  0.54006383]
[0.73613224 0.01355758 0.38073083 0.29101916 0.27947621]
[0.61196043 0.64906651 0.18343842 0.2610805  0.15551255]
[0.57476321 0.528203   0.09877202 0.02654679 0.48065983]
[0.07973543 0.03554035 0.37530508 0.92324148 0.0067342 ]
[0.01191792 0.01265685 0.06508522 0.54104649 0.5277078 ]
[ 0.09702513  0.19004266  0.17609499 -0.00071109  0.68787576]
[0.59188278 0.04116353 0.25844913 0.51321083 0.13718884]
[0.02215178 0.0146437  0.00498505 0.07843906 0.7598901 ]
[0.72461202 0.38297447 0.17475488 0.36315349 0.15586544]
[0.6667697  1.07971868 0.19367486 0.05731375 0.19446571]
[0.0027593  0.0043757  0.09453411 0.04468164 0.58514198]
[0.94297187 0.42609795 0.12288149 0.53878635 0.00767224]
[0.12757038 0.05812162 0.04499049 0.69159148 0.17242526]
[0.61534544 0.32784405 0.14862336 0.38864324 0.13923164]
[0.02076991 0.10617975 0.47378803 0.76943544 0.07430286]
[0.00989676 0.13295854 0.08942567 0.26964297 0.54649545]
[0.26623673 0.13952119 0.34698916 0.60030496 0.18316478]
[0.00222568 0.00409658 0.09484715 0.04418314 0.58541538]
[8.33695342e-05 3.82256234e-03 1.21164254e-02 2.49983973e-01
 5.57150656e-01]
[0.27436508 0.84545954 0.09151924 0.25112705 0.37072967]
[0.42743399 0.00540297 0.87804429 0.0599952  0.30457078]
[1.86303388e-05 1.23908816e-02 3.56845134e-02 6.40703932e-01
 3.19771247e-01]
[0.80149165 0.40944566 0.19046476 0.50280607 0.01889091]
[0.19622255 0.09092474 0.01615318 0.87978714 0.00352448]
[0.43407749 0.12885647 0.02759787 0.4334478  0.51930833]
[0.39488515 0.29365117 0.15021315 0.70246618 0.14758261]
[0.37475914 0.28974777 0.67516766 0.26344997 0.03028309]
[0.14249257 0.26923074 0.59308442 0.5662503  0.15724029]
[2.68259528e-04 3.84197404e-02 1.48749069e-02 6.97059596e-01
 3.45547595e-01]
[0.06552835 0.07246393 0.48602332 0.61118755 0.22104472]
[0.03076377 0.01959936 0.74998837 0.16275864 0.29680547]
[0.00135177 0.00191228 0.04820774 0.11078505 0.67214093]
[0.00225795 0.00332396 0.00350361 0.20940278 0.7373106 ]
[0.31433113 0.28866173 0.44268611 0.01494028 0.39345347]
[0.29248099 0.18968448 0.56332596 0.49720118 0.24771073]
[0.03364212 0.12990955 0.04264096 0.48323389 0.46306405]
[0.15353405 0.05133992 0.23039627 0.49672501 0.30314456]
[0.00185975 0.00488993 0.02326582 0.23867394 0.61796162]
[0.02532298 0.69992158 0.35957667 0.46420852 0.06644117]
[0.0477233  0.01339686 0.11788768 0.17626466 0.56638724]
[0.25827424 0.13877264 0.41686496 0.2989397  0.44218492]
[0.32759261 0.61793505 0.40657885 0.04579903 0.326971  ]
[0.30346479 0.23824569 0.36428296 0.01827779 0.54856983]
[0.00592059 0.01291572 0.59219072 0.29075061 0.40436764]
[0.02368626 0.08471456 0.69205647 0.27300934 0.29028401]
[0.2550112  0.08563893 0.11036843 0.4768953  0.38974035]
[0.02018594 0.0194138  0.1821283  0.43169365 0.44440357]
[0.08610438 0.04607129 0.01325841 0.0125656  0.82015039]
[0.50311539 0.54604655 0.18722058 0.07830245 0.31899019]
[0.40744392 0.1653355  0.08231815 0.1670169  0.59136241]
[0.04553854 0.13786432 0.64013742 0.43204299 0.06054871]
[0.02546014 0.08780733 0.71957133 0.08256313 0.33656526]
[6.22872832e-05 7.08863051e-03 3.90806796e-02 6.81266085e-01
 3.39973565e-01]
[0.11096776 0.03695263 0.16156843 0.5022871  0.38190387]
[ 1.60616515e-04 -4.37170779e-04  3.59141441e-02  1.81740245e-01
  7.52255034e-01]
[0.0099562  0.02170624 0.67424316 0.03935707 0.42333287]
[0.60922595 0.3251748  0.15092576 0.06496123 0.55652212]
[0.01920304 0.51647757 0.15525906 0.68546478 0.13734233]
[0.24637002 0.10943581 0.01961961 0.87509713 0.00355819]
[0.24405857 0.27018922 0.46109238 0.46144106 0.3592855 ]
[0.05210655 0.2357693  0.36826136 0.59483847 0.27714862]
[0.03185417 0.0298775  0.02989665 0.76274145 0.28130328]
[0.06809473 0.04366935 0.05503906 0.76069907 0.18692556]
[0.01509766 0.03269508 0.65538818 0.3178541  0.02854707]
[0.00203603 0.00618811 0.74053387 0.2523256  0.37025082]
[0.09488233 0.08658538 0.53740035 0.02260109 0.38186913]
[0.05107698 0.7661344  0.42846706 0.04880483 0.3474933 ]
[0.03335091 0.39304701 0.20203379 0.78125894 0.0608451 ]
[0.79997086 0.1223906  0.30074548 0.094059   0.1939494 ]
[0.47015239 0.00843908 0.24326161 0.64105767 0.27056322]
[0.06413073 0.08175374 0.02676995 0.87420954 0.32309598]
[0.0620351  0.10020688 0.12233743 0.04312127 0.61001664]
[0.04643845 0.04567642 0.08410944 0.08142779 0.5599173 ]
[0.78333985 0.51623294 0.13180948 0.08042329 0.00602007]
[0.02019341 0.34107669 0.64230156 0.0447888  0.32007353]
[0.10932063 0.19359875 0.1066879  0.03514481 0.60229689]
[0.09535554 0.74296013 0.20130543 0.41531004 0.35244738]
[0.00087456 0.0010603  0.12776213 0.03888498 0.71064386]
[0.46737245 0.21615712 0.16636093 0.54342155 0.17922212]
[0.29219376 0.56067114 0.07365715 0.78238455 0.05940347]
[0.00398365 0.00586626 0.1263474  0.00656384 0.58520916]
[0.0162608  0.28648627 0.04985851 0.11366557 0.63235124]
[0.03621833 0.05583596 0.56501167 0.78595214 0.06773348]
[0.00358881 0.00385996 0.63512343 0.7775365  0.22797982]
[0.02350167 0.07234153 0.00784123 0.0202375  0.67829302]
[0.14466781 0.04834316 0.21710301 0.62239158 0.35908791]
[0.45458399 0.18049092 0.35786774 0.57517341 0.15101377]
[0.41857851 0.41897826 0.53282769 0.13750989 0.21897422]
[0.91003002 0.13834699 0.13135111 0.08444066 0.25011889]
[0.11501173 0.15419086 0.42691357 0.64297794 0.06401338]
[0.67715076 0.45055751 0.79856152 0.14474879 0.01054839]
[0.67607515 0.27843669 0.57850439 0.17028699 0.07618113]
[0.14203908 0.00402769 0.54952993 0.05570551 0.57312623]
[0.1461882  0.76694132 0.33351255 0.08053801 0.5149039 ]
[ 0.54082067  0.00368392  0.58941656 -0.00213554  0.21707501]
[0.50199737 0.27220026 0.28120332 0.73352337 0.11899195]
[0.51882929 0.42926028 0.08893816 0.62161418 0.19414361]
[0.22868052 0.17981433 0.43895023 0.01724401 0.55681744]
[0.09684443 0.03499146 0.68819124 0.09750055 0.13510267]
[0.01110367 0.05569167 0.51071248 0.4908775  0.34538616]
[ 8.93783963e-05 -3.48535873e-04  9.56305131e-02  4.51615539e-02
  5.91142368e-01]
[0.03962704 0.08254323 0.02953876 0.78445331 0.28572632]
[0.62427727 0.53459345 0.35832377 0.33183907 0.15683827]
[0.03896624 0.02495852 0.74852079 0.15972142 0.29617432]
[0.00407994 0.00468592 0.06096873 0.00987717 0.61295352]
[0.27977527 0.15079302 0.11350538 0.74116492 0.10368012]
[0.48300015 0.03348076 0.39670004 0.49466482 0.13411399]
[0.00526396 0.01193585 0.65723955 0.32593156 0.44959698]
[0.40863455 0.48297657 0.1193119  0.6830612  0.10293361]
[0.10352627 0.27650724 0.42560314 0.02012542 0.54744779]
[-3.51903269e-05  1.14200962e-02  3.30144036e-02  7.07495476e-01
  2.10155770e-01]
[0.01394778 0.25036066 0.46815042 0.71923357 0.07159903]
[0.05435703 0.2058742  0.05625229 0.86850634 0.10504851]
[0.23121617 0.07759627 0.16058652 0.49701538 0.30348791]
[0.61784166 0.18364459 0.03929989 0.12099558 0.52557246]
[1.90884641e-01 2.21377216e-01 2.39246715e-01 1.21945572e-04
 5.80505601e-01]
[0.41659745 0.08690094 0.1841499  0.14986663 0.43813337]
[0.59127487 0.36961453 0.31887013 0.07150592 0.41177616]
[-4.08840706e-05 -4.81575034e-04  5.34398703e-02  1.37253744e-01
  7.79012033e-01]
[1.13032444e-04 1.93155228e-02 9.29132569e-03 6.99856264e-02
 6.40784225e-01]
[0.13711021 0.82667641 0.10568823 0.56116812 0.16496683]
[0.06533924 0.03581405 0.39329116 0.68034566 0.22190675]
[0.51967533 0.53286421 0.3869479  0.0615759  0.07719703]
[0.84539892 0.2481094  0.7544843  0.17731226 0.00192372]
[0.23017434 0.43507802 0.46384037 0.31249515 0.21230803]
[0.03540189 0.07223305 0.4606585  0.23133804 0.44689254]
[0.71330978 0.06100084 0.22124452 0.27308482 0.29036375]
[0.00573837 0.0024269  0.0104343  0.09130802 0.69133279]
[0.19290888 0.20600697 0.38597881 0.32680809 0.42855608]
[0.59906958 0.14375179 0.50347391 0.0079455  0.27524647]
[0.75550665 0.19177115 0.58977129 0.209547   0.01489835]
[0.27640448 0.80363079 0.14877086 0.48524206 0.02979058]
[0.03561442 0.53106833 0.52313778 0.21096547 0.3522778 ]
[0.24535757 0.2667981  0.35595114 0.58845813 0.22991732]
[0.14700643 0.68831074 0.55087807 0.26233669 0.05422102]
[0.6235986  0.48069772 0.43435134 0.02942997 0.24974446]
[ 5.43243135e-04 -5.15806160e-04  3.68690660e-05  3.28715347e-01
  5.67340234e-01]
[0.08581949 0.17547802 0.08926924 0.44662609 0.46673825]
[0.00908262 0.13614917 0.06313106 0.0076681  0.69211488]
[0.29291137 0.18996432 0.55419647 0.491994   0.23851433]
[0.00590491 0.59843278 0.39742783 0.42394433 0.06167327]
[0.15737799 0.02531897 0.61500944 0.50967437 0.15224041]
[0.21503977 0.57965551 0.99554602 0.09973858 0.0055989 ]
[0.39203218 0.00263084 0.12943775 0.40623749 0.47416146]
[0.06384046 0.07313674 0.48196802 0.60607054 0.23541661]
[0.22192835 0.17138986 0.39992986 0.15518448 0.54567952]
[0.12068774 0.03499539 0.0073383  0.59507698 0.52359203]
[0.32422017 0.69926447 0.1360426  0.25579054 0.50740296]
[0.00996029 0.00474983 0.03772467 0.76256731 0.12741646]
[0.67172483 0.52794089 0.19936324 0.09387287 0.19787674]
[0.00391586 0.18594783 0.09958599 0.43677966 0.4609276 ]
[0.36998286 0.85823683 0.20225204 0.15316567 0.095902  ]
[0.08661474 0.04098257 0.41105485 0.7611435  0.00758068]
[0.10006973 0.0284031  0.37454698 0.42675069 0.50418241]
[0.13386434 0.08696738 0.47455586 0.51093984 0.24325942]
[0.36500332 0.42883975 0.85690651 0.08505722 0.00551836]
[0.05351452 0.03542828 0.31494446 0.00571966 0.65128365]
[0.11935209 0.83697028 0.44445778 0.04057197 0.38889374]
[0.03407082 0.05773236 0.52806341 0.35509506 0.32323263]
[0.28811687 0.49997542 0.31872138 0.29310717 0.26670384]
[0.38564235 0.51888234 0.58788668 0.33507269 0.0504482 ]
[0.40478641 0.31929264 0.21683284 0.01850736 0.55473907]
[0.02933658 0.43863229 0.56029892 0.32981855 0.32566093]
[0.20907948 1.07716464 0.42272561 0.34854917 0.0071824 ]
[0.73107659 0.39506651 0.26253278 0.38377514 0.11240547]
[0.24703914 0.39034111 0.02601683 0.4417413  0.50664946]
[ 1.27694823e-02 -2.94125398e-04  5.72423418e-02  1.31975487e-01
  5.92182606e-01]
[0.52088272 0.01750878 0.38956863 0.52531786 0.1547787 ]
[0.07791009 0.04152502 0.01198795 0.01139362 0.93143289]
[0.27256719 0.27888005 0.38919719 0.71008328 0.03174825]
[0.01506234 0.11308456 0.034625   0.51505542 0.53798642]
[ 8.41195426e-02  1.64727640e-01  1.52705887e-01 -1.90713066e-04
  5.98716246e-01]
[0.21450932 0.73998029 0.33401686 0.08203906 0.17738521]
[0.06098958 0.10263564 0.05715918 0.00727668 0.64969367]
[0.56146123 0.16459015 0.75635077 0.3073721  0.01252611]
[0.46717633 0.24588905 0.16371372 0.77093077 0.05042099]
[0.24248439 0.2081535  0.44161215 0.05992258 0.407728  ]
[0.00148631 0.00108606 0.01857181 0.07739933 0.81092036]
[0.08613597 0.01695068 0.0068139  0.97383902 0.01939506]
[3.64599398e-04 9.69572486e-03 4.80825642e-02 4.77786954e-02
 7.59450934e-01]
[0.00676684 0.00405911 0.03308726 0.03246057 0.73339308]
[0.0057585  0.00334812 0.03619495 0.0353892  0.79503987]
[0.33572933 0.97902652 0.13022153 0.58477576 0.04024419]
[0.66929457 0.13601054 0.29556349 0.24191935 0.34762143]
[0.32409159 0.25221202 0.87057095 0.23513465 0.04906629]
[0.53160643 0.21449519 0.51331581 0.00821992 0.44826252]
[0.0094396  0.01772456 0.03215169 0.71391062 0.35413125]
[0.00669208 0.0112199  0.62634812 0.11852414 0.32667632]
[0.69520869 0.85792475 0.59727527 0.05973954 0.13692722]
[0.14432982 0.63294011 0.5004201  0.29090431 0.35436036]
[ 1.36887744e-03 -4.04776320e-04  1.42960304e-04  9.00774446e-01
  1.99126780e-02]
[0.22993468 0.04624201 0.0339194  0.89096503 0.14801003]
[0.27760601 0.07939112 0.01759525 0.50432542 0.49084105]
[0.08085231 0.08609257 0.44729559 0.16518163 0.48394468]
[0.20078393 0.24675008 0.43275618 0.18353556 0.47012069]
[0.09021421 0.08484222 0.46701251 0.10044212 0.48942792]
[0.11579583 0.02590812 0.19220855 0.86891308 0.05184312]
[0.00343366 0.0545588  0.0374019  0.04611569 0.71252153]
[0.07030911 0.03007517 0.03992711 0.21634145 0.60677918]
[0.06502444 0.12664526 0.03042687 0.22754239 0.63547907]
[0.01216817 0.01293632 0.06813706 0.56574342 0.55171904]
[0.72260828 0.111899   0.10815257 0.75969694 0.18784338]
[0.11580599 0.13639594 0.1171814  0.69166574 0.30773818]
[0.64540575 0.34388504 0.15588445 0.40772866 0.14621375]
[0.04296338 0.34346237 0.43905139 0.35478948 0.55234051]
[0.46267191 0.16203041 0.18180944 0.27253979 0.54711468]
[0.24358865 0.26487153 0.35376419 0.62088574 0.23697081]
[0.00290634 0.00145373 0.01878178 0.32372689 0.65147996]
[0.01164228 0.01235887 0.06945576 0.57496801 0.5614895 ]
[0.09368666 0.02684089 0.21938655 0.33216092 0.55947676]
[0.73201966 0.69950361 0.11611354 0.29798474 0.46193404]
[0.13205179 0.23105122 0.12951341 0.65747069 0.35745338]
[0.06022481 0.12915687 0.1173955  0.66754562 0.41564618]
[0.82479602 0.42134326 0.36571957 0.54967186 0.02069409]
[0.2408764  0.10844602 0.29916534 0.92234005 0.00672724]
[0.4426371  0.13140846 0.02814294 0.46560202 0.54420445]
[0.0345146  0.0007551  0.01492657 0.69947905 0.34735059]
[0.33013051 0.30319375 0.45963796 0.02295878 0.42051232]
[0.10073902 0.20620447 0.07647242 0.4994151  0.52705335]
[0.0402504  0.28264661 0.28417587 0.6323603  0.34344035]
[0.0019865  0.00523343 0.02472188 0.26016832 0.67298839]
[0.01650028 0.07679315 0.53658751 0.30638082 0.56701098]
[0.2584442  0.13886431 0.41713914 0.29913771 0.44247598]
[0.54880963 0.09406278 0.40786921 0.06651206 0.56939177]
[0.25609016 0.13576185 0.13061034 0.53062545 0.45752033]
[0.88517875 0.39995037 0.12700553 0.5065498  0.39461177]
[3.86955340e-04 1.07260138e-02 1.26185548e-01 7.31577957e-01
 3.43813775e-01]
[0.13857422 0.03281313 0.11617571 0.68745716 0.4852368 ]
[0.15723075 0.00269902 0.32669779 0.68375551 0.36889875]
[0.00425473 0.0339872  0.42810298 0.68307516 0.39754654]
[0.12092241 0.04093497 0.1817283  0.56006562 0.48979593]
[0.13087829 0.01966484 0.1924604  0.59098241 0.44912575]
[0.60177997 0.08774746 0.27703513 0.69005024 0.17131166]
[0.40510815 0.18275006 0.05277225 0.97759296 0.00737187]
[0.30582233 0.07851108 0.2861502  0.97984887 0.00735824]
[0.30680877 0.07876615 0.28561644 0.98054836 0.00460492]
[0.05483877 0.07368566 0.88405487 0.36838971 0.05547268]
[0.01974284 0.06029422 0.7950833  0.53784555 0.21011391]
[0.03254738 0.14626244 0.65604405 0.44283125 0.07486424]
[0.04616511 0.14149757 0.65596208 0.44277565 0.07485484]
[0.05159991 0.06931114 0.8319998  0.34657285 0.14541465]
[0.02271993 0.06939984 0.83657156 0.56626486 0.19767081]
[0.10090114 0.09235223 0.57178039 0.0241849  0.40633035]
[0.08122471 0.1048283  0.83589775 0.05763448 0.40393598]
[0.23708699 0.27244879 0.54147765 0.02477522 0.46219588]
[0.20254913 0.04195517 0.55599287 0.20453215 0.45686829]
[0.04653327 0.0457706  0.08428067 0.08175622 0.56147558]
[0.65567412 0.7320102  0.13196384 0.08484442 0.24244089]
[0.93048189 0.35657803 0.14775372 0.19024101 0.03618108]
[0.76394223 0.8602991  0.15682567 0.0960885  0.0072395 ]
[0.95452853 0.37693728 0.13233386 0.66056238 0.02139917]
[0.74186848 0.61114788 0.15234144 0.09774915 0.2437632 ]
[0.92339774 0.41724195 0.38354367 0.56708814 0.01470405]
[0.17195703 0.32496184 0.71107649 0.04981443 0.35438638]
[0.02241254 0.37831191 0.71230182 0.04990397 0.35499772]
[0.44944541 0.29103774 0.24707984 0.55637034 0.19090643]
[0.01129823 0.01265126 0.3445097  0.01934939 0.59131952]
[0.01103034 0.01242862 0.33762292 0.05481366 0.59009428]
[0.19298812 0.11602323 0.04778308 0.06873571 0.6836115 ]
[0.06064382 0.04097599 0.0136861  0.04771178 0.76125315]
[0.07038746 0.03495485 0.0079806  0.04533682 0.77998627]
[0.0446274  0.05524073 0.04697006 0.02135646 0.68586902]
[0.490529   0.18920817 0.38494963 0.6188561  0.16600788]
[0.69154185 0.15567021 0.57678136 0.22669595 0.232429  ]
[0.07903397 1.15390045 0.14673395 0.09457733 0.26961056]
[0.4707131  0.70808345 0.21590108 0.10323144 0.50676576]
[0.16903463 0.4556127  0.78480433 0.00782481 0.26811204]
[0.3978599  0.44401457 0.61702285 0.00282638 0.2253825 ]
[0.31491912 0.35102487 0.70386526 0.08006041 0.2290862 ]
[0.07924309 0.07585306 0.70419802 0.09981817 0.34276489]
[0.01109794 0.37127701 0.74927195 0.20203495 0.25656733]
[0.16233018 0.44587728 0.7659337  0.1447195  0.2930512 ]
[0.19203195 0.36293291 0.79401447 0.18859181 0.14516316]
[0.38814428 0.30862424 0.69392846 0.17783323 0.30385536]
[0.00292387 0.00546853 0.11078153 0.05272594 0.68572109]
[0.07058302 0.11406081 0.10362488 0.0489668  0.59772309]
[0.00869081 0.01482929 0.3419914  0.0555506  0.59773349]
[0.00914529 0.01813331 0.2340579  0.10339085 0.61148914]
[0.17938332 0.18364982 0.15129361 0.02066164 0.64804904]
[0.00622717 0.00352374 0.07086765 0.01184356 0.69488255]
[0.04740287 0.02385351 0.08466    0.01392188 0.68940911]
[0.03835869 0.01352792 0.2732797  0.03742556 0.63026118]
[0.00891491 0.00303311 0.3701565  0.07708604 0.66516829]
[0.23066417 0.08410163 0.14962982 0.03763463 0.61903027]
[0.1299144  0.03022338 0.11133161 0.03881252 0.62229732]
[0.12005657 0.23970385 0.1472984  0.03838799 0.6423047 ]
[0.09907659 0.01351402 0.23847093 0.03361884 0.67829674]
[0.01724747 0.03019255 0.23957776 0.04513135 0.62541376]
[0.08839038 0.0009963  0.1855519  0.06917443 0.68054759]
[0.17713568 0.19793322 0.12868252 0.02013008 0.63578709]
[0.16932149 0.3326561  0.07309311 0.01277867 0.62446231]
[0.4186708  0.31883833 0.16042756 0.7503622  0.1576422 ]
[0.03280155 0.64949932 0.23798004 0.82849202 0.11729619]
[0.44077032 0.52549565 0.17483566 0.75775328 0.11397726]
[0.05514395 0.07024226 0.05976054 0.72909602 0.2708181 ]
[0.07020512 0.08857319 0.05486381 0.71581261 0.34151255]
[0.14036293 0.07351404 0.03526284 0.89123532 0.30621387]
[3.99575798e-05 1.38577678e-02 3.97164237e-02 7.13227122e-01
 3.55892025e-01]
[0.05832407 0.06391835 0.04213757 0.7186514  0.32111668]
[0.1290238  0.17223226 0.47757734 0.72037799 0.07171327]
[0.17969056 0.20550545 0.16200438 0.63788837 0.45823116]
[0.42568622 0.57456589 0.04038924 0.24751048 0.59358207]
[0.23364866 0.1831999  0.45500566 0.02166414 0.58204323]
[0.08340217 0.64991534 0.21144642 0.38186981 0.49508769]
[0.19958516 0.40844695 0.24932978 0.22883511 0.44002747]
[0.61918895 0.38708787 0.33392224 0.07498224 0.53086522]
[ 4.07082853e-04 -3.12910333e-05  5.44658000e-02  1.39938785e-01
  7.94024302e-01]
[0.00116859 0.01960154 0.01130007 0.07454539 0.72420658]
[0.01971456 0.01934361 0.02663468 0.12875546 0.67054725]
[0.00746399 0.0147502  0.25780494 0.12666346 0.68526472]
[0.04370403 0.04166748 0.02562438 0.22035714 0.64415018]
[0.40661252 0.41972974 0.03598448 0.14732152 0.66733497]
[0.02040653 0.01594973 0.01012573 0.08120948 0.78602673]
[0.10826342 0.19450419 0.01250946 0.18417051 0.65363995]
[0.80132661 0.1378044  0.12019575 0.5928652  0.17652806]
[0.84140488 0.1447258  0.12620879 0.62261852 0.17210028]
[0.91919631 0.06340676 0.10804791 0.66783341 0.2023063 ]
[0.62810068 0.52478442 0.6935802  0.16284342 0.08304007]
[0.20592435 0.91646896 0.38815133 0.28143083 0.16813288]
[0.04695724 0.70093523 0.4742376  0.3773119  0.25333681]
[0.36360044 0.40400487 0.53340702 0.33994383 0.24116866]
[0.01081931 0.75011284 0.46395487 0.33550711 0.31357174]
[0.53800573 0.21708375 0.51949362 0.00834471 0.43582108]
[0.53373706 0.22131125 0.59363645 0.03027023 0.35242869]
[0.37592484 0.41771311 0.59471704 0.27322789 0.32885784]
[0.77708005 0.22801365 0.66679843 0.2255993  0.01605896]
[0.61104466 0.71176366 0.24181634 0.56928847 0.08357357]
[0.2419741  0.28121306 0.36325252 0.60028866 0.26351001]
[0.25417057 0.28228773 0.37293056 0.61633686 0.24055274]
[0.24412658 0.27111596 0.35734589 0.59527256 0.30509436]
[0.03310653 0.95629798 0.63739793 0.26667453 0.09629764]
[0.73402827 0.81806556 0.57920948 0.05275037 0.27773368]
[0.00967664 0.00294984 0.0679342  0.56043631 0.62515661]
[0.00358878 0.01740273 0.11105517 0.3313248  0.58486035]
[5.72375302e-06 1.72710493e-03 1.78467977e-01 3.39222124e-01
 6.99516293e-01]
[0.00417186 0.08008206 0.03860874 0.34368321 0.6070982 ]
[0.00097106 0.04952366 0.01564905 0.41526187 0.58896435]
[0.02508183 0.69329518 0.46072966 0.49180284 0.0715601 ]
[0.39269683 0.61017969 0.579245   0.57426572 0.06341446]
[0.51870874 0.21383314 0.44086401 0.4518592  0.06587529]
[0.07678961 0.57641071 0.49515338 0.48396088 0.38998962]
[0.03909738 0.60049338 0.40805108 0.51565239 0.38226563]
[0.0240345  0.66451548 0.44673971 0.47847511 0.07193293]
[0.04970403 0.39723187 0.40736698 0.35426736 0.55234051]
[0.14892373 0.02958769 0.01162121 0.62662115 0.59138701]
[0.09729289 0.09738565 0.07732283 0.60918945 0.53659595]
[0.00645308 0.09798631 0.0668894  0.84112755 0.25365367]
[0.04730635 0.06020281 0.05128518 0.7821823  0.2891246 ]
[0.1419402  0.01965799 0.06877844 0.76360719 0.19036665]
[0.04365472 0.11755313 0.20322846 0.817221   0.25980761]
[0.11419983 0.02554314 0.18956251 0.856925   0.14108962]
[0.01242766 0.01645843 0.24933774 0.79798373 0.1712796 ]
[0.30755154 0.1683983  0.07467739 0.77516664 0.15396144]
[0.07750844 0.04036076 0.14296917 0.83337416 0.2879499 ]
[0.51412854 0.60670632 0.14997781 0.85909549 0.12948252]
[0.17624417 0.03924645 0.14706171 0.87164549 0.14351421]
[0.14952484 0.03331314 0.16860256 0.86357721 0.15207544]
[0.13023155 0.06798103 0.06850674 0.76560912 0.1908654 ]
[0.01805911 0.38507439 0.26491229 0.8231511  0.14061008]
[0.30715592 0.16818101 0.07542827 0.77463733 0.15385632]
[0.01073933 0.01750654 0.34621653 0.8081327  0.30368207]
[0.14961476 0.03473463 0.16841756 0.86381314 0.14102921]
[0.02395375 0.37263976 0.18452902 0.85388411 0.16959412]
[0.04441708 0.05467434 0.04729845 0.77573711 0.29651209]
[0.01849547 0.26647852 0.24559138 0.76321414 0.25135374]
[0.64086812 0.69957491 0.23912321 0.10059967 0.21369855]
[0.08119257 0.16600303 0.10152268 0.44348093 0.46788454]
[0.09708548 0.10346407 0.19502245 0.57423727 0.46969013]
[0.47586865 0.79798567 0.44438389 0.32974506 0.15200882]
[0.38653345 0.11323019 0.46426437 0.84578981 0.02027875]
[0.13571787 0.08774943 0.48053647 0.51740534 0.2463299 ]
[0.44151683 0.36875234 0.85898857 0.17256065 0.07964306]
[0.45699132 0.55825919 0.50534329 0.0558392  0.41066735]
[0.3241374  0.61280617 0.33592838 0.32965924 0.33970061]
[0.04022385 0.8130345  0.37586705 0.2994538  0.39291511]
[0.76746843 0.00980116 0.3969076  0.39532162 0.28292413]
[0.06968037 0.70041149 0.35235974 0.06870262 0.58757026]
[0.64288897 0.50418448 0.31226958 0.44457824 0.14317398]
[0.76021138 0.41247984 0.27319976 0.39687458 0.11684854]
[0.00130999 0.01373513 0.05913869 0.13617245 0.63188309]
[0.01925853 0.0352256  0.06345991 0.35733906 0.62938842]
[0.02127595 0.03855528 0.06955081 0.35403654 0.62639749]
[0.00700226 0.00625746 0.0750092  0.28317701 0.65620726]
[0.01956385 0.03578877 0.06316521 0.35733906 0.62938842]
[0.54330855 0.01821949 0.4063364  0.54801789 0.16145728]
[0.51157239 0.18956401 0.40262641 0.54299534 0.15997959]
[0.22275745 0.34869769 0.41144923 0.74413209 0.03328549]
[0.21883314 0.34254862 0.40487353 0.74558709 0.03313092]
[0.02862291 0.62115497 0.44370682 0.71182444 0.09329079]
[0.24905114 0.19530822 0.48498208 0.0088908  0.6199142 ]
[0.19428476 0.07739011 0.43520612 0.0189625  0.64495232]
[0.82727025 0.17313381 0.36566071 0.29966059 0.22702591]
[0.18572815 0.8265999  0.36340433 0.2763552  0.3151264 ]
[0.48046481 0.52437131 0.47058608 0.09089442 0.19347518]
[0.64513834 0.41797667 0.3591061  0.08715121 0.19936732]
[0.08473536 0.08475305 0.05906569 0.00759082 0.67135663]
[0.60795059 0.17826483 0.8199942  0.34294132 0.01667574]
[0.40748736 0.31735049 0.28853624 0.81403247 0.11348282]
[0.60727273 0.32939307 0.21823897 0.82525015 0.13387919]
[0.23727181 0.2534808  0.47621025 0.18625131 0.45611275]
[0.00260273 0.0021778  0.04496311 0.15873786 0.82502285]
[0.01741899 0.04705516 0.20199611 0.21817923 0.69969326]
[0.0236037  0.03509924 0.0300626  1.19101808 0.09500933]
[0.10979552 0.54539833 0.4323094  0.87898797 0.06890504]
[0.15921762 0.02687554 0.67185912 0.07776576 0.59911152]
[0.02507439 0.00951468 0.11941798 0.480242   0.66314994]
[0.10980857 0.40153307 0.76393177 0.5051514  0.18460571]
[0.15754119 0.29769472 0.65151853 0.15436305 0.33146172]
[0.22793164 0.04559098 0.00740947 0.98950844 0.07464069]
[0.07529241 0.009604   0.06312786 1.15128413 0.02564044]
[0.02941692 0.0291377  0.22888047 0.98700453 0.02900199]
[0.40579489 0.48360713 0.28074815 0.6160363  0.32312969]
[0.490512   0.73644046 0.47337357 0.0414476  0.5921294 ]
[0.22534005 0.03434466 0.75218879 0.63534736 0.12534214]
