[0.0133739  0.00530095 0.26515375 0.08096155 0.51347252]
[0.63002881 0.22170852 0.40133857 0.01227877 0.03355894]
[0.00600428 0.60823092 0.36877734 0.41635131 0.06056698]
[0.12054528 0.03531687 0.02219325 0.71423418 0.05369188]
[0.52448886 0.0130099  0.02275551 0.7118486  0.0153996 ]
[0.52222057 0.00944108 0.27010513 0.21582503 0.22097421]
[0.15359836 0.66059554 0.80727542 0.00590126 0.00812225]
[0.04090529 0.07937877 0.07518675 0.00103343 0.5929312 ]
[0.00111129 0.00223693 0.77436922 0.12982347 0.00765444]
[ 1.59510205e-03 -2.33702040e-04  4.87925564e-02  9.12536679e-02
  5.55022181e-01]
[0.25318311 0.04471913 0.01815616 0.45137105 0.4074791 ]
[0.0477717  0.61507982 0.41250481 0.28888898 0.01517461]
[0.46156098 0.86789199 0.04745301 0.05677664 0.00550775]
[0.08928177 0.07301542 0.18335365 0.38404448 0.45444667]
[0.38992559 0.00962609 0.01254888 0.00289103 0.54514103]
[0.37632721 0.07604453 0.16666071 0.55377844 0.12011714]
[0.07863536 0.47158166 0.25649841 0.01981981 0.45867216]
[0.13452645 0.04282624 0.19510457 0.58569878 0.17290048]
[0.00475359 0.00726718 0.64568673 0.18787721 0.40638997]
[ 9.06210053e-02  9.82663082e-02  2.98961153e-01 -3.69344097e-04
  5.29498098e-01]
[0.03722685 0.4796587  0.5947984  0.00121504 0.02495204]
[0.19099812 0.17475772 0.39853426 0.01852742 0.44856207]
[0.62650755 0.12245567 0.09275181 0.28791444 0.11088956]
[ 9.26980517e-05 -6.07499397e-04  6.04788030e-02  6.09759923e-01
  3.27678231e-01]
[0.26515629 0.11283523 0.0193596  0.07998718 0.50744802]
[0.26003647 0.51835543 0.31832811 0.34858819 0.01793862]
[ 2.65293922e-04  4.30486077e-03  1.49237345e-03 -4.51086178e-04
  6.45381100e-01]
[0.82271382 0.24182594 0.00545789 0.06489236 0.0976194 ]
[0.00356141 0.00535957 0.48934313 0.42276254 0.43566597]
[0.26291471 0.35820294 0.02558409 0.53465246 0.0532234 ]
[6.25517253e-03 9.04058956e-05 1.46928062e-01 5.71930081e-01
 3.12451377e-01]
[0.19282229 0.19734501 0.3806481  0.2205181  0.38373621]
[0.03088564 0.22633378 0.03880378 0.50778257 0.38797413]
[0.01370913 0.18158454 0.62588353 0.51872323 0.00139533]
[2.40524538e-04 3.03119862e-05 5.58467895e-01 5.87506614e-01
 4.89919307e-02]
[0.02760696 0.00143697 0.55962424 0.47905542 0.02687872]
[0.05265566 0.24371419 0.15519071 0.09927003 0.50635859]
[0.08803033 0.11903701 0.37269083 0.55091543 0.0548864 ]
[0.01051312 0.75585272 0.31295406 0.03170977 0.05651474]
[0.118132   0.07596127 0.59832467 0.07923866 0.31715468]
[2.92006591e-01 5.65830206e-02 4.64896178e-01 4.48706889e-01
 6.86361133e-07]
[ 0.71058966  0.07238763  0.0410105  -0.00204087  0.24896201]
[0.32830476 0.12744324 0.45238226 0.37515545 0.1167241 ]
[0.25190018 0.13198001 0.32831319 0.54743686 0.1763259 ]
[0.0643994  0.99576955 0.00792198 0.01528779 0.32361704]
[0.15433918 0.68010438 0.30562035 0.04336657 0.10950624]
[0.0049425  0.00756947 0.6704614  0.00743326 0.31990895]
[0.01552225 0.87580707 0.11106634 0.22117968 0.0799808 ]
[0.04609161 0.04533197 0.08348313 0.08080584 0.55574764]
[0.04894195 0.00744304 0.07219832 0.63839882 0.23717771]
[0.49120027 0.20986094 0.23599749 0.05038957 0.37953079]
[0.45878899 0.29102769 0.44301781 0.14434139 0.00063274]
[0.23449533 0.15790928 0.08312641 0.59923371 0.11885854]
[0.08714458 0.05691035 0.54116728 0.18389258 0.28571736]
[0.5026566  0.03501604 0.21949452 0.44083132 0.17758831]
[0.0039488  0.00581238 0.12529286 0.00649114 0.58032351]
[0.02239195 0.65847856 0.24281008 0.09044668 0.30054908]
[0.02627795 0.46628839 0.42830915 0.28821859 0.19532394]
[0.1870643  0.03870368 0.62650734 0.22737138 0.01824917]
[-1.67595016e-04 -6.07047296e-04  9.27027701e-05  1.26416812e-01
  7.01426638e-01]
[0.15543088 0.04985804 0.23247951 0.49530561 0.30314456]
[0.19022363 0.22953062 0.06791967 0.46283553 0.37947994]
[0.1073778  0.09916523 0.4265777  0.4590718  0.23722889]
[1.92599764e-02 8.40917003e-03 1.83743361e-01 8.36278042e-01
 5.42519369e-04]
[0.0202547  0.02411984 0.64578191 0.10679267 0.1251326 ]
[0.03072494 0.0165672  0.23990711 0.58406009 0.17756386]
[0.40013061 0.30609203 0.10302008 0.41352929 0.22058103]
[1.63274427e-01 2.45027277e-01 6.61725488e-01 4.19142413e-04
 5.79494771e-02]
[0.09193395 0.08540701 0.48191608 0.21491125 0.38351234]
[0.23823182 0.07996754 0.01396517 0.63619887 0.0551092 ]
[0.08268195 0.13297232 0.52044543 0.37124463 0.11021236]
[0.45531203 0.42104371 0.01253817 0.25116729 0.30620829]
[0.11197612 0.77448206 0.15190219 0.08615707 0.00717831]
[0.00075892 0.029131   0.62503811 0.2240319  0.26588109]
[0.02773137 0.0042985  0.54272152 0.35167368 0.12599998]
[0.00118308 0.0051982  0.64960499 0.01455157 0.00523834]
[0.19723478 0.07183346 0.13624036 0.03256832 0.54014987]
[0.69528367 0.03121751 0.0415397  0.40752465 0.0509699 ]
[0.19304389 0.41525344 0.59136071 0.08625338 0.0083157 ]
[0.08327121 0.0452021  0.38290139 0.52788902 0.17327674]
[0.15214816 0.03464027 0.48675127 0.5315985  0.09029458]
[0.49737092 0.09742175 0.31622731 0.00898867 0.39445371]
[0.50574606 0.04902591 0.07702381 0.64212808 0.04706018]
[0.00242032 0.01135611 0.59750495 0.06487382 0.4640374 ]
[0.03602231 0.26387054 0.02644731 0.68089741 0.19857854]
[0.00881465 0.40960267 0.24489609 0.21046252 0.45800481]
[0.4083441  0.32423747 0.01589252 0.01878857 0.40463524]
[0.01444863 0.00577012 0.28619782 0.03979938 0.53523852]
[0.00998458 0.00607857 0.71123989 0.00423683 0.23334325]
[0.25669992 0.04122433 0.36634319 0.29412045 0.38368407]
[0.0823289  0.05335867 0.29186058 0.32008461 0.4344877 ]
[0.0410809  0.15862434 0.05203407 0.59001884 0.31188417]
[1.83586324e-01 8.47009566e-02 1.51017220e-02 8.32142579e-01
 5.37832224e-04]
[2.42601571e-01 4.62919118e-01 3.02559899e-02 6.42052584e-01
 4.20211180e-04]
[0.01729915 0.25956503 0.23917607 0.61162248 0.1572757 ]
[0.03104609 0.02458707 0.25889153 0.65383748 0.00388817]
[0.18293851 0.20862616 0.58326503 0.32101179 0.09114452]
[0.00519941 0.01489127 0.75683089 0.36921125 0.00100475]
[0.00819651 0.03649357 0.22619586 0.65240449 0.00468714]
[0.52722231 0.156627   0.03352929 0.10337304 0.4477855 ]
[0.41408258 0.09717824 0.14813795 0.43840089 0.32590482]
[0.64035967 0.0909302  0.30026729 0.35082272 0.09874187]
[0.50239363 0.08085018 0.03501157 0.65463979 0.05040041]
[0.51952026 0.82177024 0.05412943 0.01289309 0.06417769]
[ 0.76854746  0.07834025  0.08120816 -0.00203139  0.05379401]
[0.23961064 0.08101974 0.35966675 0.1459547  0.41444158]
[0.02958943 0.52987682 0.24170374 0.52474604 0.29267909]
[0.53033707 0.00313309 0.51495814 0.15380779 0.28289895]
[0.34386709 0.22412278 0.13637246 0.58976028 0.0240467 ]
[0.43838785 0.16033362 0.48396605 0.09303835 0.11580335]
[0.02732348 0.0288161  0.05526012 0.51037952 0.40996248]
[0.50681316 0.00296704 0.55235863 0.15517752 0.2854472 ]
[ 6.36817319e-02  3.66602701e-01  4.78456235e-01 -9.78145733e-05
  3.06864387e-01]
[0.03212135 0.44275446 0.08663177 0.36940941 0.44590969]
[-1.08781723e-04  2.38873857e-03  9.22536047e-01  9.10381654e-02
  7.71861899e-02]
[0.64700857 0.90720805 0.05002057 0.00128619 0.11216769]
[0.28175205 0.34598    0.10151798 0.69266801 0.01590169]
[0.37260029 0.14383829 0.51208319 0.28052316 0.01469045]
[0.0247353  0.68377282 0.49965234 0.09785053 0.06181495]
[0.04905527 0.22706202 0.14551813 0.13597577 0.50635099]
[0.59973359 0.12449443 0.26332354 0.19536855 0.20841205]
[0.233753   0.18501763 0.01229136 0.4007998  0.45652251]
[ 0.03292796  0.00425037  0.70378012 -0.00203341  0.0528776 ]
[0.06856561 0.09919206 0.41635997 0.021216   0.446317  ]
[0.00396435 0.00454185 0.05930914 0.00955007 0.59627261]
[0.44599789 0.07282531 0.18964798 0.56709207 0.08565295]
[0.42095184 0.93479445 0.05271073 0.42978046 0.00376233]
[0.11937982 0.1022419  0.21062981 0.66454978 0.00549365]
[ 1.62723098e-01  7.38436756e-02  5.86252420e-01 -4.98591276e-04
  2.27160762e-01]
[0.00846356 0.11956183 0.301413   0.60127104 0.04074025]
[0.24674797 0.05123602 0.36809965 0.15082946 0.44091095]
[ 3.14188986e-01  4.90091454e-01  4.15293185e-01  7.88374834e-02
 -3.97605282e-04]
[0.05795722 0.74588622 0.50015493 0.01917369 0.02770711]
[0.6796576  0.33970527 0.02325908 0.10877003 0.11286692]
[0.1666804  0.00761041 0.46254986 0.62860842 0.02275881]
[0.63086162 0.11098982 0.27120374 0.22227738 0.07747647]
[0.26416808 0.41022824 0.38727199 0.38976431 0.02865601]
[0.21655589 0.627334   0.11620197 0.37317197 0.01769936]
[ 3.46981060e-04 -2.61415630e-04  2.39089472e-03  6.88641997e-01
  1.84783534e-01]
[0.19417746 0.1781463  0.12402412 0.60481999 0.0873841 ]
[0.00306993 0.02351918 0.20039911 0.62840254 0.24405216]
[0.00979827 0.45451029 0.24293216 0.12367396 0.45451148]
[ 8.64458238e-04 -2.23560822e-04  8.43131617e-05  8.45837202e-01
  1.58602954e-01]
[ 0.51540859  0.0033841   0.56172654 -0.00213624  0.20685891]
[0.02571306 0.61338919 0.47782437 0.22637409 0.04762416]
[ 4.19040258e-02  6.49462862e-02  1.22693720e-01  6.91521202e-01
 -9.28365731e-07]
[0.19134241 0.25894744 0.54801411 0.42082817 0.0309958 ]
[ 5.83768443e-01  1.00094963e-01  4.56414327e-02 -4.33279104e-04
  3.99277670e-01]
[0.03524928 0.45426191 0.30298253 0.31685435 0.35013482]
[-1.36134636e-04  2.43851194e-03  5.67153082e-01  3.87973532e-01
  8.09510806e-02]
[0.03975171 0.03134968 0.07182298 0.42361401 0.44731102]
[0.77489424 0.15307337 0.05293346 0.1745469  0.18061597]
[0.42287144 0.01404641 0.31478722 0.00384316 0.47998292]
[0.02173452 0.60131429 0.30926139 0.45882137 0.02321388]
[0.54692727 0.03799147 0.23882053 0.47407865 0.12674092]
[0.00981275 0.01089016 0.39927986 0.49419495 0.14427936]
[0.00381666 0.00399912 0.47382095 0.02739136 0.46579722]
[1.55010514e-04 8.50528814e-05 4.23454754e-04 7.27386058e-01
 2.43122254e-03]
[0.15446839 0.04446977 0.12256554 0.09642372 0.54735364]
[0.03721649 0.27259717 0.01936716 0.60120094 0.17839994]
[0.82411987 0.29835826 0.02659395 0.00135084 0.09405046]
[0.00376664 0.00098379 0.27780795 0.48392219 0.50518916]
[0.00744995 1.04302464 0.017864   0.14386858 0.26643055]
[0.09300754 0.04842106 0.07765167 0.24801948 0.49865838]
[0.31026857 0.23861462 0.07863288 0.3205209  0.4297282 ]
[0.06745407 0.06654746 0.12205853 0.00966698 0.55243898]
[0.00831056 0.38658866 0.20674755 0.27946203 0.46154627]
[0.45729388 0.21148435 0.1627736  0.53166094 0.00420608]
[0.21700893 0.07312837 0.24091783 0.57777286 0.021854  ]
[0.50466672 0.01359009 0.3814002  0.11381661 0.29679758]
[ 0.06062044  0.07287652  0.67550404 -0.00213732  0.18996985]
[0.19944904 0.06065686 0.29739258 0.62597439 0.0633098 ]
[0.0814491  0.8478426  0.09974481 0.53112323 0.01630732]
[ 2.86066487e-03  5.63114105e-04  1.93812144e-01 -4.09611590e-04
  6.26682397e-01]
[0.01966436 0.17279901 0.59841961 0.10190605 0.23374592]
[0.24681321 0.42632988 0.01410776 0.2782835  0.42693215]
[0.4297054  0.39826901 0.02446798 0.02101071 0.36291225]
[0.13505065 0.64721449 0.06147067 0.52509151 0.14364059]
[0.01054718 0.01465336 0.46539261 0.08756233 0.48754762]
[0.05852448 0.15864775 0.07226608 0.70654817 0.00191506]
[0.16185054 0.00858252 0.72989603 0.00428522 0.01994766]
[0.30025023 0.1009296  0.45112929 0.16443911 0.30276848]
[0.68684176 0.5314363  0.03936863 0.15753511 0.02840531]
[0.04731004 0.04373152 0.35856234 0.26834026 0.45673405]
[0.01868794 0.13719773 0.47141534 0.00816046 0.41698553]
[0.02023198 0.01073272 0.12244927 0.619053   0.17695903]
[ 0.64731601  0.01945845  0.30279901 -0.0013547   0.1194726 ]
[0.04096665 0.01329244 0.25584402 0.4583363  0.37462539]
[0.00577483 0.00485657 0.61442793 0.01578399 0.42345503]
[ 0.39969045  0.15544769  0.60796822 -0.00203042  0.05423807]
[0.47118072 0.09896511 0.06083786 0.15167436 0.4738252 ]
[0.4243023  0.19629905 0.48020535 0.00441253 0.22540099]
[0.17004363 0.06440461 0.32220982 0.38106773 0.36628652]
[0.78936961 0.27897266 0.0542013  0.1836275  0.01421132]
[0.30186016 0.19779869 0.29392424 0.60942674 0.00073937]
[0.00621637 0.00684331 0.45406417 0.28867387 0.35140351]
[0.37771476 0.91631305 0.06181554 0.41452598 0.00361505]
[0.00097839 0.00131406 0.00446889 0.56975676 0.49503893]
[0.34917138 0.00795868 0.5979461  0.02388774 0.12217139]
[0.11002979 0.03492638 0.15961188 0.47878949 0.35459487]
[0.64902692 0.42763304 0.10908932 0.09764646 0.00704821]
[0.3444037  0.22612194 0.05339455 0.4967984  0.17460536]
[0.04396265 0.73939624 0.1476449  0.11790944 0.32704536]
[0.4204171  0.12330149 0.02567334 0.54941159 0.25467229]
[0.0332118  0.5487212  0.42801319 0.03976355 0.34905878]
[0.03244216 0.06481275 0.58061897 0.35053247 0.01027829]
[-1.16761550e-04 -6.04549344e-04  7.39797148e-05  2.38737759e-01
  6.19983308e-01]
[0.2416526  0.37485866 0.42662566 0.28657376 0.19478391]
[0.51514418 0.01694044 0.27300369 0.21419972 0.29164211]
[0.51803006 0.83691542 0.00810143 0.01568008 0.06882017]
[0.41659745 0.08690094 0.1841499  0.14986663 0.43813337]
[0.03519059 0.01307072 0.04249086 0.18699979 0.52570083]
[0.22224497 0.01508186 0.09566567 0.70357973 0.12674092]
[0.21890945 0.34762406 0.26005479 0.05420066 0.41883367]
[4.92841018e-04 5.17777848e-04 3.04657890e-05 2.94644649e-01
 5.08879373e-01]
[0.02781774 0.81697655 0.30121422 0.11039747 0.06044213]
[ 0.70496852  0.01597717  0.05398066 -0.00213786  0.18429619]
[0.02861454 0.38037536 0.02873713 0.59327369 0.20028689]
[0.00921245 0.67485789 0.49229292 0.01680324 0.07124366]
[0.0134013  0.62674367 0.06648276 0.38901311 0.29356155]
[0.28512359 0.10994074 0.38955354 0.32362642 0.30849453]
[0.00427522 0.07706561 0.21436831 0.08439505 0.53628457]
[0.10984964 0.02894395 0.01391969 0.01032419 0.60635818]
[ 0.56039966  0.0569622   0.40681116 -0.00204087  0.2492352 ]
[0.00623826 0.36588116 0.39699224 0.62723799 0.00398433]
[0.5661562  0.01906227 0.30464194 0.02346046 0.29046657]
[ 9.49340534e-04 -5.88345750e-04  8.41435105e-05  8.68259619e-01
  8.45700956e-02]
[6.17586541e-05 1.07020396e-02 4.91266818e-01 3.69517127e-01
 2.78458534e-01]
[0.56182224 0.09829016 0.16001159 0.34375083 0.12603871]
[0.04696929 0.01714834 0.00116704 0.03273306 0.62273352]
[0.48557377 0.09985037 0.51024711 0.34376073 0.04637789]
[0.30928616 0.09771695 0.46099216 0.11512143 0.3064241 ]
[ 0.77251717  0.07912486  0.05435935 -0.0020312   0.00707469]
[0.07679683 0.08390031 0.4253215  0.09128457 0.44570457]
[0.1136352  0.19320389 0.06757616 0.21551778 0.51327207]
[3.21200445e-05 8.63507802e-03 1.94601563e-01 4.67183056e-01
 4.34034846e-01]
[0.04047584 0.0819948  0.19952428 0.01917298 0.56380787]
[0.00343533 0.00085442 0.52082968 0.17952629 0.50378335]
[0.03876794 0.02417076 0.71665032 0.06969108 0.00451427]
[0.00092374 0.00193747 0.00782356 0.66961691 0.41243522]
[0.32304674 0.09335937 0.25325484 0.556491   0.0961023 ]
[0.00668259 0.01120355 0.62548243 0.11835736 0.32622429]
[ 5.10554283e-04 -3.41512467e-04  5.95216655e-02  8.51074853e-01
  1.50834419e-01]
[0.43754604 0.12510376 0.01700549 0.27828741 0.42693811]
[0.00502454 0.51162609 0.33846691 0.46899949 0.05757092]
[ 0.52240657  0.05306008  0.07277588 -0.00206915  0.43445343]
[0.40672188 0.13136513 0.32498061 0.24450132 0.30410538]
[-1.60054150e-04 -3.92320236e-04  3.13719832e-03  8.47186464e-01
  3.80052675e-01]
[0.7109659  0.30399491 0.34157194 0.07388813 0.00588643]
[0.01074674 0.01378256 0.25082739 0.60161355 0.24032179]
[0.73029386 0.26432757 0.02356061 0.04493664 0.12812962]
[0.00436878 0.44073182 0.29161568 0.40497297 0.29030112]
[0.05213983 0.00229477 0.5336543  0.40103719 0.11267616]
[0.06505102 0.00091999 0.28873638 0.44792556 0.37608581]
[-3.86432246e-05  1.11128724e-02  3.21700085e-02  6.89375263e-01
  1.29281721e-01]
[0.01811813 0.27176222 0.2503913  0.6403964  0.00592084]
[0.00213806 0.02788581 0.01839952 0.28139582 0.50582517]
[0.56278479 0.13092456 0.24814124 0.2063737  0.25968288]
[0.41779016 0.08715138 0.18049165 0.14722602 0.4410634 ]
[0.45422142 0.13462902 0.05519778 0.59772421 0.05523789]
[0.75114917 0.34528536 0.49097558 0.04207798 0.00438662]
[0.33994132 0.11401606 0.11999377 0.6408973  0.0042549 ]
[ 1.60316526e-01  2.49450079e-01  4.68151967e-01  4.42389663e-01
 -5.03658931e-06]
[0.28410271 0.10619958 0.00320145 0.04449065 0.5419068 ]
[0.43008275 0.00937272 0.22246978 0.17739098 0.45159153]
[-6.80333682e-06 -5.00984986e-04  8.88124054e-04  7.03917473e-01
  1.88877550e-01]
[0.02446444 0.07102306 0.6285174  0.42510692 0.02606467]
[0.01039942 0.01081087 0.05791486 0.00782801 0.59222134]
[0.06525616 0.18125241 0.31478378 0.37147684 0.42989427]
[ 0.89935747  0.1258462   0.10501314 -0.00206474  0.06333122]
[-6.86439586e-05 -5.56045235e-04  3.20665102e-03  9.95338152e-02
  5.91520715e-01]
[0.19896738 0.12795743 0.16937637 0.28602732 0.47632338]
[ 1.20663020e-03 -6.72641171e-05  1.89309618e-04  8.53455956e-01
  1.88477697e-02]
[0.0028733  0.02318616 0.19046199 0.59736278 0.30826856]
[0.50971524 0.80575376 0.05308527 0.0126032  0.06686531]
[0.00258672 0.00303971 0.6027005  0.41331559 0.03540317]
[0.56085807 0.0391399  0.24490703 0.21281987 0.24576301]
[0.00727728 0.01236616 0.49683395 0.54480366 0.12953056]
[0.03460371 0.04669582 0.530581   0.38954526 0.11115215]
[0.41985906 0.10683436 0.01932248 0.56592198 0.25583494]
[0.30113774 0.16033281 0.44968484 0.34865913 0.1194662 ]
[0.06041154 0.02168198 0.55624308 0.21891007 0.27615574]
[0.10957516 0.22689815 0.54708691 0.04257744 0.32381391]
[0.3132967  0.0521945  0.03866827 0.56163693 0.17836943]
[0.00961017 0.12915608 0.0808437  0.24826007 0.51302787]
[0.02924989 0.39862292 0.07627438 0.34700389 0.46903009]
[0.52678484 0.39083438 0.01722071 0.24751296 0.28903584]
[ 1.60840270e-01  2.81785233e-02  1.47558274e-01 -2.11161225e-04
  5.59618429e-01]
[0.2550112  0.08563893 0.11036843 0.4768953  0.38974035]
[0.03750771 0.65776856 0.44000379 0.1322362  0.05770731]
[0.00509637 0.04056777 0.62841744 0.01847112 0.30160621]
[0.42289958 0.01049147 0.01361425 0.00331719 0.54004618]
[6.41530047e-05 2.98795926e-02 6.40397133e-01 2.29589378e-01
 2.72424015e-01]
[0.0680455  0.39912548 0.59640728 0.02863016 0.01858729]
[0.31447248 0.22785026 0.53455196 0.07234169 0.22028647]
[0.10168413 0.0271701  0.17353502 0.39111314 0.48558826]
[0.50612829 0.54872843 0.33405064 0.11628518 0.00551865]
[1.57124091e-04 6.20869072e-04 2.73549390e-02 6.74004931e-01
 4.61464089e-01]
[0.00863787 0.01880078 0.58645985 0.01044976 0.4175183 ]
[0.01227753 0.01489656 0.01316611 0.0044082  0.62235176]
[1.72851400e-01 2.42021067e-01 6.57782334e-01 4.10299206e-04
 5.77486467e-02]
[0.02585509 0.01178706 0.19711998 0.61178569 0.28724114]
[0.10068807 0.6071873  0.26900664 0.46126732 0.13563875]
[0.06642231 0.03410733 0.05869243 0.53778073 0.3742636 ]
[0.03581482 0.37659591 0.02317905 0.62218516 0.09437454]
[0.48256393 0.16968619 0.31536622 0.0089897  0.39449028]
[0.77280803 0.02617154 0.57522186 0.01765461 0.00887734]
[0.24234974 0.08189782 0.36394528 0.53663223 0.04109958]
[0.61488522 0.66673102 0.06218161 0.0747727  0.00595965]
[2.95983452e-02 4.19694723e-04 9.98907915e-01 1.60879907e-02
 1.25454648e-03]
[0.25976764 0.51781927 0.32108599 0.34924646 0.04560582]
[3.39881530e-03 1.52552908e-04 9.86966841e-02 2.83000976e-02
 5.51491589e-01]
[0.00998521 0.71847338 0.47710744 0.01175308 0.06171285]
[0.04718657 0.31804029 0.42074475 0.05657621 0.38673367]
[0.17042344 0.14011709 0.35428074 0.14894841 0.45176703]
[0.01446029 0.03130466 0.62802627 0.30449529 0.02771669]
[0.19403879 0.85436468 0.07649954 0.47486642 0.00538362]
[0.02477789 0.03354492 0.38208347 0.13479067 0.44644354]
[0.01538463 0.58296888 0.28679976 0.06516989 0.39659827]
[0.569446   0.08727326 0.12230704 0.12451916 0.40100719]
[0.00969834 0.0486734  0.44704489 0.42942113 0.30228265]
[0.26241835 0.10114237 0.3585464  0.29769933 0.36628608]
[0.67722223 0.19957744 0.00170989 0.02909884 0.29095773]
[0.0110859  0.16304969 0.02943163 0.00849648 0.61955936]
[0.08996597 0.0813782  0.50789674 0.02124235 0.36088403]
[0.03462826 0.58197754 0.09623604 0.42218971 0.29813211]
[0.32578267 0.25804756 0.12644208 0.591002   0.12417184]
[0.81775449 0.24036483 0.0058545  0.06448858 0.097029  ]
[0.16471585 0.04821011 0.03407927 0.74381586 0.00231719]
[0.0049875  0.01336607 0.05919455 0.60969759 0.32764481]
[0.02131391 0.01084955 0.1065592  0.63226668 0.16552906]
[0.24854049 0.26635164 0.33782073 0.01726046 0.47976491]
[0.00107705 0.00147945 0.00528422 0.56974888 0.49503893]
[0.08086941 0.0308542  0.12400254 0.57193008 0.31245138]
[0.18272319 0.5274145  0.51059499 0.33935164 0.00737249]
[0.00930591 0.02027307 0.63094243 0.03669162 0.37369773]
[2.11680038e-04 5.02188605e-03 4.39039435e-01 2.94533812e-01
 5.34040782e-01]
[0.03530468 0.0232589  0.22104283 0.54368431 0.28673228]
[0.01404003 0.02081692 0.43565565 0.03651638 0.4516753 ]
[0.0019498  0.00592236 0.71159051 0.00886029 0.26258269]
[0.27928559 0.56668058 0.39525104 0.08349011 0.02085488]
[0.00723383 0.01101525 0.22627782 0.01203219 0.55768256]
[ 2.04006292e-04 -4.71318940e-04 -4.48974181e-06  3.04655861e-01
  7.14102716e-01]
[0.06256198 0.07166472 0.40239208 0.14276533 0.43428801]
[0.52200958 0.0533827  0.0369159  0.00179013 0.41834774]
[6.89385261e-02 3.14734283e-02 1.72389100e-01 8.40328674e-01
 5.47110367e-04]
[0.21625593 0.07253975 0.1825256  0.50713622 0.31555684]
[0.06469661 0.50779404 0.15930777 0.4758333  0.22353734]
[0.14685091 0.04908104 0.22037615 0.6795951  0.13007057]
[0.60430118 0.23998355 0.02554707 0.0036734  0.3171302 ]
[0.36135904 0.27937023 0.01924636 0.69061222 0.02862562]
[0.04014674 0.07344646 0.28627913 0.01390451 0.51071733]
[0.04174947 0.0265736  0.03337323 0.62504458 0.1511148 ]
[0.1571275  0.05711459 0.17354919 0.03199092 0.5311601 ]
[0.26579798 0.04697623 0.0370695  0.47782117 0.38444279]
[0.21316    0.15785969 0.53974251 0.25042914 0.29241667]
[0.15361071 0.3011673  0.14416799 0.59868544 0.00177526]
[0.53800194 0.09220202 0.04205996 0.24625474 0.40879526]
[0.21844436 0.41679513 0.02723989 0.57795067 0.04381788]
[0.06031773 0.03168496 0.22145122 0.67926132 0.13106921]
[0.28027314 0.10827828 0.43155591 0.3467102  0.3292473 ]
[ 4.01703987e-02  2.50633593e-02  7.42464171e-01  7.22786303e-02
 -3.74327427e-04]
[0.03530717 0.60502172 0.40508958 0.0166454  0.21522799]
[0.40788627 0.76127712 0.047062   0.16029292 0.01246017]
[0.04026468 0.67634089 0.13793796 0.4976875  0.02409065]
[0.1556488  0.05286822 0.73277326 0.00431059 0.01990102]
[0.29041406 0.13441482 0.24953308 0.41827155 0.31066568]
[0.04604797 0.62896722 0.26711325 0.12235072 0.33382732]
[0.0293899  0.45254403 0.57539533 0.33920535 0.21883885]
[0.00784329 0.10408993 0.6295807  0.11011157 0.28753454]
[0.59706474 0.23081912 0.10456163 0.38724177 0.02130224]
[1.22239386e-03 1.73111103e-03 1.22766047e-04 6.15798027e-01
 2.59510404e-01]
[0.31681798 0.00278389 0.25974426 0.55650938 0.25158916]
[0.10730948 0.00244753 0.4816319  0.0020971  0.51551185]
[0.04674575 0.34076928 0.0165343  0.42164647 0.48232967]
[0.02941115 0.58896363 0.57719951 0.0627787  0.02448049]
[0.00651824 0.0109504  0.48875365 0.32669009 0.3166214 ]
[0.01431243 0.24710175 0.39014556 0.485385   0.06168596]
[0.00105314 0.00141709 0.04270692 0.0978894  0.58334018]
[0.33333418 0.00267123 0.23909475 0.55577946 0.24370474]
[0.01428382 0.07637093 0.37549613 0.57723281 0.06066187]
[0.02797098 0.20246228 0.26152192 0.56327364 0.21800293]
[0.03750266 0.01325166 0.3885382  0.15229162 0.41993485]
[0.0672732  0.72675788 0.30136349 0.3521111  0.10011924]
[0.01104054 0.06931979 0.08530789 0.08141366 0.56473134]
[0.01876275 0.25059166 0.1545526  0.12466419 0.52461215]
[0.02256918 0.06487904 0.57882286 0.38293769 0.03995947]
[4.34931254e-02 6.21304890e-01 4.99840288e-01 6.12530507e-04
 2.76622503e-01]
[0.37604086 0.107439   0.01460828 0.23888203 0.49022101]
[0.04322059 0.12796672 0.36095703 0.52495596 0.24261352]
[0.07773796 0.48466806 0.38297043 0.44249538 0.04618092]
[0.02174239 0.01690756 0.18111573 0.42928237 0.43988872]
[0.1936857  0.17769398 0.11798889 0.63405768 0.09076647]
[ 0.41623949  0.20318969  0.56669862 -0.00213685  0.35612893]
[0.54518613 0.13517266 0.02772515 0.01300391 0.45573772]
[0.00590491 0.59843278 0.39742783 0.42394433 0.06167327]
[0.39847894 0.05079583 0.3457809  0.51126828 0.22196919]
[0.07102796 0.04427157 0.06965148 0.01723361 0.56498761]
[0.10587462 0.0582868  0.51176036 0.56339382 0.02155828]
[0.06275908 0.3612965  0.47154181 0.1680403  0.31562136]
[0.02171103 0.08303948 0.23884768 0.02133589 0.52582955]
[0.01226825 0.07561569 0.37005706 0.56883261 0.11268436]
[0.16326241 0.0327008  0.45849955 0.5046649  0.1277476 ]
[0.07655469 0.14995307 0.0719014  0.70668387 0.001916  ]
[0.34975976 0.12858508 0.36239727 0.0212519  0.38568777]
[2.11785632e-02 1.89728258e-02 9.08070079e-05 6.23412976e-01
 4.26905468e-01]
[0.20476829 0.90159964 0.08072895 0.15985898 0.00528423]
[0.1336412  0.62574924 0.5008475  0.25834548 0.03984356]
[0.14341762 0.06549417 0.74197376 0.03518698 0.00363964]
[0.00453317 0.22873583 0.328822   0.27880952 0.46150689]
[0.06796779 0.06302436 0.35650411 0.27033504 0.45635698]
[0.01186342 0.02282283 0.09138792 0.0436101  0.57944198]
[ 0.00659702  0.09577937  0.07742414 -0.00172227  0.6602737 ]
[0.36262301 0.2803491  0.02899893 0.6875151  0.02859244]
[0.16124245 0.22537482 0.61304132 0.01616716 0.05381322]
[0.130325   0.03734871 0.22318897 0.38173573 0.47749513]
[0.27324012 0.09222087 0.18983313 0.58789427 0.02224254]
[0.25246479 0.06825738 0.19719287 0.61055522 0.10460134]
[0.160933   0.32431604 0.19875034 0.21754017 0.42151369]
[0.10759758 0.0190037  0.4323609  0.0928308  0.47434782]
[1.31519012e-04 5.00640159e-03 3.22825555e-01 5.65933463e-01
 3.46633786e-01]
[ 9.00652487e-03 -4.30233930e-04  7.80955494e-02  9.12616216e-03
  6.21917518e-01]
[0.80811035 0.34264402 0.06729717 0.03734868 0.00387397]
[0.0411453  0.01459213 0.38891252 0.15039156 0.41993485]
[0.00210838 0.02533742 0.01273682 0.60271729 0.30526409]
[0.09504845 0.10133265 0.00951908 0.00971724 0.61321298]
[0.21844412 0.43018693 0.01135328 0.56853896 0.0436588 ]
[0.00923226 0.42866875 0.22922237 0.20991801 0.46122159]
[0.07530777 0.0358175  0.11691844 0.70796003 0.00085083]
[0.18831246 0.19733082 0.53022666 0.03652469 0.29828914]
[0.0043088  0.43489955 0.28776132 0.39842813 0.33205804]
[0.00371214 0.00489672 0.11117724 0.00551799 0.58219389]
[0.44162602 0.14179833 0.41669639 0.03612107 0.3781757 ]
[ 1.35864640e-01  1.87500461e-02  3.22656849e-01 -4.40205836e-05
  5.69514432e-01]
[0.02625186 0.46582784 0.42841496 0.28813155 0.19583706]
[0.08047099 0.77592437 0.12191829 0.48931073 0.00324864]
[0.03895323 0.02114243 0.23485906 0.57504615 0.17482726]
[0.38538312 0.25131134 0.15502703 0.46539549 0.21864702]
[0.04392932 0.00727498 0.02685135 0.02615182 0.6097946 ]
[0.00260774 0.005511   0.18493378 0.56318581 0.41609774]
[2.26303557e-04 6.32584709e-03 1.89873083e-02 2.64462470e-01
 5.51168499e-01]
[1.94775860e-01 3.47323314e-01 4.09564579e-01 5.79566048e-01
 3.32055445e-04]
[2.27952399e-01 4.07647974e-01 4.05733201e-01 6.27039639e-01
 3.87658856e-04]
[-2.44722585e-05  2.22815942e-03  1.33824505e-01  5.96733907e-01
  3.68059741e-01]
[-2.69999257e-05  1.21488424e-02  3.50173401e-02  6.83951122e-01
  2.03220426e-01]
[1.77856829e-01 2.49040307e-01 6.76813214e-01 4.84382192e-04
 2.27707123e-02]
[0.22135723 0.11610085 0.35747744 0.555375   0.1785387 ]
[0.04575665 0.27697833 0.4047718  0.01885101 0.45558801]
[0.00235021 0.00903004 0.445243   0.37644605 0.3738552 ]
[0.26090871 0.17451893 0.42279777 0.51466574 0.04317595]
[1.24378041e-01 6.53028021e-05 4.75218826e-01 9.44727258e-03
 4.20987642e-01]
[0.02116075 0.01110016 0.10637036 0.63114292 0.16777719]
[0.24934629 0.1591647  0.23767138 0.35073295 0.41908728]
[0.30095962 0.29352522 0.12637463 0.59068574 0.12553513]
[0.15353405 0.05133992 0.23039627 0.49672501 0.30314456]
