[0.00504429 0.00288899 0.03187075 0.03087421 0.69976031]
[0.17195703 0.32496184 0.71107649 0.04981443 0.35438638]
[0.05514395 0.07024226 0.05976054 0.72909602 0.2708181 ]
[0.59835421 0.89842984 0.57742369 0.0510296  0.12765978]
[0.02145988 0.01417084 0.00482883 0.07951295 0.76711038]
[0.86939606 0.31309914 0.12772745 0.57353933 0.03946593]
[0.05483877 0.07368566 0.88405487 0.36838971 0.05547268]
[0.63780476 0.13334994 0.28192    0.23055257 0.33154351]
[0.28499732 0.22173062 0.76560497 0.20652664 0.03880655]
[0.02508183 0.69329518 0.46072966 0.49180284 0.0715601 ]
[0.10826138 0.03603788 0.16251836 0.50065341 0.3806657 ]
[0.23802148 0.52739403 0.47703914 0.00173726 0.41652402]
[0.75632475 0.11714745 0.11320027 0.57531277 0.1691193 ]
[-3.95331420e-05  1.10336914e-02  3.19523820e-02  6.60716131e-01
  3.27307878e-01]
[5.80506625e-04 1.43029761e-04 7.08384015e-02 1.27134180e-01
 7.70765844e-01]
[0.14892373 0.02958769 0.01162121 0.62662115 0.59138701]
[0.00668259 0.01120355 0.62548243 0.11835736 0.32622429]
[0.00645308 0.09798631 0.0668894  0.84112755 0.25365367]
[0.54330855 0.01821949 0.4063364  0.54801789 0.16145728]
[0.01129823 0.01265126 0.3445097  0.01934939 0.59131952]
[0.04730635 0.06020281 0.05128518 0.7821823  0.2891246 ]
[0.44132372 0.52615594 0.17505516 0.76099181 0.11432508]
[0.6126099  0.91984326 0.5911781  0.00141064 0.13078244]
[0.00393109 0.18664299 0.09995727 0.43661331 0.46104057]
[0.60464378 0.09742418 0.07679308 0.79396031 0.06116178]
[0.01974284 0.06029422 0.7950833  0.53784555 0.21011391]
[0.03246331 0.95268261 0.35121987 0.57564016 0.083775  ]
[0.70199916 0.16854867 0.58996348 0.00967966 0.14371366]
[0.04695724 0.70093523 0.4742376  0.3773119  0.25333681]
[0.07301497 0.11800236 0.10718858 0.04361381 0.59235095]
[0.73506741 0.60836389 0.13042079 0.09659634 0.24094555]
[0.01716982 0.07541538 0.60721458 0.2392791  0.30151489]
[0.7353038  0.38465898 0.37054246 0.34628982 0.05213984]
[0.17938332 0.18364982 0.15129361 0.02066164 0.64804904]
[0.39269683 0.61017969 0.579245   0.57426572 0.06341446]
[0.42383744 0.0028938  0.09319685 0.41542594 0.49030077]
[0.69154185 0.15567021 0.57678136 0.22669595 0.232429  ]
[0.00683536 0.01579552 0.80671517 0.15327131 0.18748631]
[0.6401773  0.02157595 0.47651359 0.03680264 0.35371855]
[0.18995988 0.03931169 0.60542465 0.21984269 0.31600942]
[0.01270465 0.00803158 0.01558419 0.0191129  0.71235517]
[0.16917345 0.33713453 0.20715028 0.22611189 0.43335288]
[0.44944541 0.29103774 0.24707984 0.55637034 0.19090643]
[0.40186543 0.35383725 0.54534589 0.02775558 0.2676875 ]
[ 1.34786322e-03 -4.07602275e-04  1.40260047e-04  8.88447846e-01
  1.96352664e-02]
[0.1290238  0.17223226 0.47757734 0.72037799 0.07171327]
[1.11347933 0.45803468 0.11328782 0.3756252  0.01832871]
[0.27513108 0.04808371 0.0171017  0.4901626  0.47710404]
[0.30756726 0.16982533 0.46532268 0.46064962 0.36102217]
[0.07679683 0.08390031 0.4253215  0.09128457 0.44570457]
[0.65567412 0.7320102  0.13196384 0.08484442 0.24244089]
[0.2419741  0.28121306 0.36325252 0.60028866 0.26351001]
[0.61918895 0.38708787 0.33392224 0.07498224 0.53086522]
[ 4.07082853e-04 -3.12910333e-05  5.44658000e-02  1.39938785e-01
  7.94024302e-01]
[0.07792814 0.05254025 0.06822235 0.86196384 0.03585387]
[4.12108279e-04 4.13240349e-02 1.30779629e-02 3.18796207e-02
 7.03639387e-01]
[0.1323849  1.05395411 0.12345274 0.59214159 0.01968526]
[0.46856862 0.5998119  0.50682613 0.14729266 0.28683267]
[0.00168673 0.03566742 0.01732491 0.68094548 0.3373091 ]
[0.59039868 0.88647987 0.73691947 0.04418054 0.09479839]
[0.71619046 0.14448928 0.05693057 0.04376554 0.55705929]
[0.01264264 0.02147932 0.02319195 0.12289618 0.60603124]
[0.0947548  0.02686468 0.58634858 0.1486428  0.54006383]
[0.23364866 0.1831999  0.45500566 0.02166414 0.58204323]
[0.1419402  0.01965799 0.06877844 0.76360719 0.19036665]
[0.00130999 0.01373513 0.05913869 0.13617245 0.63188309]
[0.73613224 0.01355758 0.38073083 0.29101916 0.27947621]
[0.04365472 0.11755313 0.20322846 0.817221   0.25980761]
[0.61196043 0.64906651 0.18343842 0.2610805  0.15551255]
[0.57476321 0.528203   0.09877202 0.02654679 0.48065983]
[0.07973543 0.03554035 0.37530508 0.92324148 0.0067342 ]
[0.01191792 0.01265685 0.06508522 0.54104649 0.5277078 ]
[0.93048189 0.35657803 0.14775372 0.19024101 0.03618108]
[0.07924309 0.07585306 0.70419802 0.09981817 0.34276489]
[0.76394223 0.8602991  0.15682567 0.0960885  0.0072395 ]
[ 0.09702513  0.19004266  0.17609499 -0.00071109  0.68787576]
[0.03254738 0.14626244 0.65604405 0.44283125 0.07486424]
[0.59188278 0.04116353 0.25844913 0.51321083 0.13718884]
[0.02215178 0.0146437  0.00498505 0.07843906 0.7598901 ]
[0.72461202 0.38297447 0.17475488 0.36315349 0.15586544]
[0.6667697  1.07971868 0.19367486 0.05731375 0.19446571]
[0.39343967 0.11526331 0.47255673 0.86093333 0.02140615]
[0.35647746 0.39610154 0.79405046 0.09063353 0.25860132]
[0.82727025 0.17313381 0.36566071 0.29966059 0.22702591]
[0.19298812 0.11602323 0.04778308 0.06873571 0.6836115 ]
[0.51870874 0.21383314 0.44086401 0.4518592  0.06587529]
[0.0027593  0.0043757  0.09453411 0.04468164 0.58514198]
[0.94297187 0.42609795 0.12288149 0.53878635 0.00767224]
[0.12757038 0.05812162 0.04499049 0.69159148 0.17242526]
[0.11419983 0.02554314 0.18956251 0.856925   0.14108962]
[0.07903397 1.15390045 0.14673395 0.09457733 0.26961056]
[0.61534544 0.32784405 0.14862336 0.38864324 0.13923164]
[0.02076991 0.10617975 0.47378803 0.76943544 0.07430286]
[0.00989676 0.13295854 0.08942567 0.26964297 0.54649545]
[0.26623673 0.13952119 0.34698916 0.60030496 0.18316478]
[0.00222568 0.00409658 0.09484715 0.04418314 0.58541538]
[8.33695342e-05 3.82256234e-03 1.21164254e-02 2.49983973e-01
 5.57150656e-01]
[0.00622717 0.00352374 0.07086765 0.01184356 0.69488255]
[0.04653327 0.0457706  0.08428067 0.08175622 0.56147558]
[0.16903463 0.4556127  0.78480433 0.00782481 0.26811204]
[0.01242766 0.01645843 0.24933774 0.79798373 0.1712796 ]
[0.27436508 0.84545954 0.09151924 0.25112705 0.37072967]
[0.42743399 0.00540297 0.87804429 0.0599952  0.30457078]
[1.86303388e-05 1.23908816e-02 3.56845134e-02 6.40703932e-01
 3.19771247e-01]
[0.80149165 0.40944566 0.19046476 0.50280607 0.01889091]
[0.04740287 0.02385351 0.08466    0.01392188 0.68940911]
[0.19622255 0.09092474 0.01615318 0.87978714 0.00352448]
[0.43407749 0.12885647 0.02759787 0.4334478  0.51930833]
[0.13571787 0.08774943 0.48053647 0.51740534 0.2463299 ]
[0.39488515 0.29365117 0.15021315 0.70246618 0.14758261]
[0.37475914 0.28974777 0.67516766 0.26344997 0.03028309]
[0.01800447 0.38711613 0.26630876 0.82750073 0.1413533 ]
[0.14249257 0.26923074 0.59308442 0.5662503  0.15724029]
[0.60795059 0.17826483 0.8199942  0.34294132 0.01667574]
[2.68259528e-04 3.84197404e-02 1.48749069e-02 6.97059596e-01
 3.45547595e-01]
[0.06552835 0.07246393 0.48602332 0.61118755 0.22104472]
[0.30755154 0.1683983  0.07467739 0.77516664 0.15396144]
[0.07750844 0.04036076 0.14296917 0.83337416 0.2879499 ]
[0.03076377 0.01959936 0.74998837 0.16275864 0.29680547]
[0.00135177 0.00191228 0.04820774 0.11078505 0.67214093]
[0.00225795 0.00332396 0.00350361 0.20940278 0.7373106 ]
[0.31433113 0.28866173 0.44268611 0.01494028 0.39345347]
[0.03835869 0.01352792 0.2732797  0.03742556 0.63026118]
[0.29248099 0.18968448 0.56332596 0.49720118 0.24771073]
[0.03364212 0.12990955 0.04264096 0.48323389 0.46306405]
[0.64086812 0.69957491 0.23912321 0.10059967 0.21369855]
[0.15353405 0.05133992 0.23039627 0.49672501 0.30314456]
[0.01109794 0.37127701 0.74927195 0.20203495 0.25656733]
[0.62810068 0.52478442 0.6935802  0.16284342 0.08304007]
[0.00185975 0.00488993 0.02326582 0.23867394 0.61796162]
[0.02532298 0.69992158 0.35957667 0.46420852 0.06644117]
[0.16233018 0.44587728 0.7659337  0.1447195  0.2930512 ]
[0.08473536 0.08475305 0.05906569 0.00759082 0.67135663]
[0.0477233  0.01339686 0.11788768 0.17626466 0.56638724]
[0.77708005 0.22801365 0.66679843 0.2255993  0.01605896]
[0.02241254 0.37831191 0.71230182 0.04990397 0.35499772]
[0.18572815 0.8265999  0.36340433 0.2763552  0.3151264 ]
[0.36360044 0.40400487 0.53340702 0.33994383 0.24116866]
[0.25827424 0.13877264 0.41686496 0.2989397  0.44218492]
[0.3978599  0.44401457 0.61702285 0.00282638 0.2253825 ]
[0.32759261 0.61793505 0.40657885 0.04579903 0.326971  ]
[0.30346479 0.23824569 0.36428296 0.01827779 0.54856983]
[0.10090114 0.09235223 0.57178039 0.0241849  0.40633035]
[0.00592059 0.01291572 0.59219072 0.29075061 0.40436764]
[0.02368626 0.08471456 0.69205647 0.27300934 0.29028401]
[0.2550112  0.08563893 0.11036843 0.4768953  0.38974035]
[0.40748736 0.31735049 0.28853624 0.81403247 0.11348282]
[0.22275745 0.34869769 0.41144923 0.74413209 0.03328549]
[0.02018594 0.0194138  0.1821283  0.43169365 0.44440357]
[0.00116859 0.01960154 0.01130007 0.07454539 0.72420658]
[0.08610438 0.04607129 0.01325841 0.0125656  0.82015039]
[0.50311539 0.54604655 0.18722058 0.07830245 0.31899019]
[0.40744392 0.1653355  0.08231815 0.1670169  0.59136241]
[0.04553854 0.13786432 0.64013742 0.43204299 0.06054871]
[0.02546014 0.08780733 0.71957133 0.08256313 0.33656526]
[0.00706616 0.00424632 0.03579794 0.03352671 0.77422854]
[3.64599398e-04 9.69572486e-03 4.80825642e-02 4.77786954e-02
 7.59450934e-01]
[0.33572933 0.97902652 0.13022153 0.58477576 0.04024419]
[0.05495127 0.07360918 0.88426336 0.36847709 0.05548585]
[0.3241374  0.61280617 0.33592838 0.32965924 0.33970061]
[0.66929457 0.13601054 0.29556349 0.24191935 0.34762143]
[0.04022385 0.8130345  0.37586705 0.2994538  0.39291511]
[0.33467704 0.26046539 0.89899229 0.24288076 0.05068136]
[0.53160643 0.21449519 0.51331581 0.00821992 0.44826252]
[0.80132661 0.1378044  0.12019575 0.5928652  0.17652806]
[3.86955340e-04 1.07260138e-02 1.26185548e-01 7.31577957e-01
 3.43813775e-01]
[0.15754119 0.29769472 0.65151853 0.15436305 0.33146172]
[0.01216639 0.02065822 0.65748123 0.12456349 0.34304577]
[0.03993162 0.06764436 0.63861058 0.12303657 0.33498962]
[0.01027011 0.0098906  0.80346201 0.13393067 0.42539289]
[0.0068493  0.10012722 0.06835785 0.85962513 0.26025126]
[0.00747341 0.11317493 0.07720188 0.84596554 0.25634185]
[0.5454379  0.01836273 0.40793005 0.55017537 0.16209203]
[0.24446258 0.19183105 0.46873477 0.02008752 0.6018963 ]
[0.06784841 0.08051832 0.06905111 0.85526896 0.31761677]
[0.45851145 0.54102999 0.17843173 0.7807709  0.1175903 ]
[0.08119257 0.16600303 0.10152268 0.44348093 0.46788454]
[0.51412854 0.60670632 0.14997781 0.85909549 0.12948252]
[0.60727273 0.32939307 0.21823897 0.82525015 0.13387919]
[0.02417282 0.08336638 0.68342727 0.26957867 0.33940637]
[0.2375183  0.24330909 0.1656361  0.02651142 0.64980284]
[0.08340217 0.64991534 0.21144642 0.38186981 0.49508769]
[0.19958516 0.40844695 0.24932978 0.22883511 0.44002747]
[0.22793164 0.04559098 0.00740947 0.98950844 0.07464069]
[0.05640544 0.21777933 0.05940725 0.91729041 0.11095737]
[0.08257804 0.01084549 0.0107363  0.9573652  0.17855501]
[0.02941692 0.0291377  0.22888047 0.98700453 0.02900199]
[0.13410144 0.07233392 0.0485219  1.023827   0.1302354 ]
[0.07721591 0.009795   0.01112567 1.05771899 0.02350296]
[0.23727181 0.2534808  0.47621025 0.18625131 0.45611275]
[0.18825677 0.20230747 0.56101442 0.15134994 0.4940793 ]
[0.69105955 0.77153808 0.13908677 0.08953815 0.25554354]
[8.13173751e-04 3.76900341e-04 9.28040530e-02 1.67191917e-01
 8.79253776e-01]
[0.17624417 0.03924645 0.14706171 0.87164549 0.14351421]
[0.14952484 0.03331314 0.16860256 0.86357721 0.15207544]
[0.06064382 0.04097599 0.0136861  0.04771178 0.76125315]
[0.12023921 0.21280485 0.01374729 0.20334062 0.71946193]
[0.00343366 0.0545588  0.0374019  0.04611569 0.71252153]
[0.04206182 0.04384835 0.02565178 0.22059452 0.64483783]
[0.07030911 0.03007517 0.03992711 0.21634145 0.60677918]
[0.01971456 0.01934361 0.02663468 0.12875546 0.67054725]
[0.08449951 0.09679588 0.08637763 0.79820244 0.29844776]
[0.76746843 0.00980116 0.3969076  0.39532162 0.28292413]
[0.01216817 0.01293632 0.06813706 0.56574342 0.55171904]
[0.85406816 0.4634693  0.3069286  0.44902378 0.13147886]
[0.84581086 0.45898336 0.30396122 0.46592807 0.13072755]
[0.13023155 0.06798103 0.06850674 0.76560912 0.1908654 ]
[0.72260828 0.111899   0.10815257 0.75969694 0.18784338]
[0.64540575 0.34388504 0.15588445 0.40772866 0.14621375]
[0.46405476 0.16251634 0.1823528  0.27276324 0.5484677 ]
[0.04970403 0.39723187 0.40736698 0.35426736 0.55234051]
[0.25417057 0.28228773 0.37293056 0.61633686 0.24055274]
[0.00292387 0.00546853 0.11078153 0.05272594 0.68572109]
[0.07058302 0.11406081 0.10362488 0.0489668  0.59772309]
[0.01103034 0.01242862 0.33762292 0.05481366 0.59009428]
[0.03043664 0.02885594 0.2713627  0.10595281 0.66153745]
[0.00891491 0.00303311 0.3701565  0.07708604 0.66516829]
[0.00869081 0.01482929 0.3419914  0.0555506  0.59773349]
[5.67352402e-04 5.25000119e-02 1.65778792e-02 4.39950455e-01
 5.96186302e-01]
[0.00290634 0.00145373 0.01878178 0.32372689 0.65147996]
[0.01164228 0.01235887 0.06945576 0.57496801 0.5614895 ]
[0.04342043 0.02284695 0.07580204 0.01235399 0.80835128]
[0.02449499 0.04241768 0.27166656 0.05184979 0.71216607]
[0.03144254 0.01640096 0.0806387  0.01218099 0.79870503]
[0.01635469 0.01900077 0.27479941 0.0520093  0.71427094]
[0.03047371 0.01035604 0.50924123 0.82807553 0.21285441]
[0.20093148 0.54161559 0.93275814 0.12208209 0.32683772]
[0.13205179 0.23105122 0.12951341 0.65747069 0.35745338]
[0.06022481 0.12915687 0.1173955  0.66754562 0.41564618]
[0.00831111 0.00869719 0.04950299 0.71449002 0.45516373]
[0.27631516 0.12447972 0.03833002 0.66747263 0.59192355]
[0.07020512 0.08857319 0.05486381 0.71581261 0.34151255]
[0.06858065 0.03746524 0.10376417 0.10114067 0.69764662]
[0.03026599 0.05321761 0.26241839 0.05041218 0.69319572]
[0.40510815 0.18275006 0.05277225 0.97759296 0.00737187]
[0.67120052 0.24071207 0.10056954 0.91144779 0.04347071]
[0.02760162 0.45255469 0.23206895 0.89769214 0.0714064 ]
[0.30582233 0.07851108 0.2861502  0.97984887 0.00735824]
[0.37585155 0.13491501 0.05971983 0.95652417 0.0390207 ]
[0.4426371  0.13140846 0.02814294 0.46560202 0.54420445]
[0.26911233 0.17448903 0.51833914 0.61107524 0.29081384]
[0.4186708  0.31883833 0.16042756 0.7503622  0.1576422 ]
[0.00129221 0.10468239 0.02737966 0.85687724 0.57134556]
[0.00433936 0.03464889 0.43629124 0.7095331  0.41312269]
[0.26893139 0.34655996 0.27960997 0.85135467 0.16405947]
[0.00746399 0.0147502  0.25780494 0.12666346 0.68526472]
[0.33013051 0.30319375 0.45963796 0.02295878 0.42051232]
[0.03198414 0.03034583 0.28508564 0.03913494 0.65750121]
[0.01248383 0.06002878 0.37396446 0.0476604  0.64943739]
[0.13857422 0.03281313 0.11617571 0.68745716 0.4852368 ]
[0.10073902 0.20620447 0.07647242 0.4994151  0.52705335]
[0.09729289 0.09738565 0.07732283 0.60918945 0.53659595]
[0.64472752 0.69986262 0.23991523 0.10093992 0.21540824]
[0.04380434 0.30755163 0.27264555 0.7105591  0.37639001]
[0.25428034 0.28240982 0.3722006  0.62010335 0.31779199]
[0.05489896 0.27307357 0.55700559 0.57689853 0.40455746]
[0.01925853 0.0352256  0.06345991 0.35733906 0.62938842]
[0.03033537 0.05536225 0.0495791  0.36196226 0.63748788]
[0.02127595 0.03855528 0.06955081 0.35403654 0.62639749]
[0.00700226 0.00625746 0.0750092  0.28317701 0.65620726]
[0.01956385 0.03578877 0.06316521 0.35733906 0.62938842]
[0.02702785 0.74676974 0.49490691 0.52930155 0.07702357]
[0.490529   0.18920817 0.38494963 0.6188561  0.16600788]
[0.18857233 0.50829183 0.87543009 0.1655402  0.30890461]
[0.1968394  0.20156359 0.13718975 0.02160243 0.6728083 ]
[0.24102866 0.35000589 0.16565136 0.01739024 0.72907209]
[0.12760031 0.25456431 0.1564427  0.04070979 0.68212402]
[0.52109882 0.18989511 0.0847715  0.02138706 0.72751611]
[0.22925371 0.45047816 0.18519003 0.01914705 0.67152051]
[0.17787773 0.22101558 0.13867022 0.02158206 0.67223096]
[0.01650028 0.07679315 0.53658751 0.30638082 0.56701098]
[0.83918466 0.2462815  0.74893904 0.37446021 0.01823606]
[0.03754745 0.83745538 0.53341188 0.35400668 0.35063661]
[0.76396814 0.22021497 0.67784601 0.34348539 0.29438692]
[0.47837329 0.37583909 0.61856105 0.03139413 0.29846529]
[0.54880963 0.09406278 0.40786921 0.06651206 0.56939177]
[0.11743474 0.09170729 0.62348521 0.13930999 0.56146296]
[0.07678961 0.57641071 0.49515338 0.48396088 0.38998962]
[0.17969056 0.20550545 0.16200438 0.63788837 0.45823116]
[0.02347637 0.67937363 0.45292265 0.78629879 0.0969021 ]
[0.10979552 0.54539833 0.4323094  0.87898797 0.06890504]
[0.1306437  0.04536699 0.19673225 0.60646961 0.46086345]
[0.09708548 0.10346407 0.19502245 0.57423727 0.46969013]
[0.01468101 0.01804384 0.04038395 0.12063773 0.73803727]
[0.04616511 0.14149757 0.65596208 0.44277565 0.07485484]
[0.07944739 0.08400429 0.74282682 0.1053978  0.38218689]
[3.68779909e-05 1.85478100e-02 7.40529676e-02 6.01165562e-02
 8.86145098e-01]
[0.21758292 0.96834729 0.41011176 0.30677047 0.36457986]
[0.59644237 0.4034787  0.36255584 0.26863795 0.37741179]
[0.30082483 0.91661431 0.40127895 0.30011795 0.35671997]
[0.04354735 0.87997858 0.40719891 0.30197627 0.42169127]
[0.04122593 0.87254007 0.40370313 0.3300757  0.42318945]
[0.37848296 0.43419915 0.4127416  0.52451701 0.42159169]
[0.85120918 0.13191756 0.12740545 0.62591409 0.18792898]
[0.20896095 0.21565858 0.73266342 0.22587171 0.46928788]
[0.14204211 0.06039839 0.67503749 0.18155164 0.5337067 ]
[0.34732207 0.34995477 0.67047592 0.17188697 0.37224177]
[0.42897598 0.18094033 0.6725554  0.17204126 0.35950497]
[0.1206574  0.5013758  0.70088159 0.12808212 0.37302797]
[0.07770751 0.05947999 0.07420502 0.91916932 0.27701758]
[0.0786109  0.55146679 0.48872491 0.59940957 0.41710495]
[0.25467184 0.19721561 0.48620006 0.02091602 0.62433583]
[0.06774568 0.08638425 0.07338769 0.89568876 0.33260884]
[0.50346797 0.59411761 0.19660449 0.85774048 0.12919078]
[0.492635   0.58132533 0.21094694 0.84592678 0.12593103]
[0.47473936 0.00331464 0.15674498 0.48106859 0.56743972]
[0.18469159 0.21123654 0.16803856 0.59327203 0.47992025]
[0.47172696 0.0407033  0.15621429 0.47860209 0.56502041]
[0.4959145  0.00348971 0.1026457  0.48491046 0.57195443]
[0.28756369 0.15871717 0.151079   0.60851076 0.49106536]
[0.11162986 0.78370008 0.32956086 0.24390171 0.540675  ]
[0.09732524 0.01249927 0.01247303 1.12758352 0.0251033 ]
[0.29053375 0.30001599 0.70783837 0.24044154 0.48154703]
[0.73265454 0.81800245 0.14745966 0.09505554 0.2709455 ]
[0.0030632  0.06343893 0.04338349 0.05382347 0.72565885]
[0.05395557 0.0077481  0.03858478 0.0500514  0.74283828]
[0.02562128 0.03078328 0.05834092 0.09312763 0.8475079 ]
[0.01345659 0.18019004 0.06728681 0.30962519 0.62903084]
[0.0350021  0.01019594 0.08684264 0.26795401 0.7369432 ]
[0.0223589  0.0218803  0.02976454 0.14489662 0.75327833]
[0.02630712 0.01663433 0.0306082  0.14866107 0.77241567]
[0.0222116  0.02190282 0.03008939 0.14362955 0.74751037]
[0.80348594 0.01069257 0.41553529 0.41397322 0.29621964]
[0.69716215 0.37150365 0.19421765 0.44445187 0.15792443]
[0.35746783 0.77099667 0.28013376 0.29689805 0.58833169]
[0.06008264 0.48002102 0.50049953 0.42230025 0.57106776]
[0.06284202 0.50203234 0.52312503 0.40622469 0.58322879]
[0.27063284 0.29432595 0.39301914 0.64964791 0.25378006]
[0.02541653 0.00739586 0.27358554 0.11253522 0.85126409]
[0.01188353 0.03210703 0.13860079 0.26557074 0.69867206]
[0.49635825 0.38915908 0.24110178 0.34278439 0.59942548]
[0.07305557 0.11865732 0.10760709 0.05219022 0.613562  ]
[0.05216885 0.34679223 0.13543628 0.24513276 0.60282387]
[0.41319023 0.42685951 0.1060751  0.15257137 0.69078782]
[0.51876846 0.08888202 0.38311686 0.06259631 0.59506329]
[0.15921762 0.02687554 0.67185912 0.07776576 0.59911152]
[0.0169966  0.02257463 0.62305303 0.25292687 0.60341278]
[0.0533989  0.7251007  0.36374209 0.07099105 0.60656088]
[0.01337192 0.01516479 0.35316478 0.05585918 0.6170384 ]
[0.02146302 0.26290297 0.07935422 0.54198093 0.60480983]
[0.0218761  0.26793464 0.0808705  0.53658021 0.6015928 ]
[3.39065146e-04 5.75323646e-02 1.74212031e-02 4.79359654e-01
 6.91419905e-01]
[0.02254799 0.04685732 0.01683869 0.44688285 0.6050016 ]
[0.00955433 0.15881974 0.07464769 0.35318667 0.66769317]
[0.01497754 0.22340798 0.02638283 0.42299052 0.76561862]
[0.01345612 0.20090802 0.03254427 0.38368849 0.67122403]
[0.01371901 0.01335377 0.15477997 0.66326161 0.58259063]
[0.01298267 0.01383066 0.07104904 0.64527414 0.6282514 ]
[0.01327287 0.01414931 0.07424244 0.61658831 0.60271862]
[0.06775061 0.03608281 0.11822691 0.020466   0.80320703]
[0.01378769 0.03721442 0.34604217 0.07351367 0.83226183]
[0.00543856 0.0432884  0.54319273 0.88389019 0.22528159]
[0.20714521 0.23696796 0.1867417  0.66363449 0.37435181]
[0.19585713 0.22356626 0.21013731 0.66387065 0.37490474]
[0.02707451 0.44506303 0.30778171 0.66294402 0.36304839]
[0.02858823 0.23452961 0.15778415 0.67390112 0.509185  ]
[0.07197917 0.02622135 0.05804239 0.78073913 0.57406751]
[0.05309226 0.20498993 0.05592504 0.74718815 0.50711726]
[0.17175783 0.11391106 0.20803546 0.88226834 0.35603441]
[0.03304763 0.21395401 0.19033442 0.80797587 0.39009822]
[0.11394413 0.13042315 0.34145859 0.74961344 0.42274797]
[0.07375319 0.07594336 0.18252295 0.21270887 0.72329782]
[0.43122205 0.19456488 0.05658189 1.04084991 0.00787416]
[0.32445961 0.37059897 0.0283975  0.4843531  0.55174771]
[0.4048993  0.40526735 0.17190803 0.80419489 0.16894866]
[0.45506891 0.41404252 0.50975907 0.02685275 0.54957864]
[0.490512   0.73644046 0.47337357 0.0414476  0.5921294 ]
[0.31784723 0.33203158 0.69105629 0.03223502 0.4590106 ]
[0.02470633 0.06680372 0.28570645 0.06137445 0.69867206]
[0.23955609 0.09355082 0.08590512 0.53321044 0.60480983]
[0.24573531 0.04288738 0.18277603 0.59791094 0.56633701]
[0.6993488  0.78086013 0.25661295 0.12971108 0.23700078]
[0.06074458 0.30212529 0.60809473 0.63122314 0.44255006]
[0.06076198 0.42638631 0.60386945 0.62692199 0.44012223]
[0.05918717 0.29438521 0.59268891 0.64114274 0.4399649 ]
[0.01921736 0.03547309 0.0637429  0.35894079 0.66353654]
[0.16590314 0.00454121 0.0560581  0.37642284 0.66432307]
[0.00265303 0.04114356 0.17238988 0.40074327 0.70659547]
[0.02257378 0.00857271 0.15529787 0.58406766 0.78393271]
[0.01661118 0.00882723 0.17820514 0.76284692 0.67218245]
[0.0602075  0.11075741 0.19732525 0.31777496 0.67448044]
[0.02507439 0.00951468 0.11941798 0.480242   0.66314994]
[0.00221231 0.03195085 0.1735817  0.40044446 0.70607111]
[0.0120981  0.00434246 0.08562005 0.70643782 0.77181173]
[0.10885299 0.07071353 0.06642715 0.35866927 0.68885537]
[0.35556996 0.5447989  0.54851951 0.62861314 0.18418867]
[0.44611428 0.33771045 0.42313386 0.80367045 0.19250264]
[0.27906186 0.54841013 0.08678178 0.02194487 0.74476705]
[0.57459485 0.38176034 0.66689941 0.08487596 0.35606706]
[0.30220082 0.46843909 0.44784532 0.91064945 0.06956841]
[0.1379856  0.1621098  0.53078804 0.62530699 0.48301931]
[0.01394996 0.01965035 0.14683799 0.5521446  0.74122073]
[0.02842973 0.0053857  0.05956027 0.28329822 0.75449515]
[0.19059446 0.02908349 0.74108155 0.61471035 0.18356665]
[0.11116366 0.40648805 0.77334513 0.51140205 0.18688533]
[0.0026923  0.29452903 0.76824557 0.29365977 0.41014877]
[0.8523711  0.46246755 0.44788608 0.47538955 0.212657  ]
[0.19111454 0.02661375 0.43641483 0.06376693 0.65851397]
[0.18504845 0.04742254 0.36608264 0.30415757 0.68158303]
[0.25179784 0.08455282 0.29491994 0.40709959 0.61942367]
[0.19725255 0.2607225  0.23411439 0.66250121 0.52969569]
[0.39093191 0.11666401 0.05148785 0.5360522  0.60635474]
[0.05589955 0.05380313 0.06542265 0.81108403 0.59633424]
[0.06112152 0.13246654 0.02035402 0.50679038 0.74960321]
[0.10386039 0.28130966 0.10870356 0.1508924  0.72893462]
[0.00946056 0.12534142 0.50139455 0.52479479 0.62025491]
[0.09869601 0.03664962 0.2134923  0.08021851 0.78598794]
[0.0474544  0.05866579 0.60403563 0.33869942 0.63478824]
[0.09470625 0.03744614 0.44527528 0.06243732 0.61968362]
[0.24396968 0.14242342 0.03344886 0.61515328 0.74638724]
[0.05242472 0.34849059 0.13563417 0.24618825 0.6640672 ]
[0.03003013 0.39738423 0.14819045 0.07848702 0.66465623]
[0.26260426 0.27113308 0.78714846 0.24787058 0.51460265]
[0.12109935 0.23782685 0.05695473 0.43074878 0.68322606]
[0.08144184 0.22055582 0.22960879 0.05492917 0.71845879]
[0.5505448  0.52681534 0.59202264 0.29674247 0.46105902]
[0.15655223 0.07773286 0.08006516 0.94432131 0.41083251]
[0.40881472 0.26666767 0.69353853 0.05198565 0.48198036]
[0.0540087  0.35900431 0.13972064 0.25366734 0.62364342]
[0.03578528 0.48166291 0.32760752 0.81001218 0.36640408]
[0.63164474 0.42024558 0.76465144 0.13688098 0.4009093 ]
[0.00783901 0.04309721 0.5466184  0.89119148 0.2270185 ]
[0.0264393  0.029178   0.17413577 0.40482232 0.71375344]
[0.46271526 0.44322947 0.67256793 0.29140712 0.46625161]
[0.07770581 0.0236095  0.02967296 0.63567562 0.6360143 ]
[0.02594384 0.0099336  0.14333921 0.54191881 0.73052136]
[0.83485509 0.01113381 0.42605909 0.44210226 0.30862346]
[0.30511671 0.65747757 0.39439594 0.27880339 0.55533488]
[0.39815043 0.25969835 0.67545307 0.1727917  0.372923  ]
[0.22552956 0.23279278 0.79071364 0.24393696 0.50649991]
[0.08688271 0.23530046 0.17380576 0.05698485 0.65036542]
[0.31545044 0.15729925 0.40106126 0.70904233 0.37606927]
[0.02530485 0.14919782 0.20403784 1.04986909 0.54222803]
[0.00558545 0.04443809 0.55741968 0.91023771 0.23084919]
[0.53752387 0.15969835 0.03844963 0.56616729 0.56426271]
[0.02703967 0.01765504 0.16525298 0.16408397 0.81334458]
[0.00419692 0.07491912 0.05878354 0.62325291 0.72811215]
[0.26146754 0.20520816 0.50148245 0.02163901 0.64995288]
[0.36890421 0.79567078 0.2890935  0.30646088 0.60715811]
[0.28965814 0.56947716 0.09320955 0.02289092 0.77402474]
[0.23125047 0.0758936  0.28867352 0.6766465  0.54848584]
[0.45909969 0.34967343 0.17591821 0.82299892 0.17289806]
[0.06186076 0.01878316 0.15338673 0.24040901 0.75895349]
[0.08032415 0.5634728  0.49935436 0.61712613 0.41978531]
[0.30348339 0.19097099 0.16399028 0.66067921 0.53585245]
[0.37717662 0.81351861 0.28395483 0.31174234 0.61667016]
[0.44467232 0.29570169 0.53835268 0.65330833 0.37793645]
[0.39793944 0.77190458 0.41260478 0.30601323 0.4272942 ]
[0.01401329 0.25083767 0.23264178 0.98684932 0.39580809]
[0.06552281 0.32587225 0.61094026 0.64132729 0.45126038]
[0.01844773 0.07270723 0.40951682 0.06366364 0.71546267]
[0.07668366 0.04750475 0.11908856 0.11638715 0.80068416]
[0.06550932 0.02061909 0.03035547 0.2613515  0.76771451]
[0.01574902 0.06386234 0.44056829 0.07608219 0.77624296]
[0.04070548 0.03972801 0.36627548 0.0508904  0.84483177]
