[0.10826138 0.03603788 0.16251836 0.50065341 0.3806657 ]
[0.00668259 0.01120355 0.62548243 0.11835736 0.32622429]
[0.00683536 0.01579552 0.80671517 0.15327131 0.18748631]
[0.07679683 0.08390031 0.4253215  0.09128457 0.44570457]
[8.33695342e-05 3.82256234e-03 1.21164254e-02 2.49983973e-01
 5.57150656e-01]
[0.00135177 0.00191228 0.04820774 0.11078505 0.67214093]
[0.15353405 0.05133992 0.23039627 0.49672501 0.30314456]
[0.0477233  0.01339686 0.11788768 0.17626466 0.56638724]
[0.2550112  0.08563893 0.11036843 0.4768953  0.38974035]
[0.11096776 0.03695263 0.16156843 0.5022871  0.38190387]
[0.00203603 0.00618811 0.74053387 0.2523256  0.37025082]
[0.78333985 0.51623294 0.13180948 0.08042329 0.00602007]
[0.02019341 0.34107669 0.64230156 0.0447888  0.32007353]
[0.46737245 0.21615712 0.16636093 0.54342155 0.17922212]
[0.11501173 0.15419086 0.42691357 0.64297794 0.06401338]
[0.09684443 0.03499146 0.68819124 0.09750055 0.13510267]
[ 8.93783963e-05 -3.48535873e-04  9.56305131e-02  4.51615539e-02
  5.91142368e-01]
[0.00407994 0.00468592 0.06096873 0.00987717 0.61295352]
[-3.51903269e-05  1.14200962e-02  3.30144036e-02  7.07495476e-01
  2.10155770e-01]
[0.23121617 0.07759627 0.16058652 0.49701538 0.30348791]
[0.41659745 0.08690094 0.1841499  0.14986663 0.43813337]
[ 5.43243135e-04 -5.15806160e-04  3.68690660e-05  3.28715347e-01
  5.67340234e-01]
[0.00590491 0.59843278 0.39742783 0.42394433 0.06167327]
[0.13386434 0.08696738 0.47455586 0.51093984 0.24325942]
[0.24248439 0.2081535  0.44161215 0.05992258 0.407728  ]
[0.23821542 0.45704311 0.0713409  0.64000885 0.04854906]
[0.00923226 0.42866875 0.22922237 0.20991801 0.46122159]
[0.01669652 0.01889416 0.50669607 0.02946939 0.49859082]
[0.26003647 0.51835543 0.31832811 0.34858819 0.01793862]
[0.02457513 0.02909851 0.75807855 0.12574196 0.14696876]
[0.00484779 0.00741791 0.65804028 0.19151259 0.3267918 ]
[0.23860116 0.21357817 0.44145032 0.05975284 0.40244124]
[0.0640562  0.12059521 0.67921402 0.04400634 0.31473124]
[0.07375721 0.33912358 0.03831285 0.16991971 0.55959858]
[0.00142831 0.00100949 0.01804501 0.07513871 0.78786432]
[0.38451437 0.60775315 0.04003688 0.00898047 0.52845481]
[0.00588829 0.00179761 0.74139947 0.25262303 0.36190875]
[2.26303557e-04 6.32584709e-03 1.89873083e-02 2.64462470e-01
 5.51168499e-01]
[ 4.78718304e-04 -4.44211520e-04  3.79017707e-05  3.04953531e-01
  5.26566238e-01]
[0.01227753 0.01489656 0.01316611 0.0044082  0.62235176]
[0.0049875  0.01336607 0.05919455 0.60969759 0.32764481]
[0.32578267 0.25804756 0.12644208 0.591002   0.12417184]
[0.19099812 0.17475772 0.39853426 0.01852742 0.44856207]
[0.02166638 0.79679522 0.38929423 0.06196226 0.07766754]
[0.53809705 0.36045562 0.07958739 0.59190813 0.04448456]
[0.11397385 0.03619829 0.16532635 0.49600233 0.37898355]
[0.30400016 0.15424374 0.07087094 0.7717071  0.01595686]
[0.21625593 0.07253975 0.1825256  0.50713622 0.31555684]
[0.15869261 0.02396844 0.23332063 0.48332791 0.3956454 ]
[0.160933   0.32431604 0.19875034 0.21754017 0.42151369]
[0.28027314 0.10827828 0.43155591 0.3467102  0.3292473 ]
[0.02037124 0.04145335 0.45863789 0.22866467 0.44177111]
[0.4204171  0.12330149 0.02567334 0.54941159 0.25467229]
[0.01440392 0.21644599 0.19952838 0.630412   0.15580181]
[0.03097467 0.08576042 0.5454744  0.00407339 0.61624539]
[0.00257544 0.02694564 0.56958478 0.05762583 0.49564898]
[0.0676167  0.06347744 0.3502387  0.26974272 0.44727723]
[0.00961017 0.12915608 0.0808437  0.24826007 0.51302787]
[6.31777788e-04 8.03977575e-03 6.75961796e-01 4.54615954e-01
 1.08017815e-01]
[0.10068807 0.6071873  0.26900664 0.46126732 0.13563875]
[ 0.53635852  0.00354646  0.58455385 -0.00213566  0.21528094]
[0.01933966 0.01259971 0.19857871 0.69692643 0.17664184]
[0.03895323 0.02114243 0.23485906 0.57504615 0.17482726]
[0.03316061 0.4946103  0.48726175 0.19635181 0.30264238]
[0.0027735  0.02240588 0.19095168 0.59868448 0.30894908]
[0.13879074 0.02856722 0.44247394 0.57341429 0.09029158]
[0.25190018 0.13198001 0.32831319 0.54743686 0.1763259 ]
[0.00253754 0.00420975 0.25281249 0.56166778 0.36158491]
[0.05677889 0.95495155 0.04321642 0.05036586 0.35815131]
[0.30748288 0.28236282 0.43304545 0.01456813 0.39074427]
[0.0293899  0.45254403 0.57539533 0.33920535 0.21883885]
[ 1.35864640e-01  1.87500461e-02  3.22656849e-01 -4.40205836e-05
  5.69514432e-01]
[0.00737754 0.00808862 0.03297793 0.70746888 0.21014788]
[ 1.29514837e-03 -4.14691275e-04  1.32482006e-04  8.57440321e-01
  1.89374383e-02]
[0.35741305 0.18328094 0.63670212 0.11865726 0.13297517]
[0.03700617 0.6231812  0.5009112  0.00169163 0.32777015]
[0.01388947 0.18308535 0.63104397 0.1036708  0.29296012]
[3.83771861e-04 2.09845961e-04 4.79632963e-02 1.20863856e+00
 9.64184291e-02]
[0.00662094 0.01447113 0.7692536  0.37530639 0.016226  ]
[0.14685091 0.04908104 0.22037615 0.6795951  0.13007057]
[0.07530371 0.03568501 0.32379246 0.6742207  0.0802503 ]
[0.0033859  0.01299174 0.62820991 0.1188828  0.32764847]
[0.00817938 0.0139381  0.32225002 0.04643932 0.55696533]
[0.15359836 0.66059554 0.80727542 0.00590126 0.00812225]
[ 0.77289391  0.07916374  0.05930303 -0.00203108  0.05393676]
[0.63631748 0.02144221 0.4736493  0.2454888  0.22960411]
[0.03876794 0.02417076 0.71665032 0.06969108 0.00451427]
[0.35900652 0.18410041 0.63953964 0.1191956  0.12246669]
[0.06238653 0.10752461 0.44561672 0.0860184  0.46552016]
[4.92841018e-04 5.17777848e-04 3.04657890e-05 2.94644649e-01
 5.08879373e-01]
[ 4.32033815e-04 -9.34663109e-05  1.05171526e-01  1.03216011e-02
  6.06232148e-01]
[0.0039488  0.00581238 0.12529286 0.00649114 0.58032351]
[0.08740351 0.05667844 0.30981656 0.33990558 0.46123851]
[0.30095962 0.29352522 0.12637463 0.59068574 0.12553513]
[0.00744995 1.04302464 0.017864   0.14386858 0.26643055]
[0.54692727 0.03799147 0.23882053 0.47407865 0.12674092]
[0.06796779 0.06302436 0.35650411 0.27033504 0.45635698]
[ 8.68017953e-04 -5.91668704e-04  4.60858688e-03  8.16001871e-01
  2.50081386e-01]
[0.32585551 0.93956447 0.17411668 0.01597118 0.0307409 ]
[0.0055326  0.00060928 0.00402715 0.09974625 0.59378249]
[0.04905527 0.22706202 0.14551813 0.13597577 0.50635099]
[0.0672732  0.72675788 0.30136349 0.3521111  0.10011924]
[0.06525616 0.18125241 0.31478378 0.37147684 0.42989427]
[ 4.12093717e-04  4.13229866e-02  3.05112861e-02 -9.73820217e-04
  6.51318814e-01]
[0.54534801 0.00988614 0.28206573 0.22547531 0.23077529]
[ 1.71231470e-01  1.65178588e-02  1.55468159e-01 -1.05311819e-04
  5.90184513e-01]
[4.92073766e-02 1.79915524e-02 5.16983306e-04 3.43788677e-02
 6.52133381e-01]
[0.11344763 0.03602859 0.16409048 0.49271478 0.38173333]
[0.53228011 0.15813495 0.03385137 0.10394644 0.45200851]
[0.07384617 0.02652279 0.67788915 0.12084855 0.13333309]
[0.07384446 0.20140127 0.0115334  0.99800828 0.00400235]
[0.09968071 0.0912297  0.49355272 0.0128173  0.43350497]
[ 2.65293922e-04  4.30486077e-03  1.49237345e-03 -4.51086178e-04
  6.45381100e-01]
[0.03402241 0.51335921 0.50978594 0.05491929 0.30275541]
[0.06373678 0.11780017 0.00818367 0.0193242  0.62596595]
[0.04481035 0.02855861 0.03624506 0.67376093 0.16288407]
[0.15543088 0.04985804 0.23247951 0.49530561 0.30314456]
[1.72851400e-01 2.42021067e-01 6.57782334e-01 4.10299206e-04
 5.77486467e-02]
[ 0.71249094  0.02147868  0.05456584 -0.00213772  0.18629645]
[0.51421738 0.10739912 0.06846613 0.16765126 0.51791893]
[0.50681316 0.00296704 0.55235863 0.15517752 0.2854472 ]
[0.04499271 0.05864052 0.58977651 0.39340291 0.26532124]
[0.49582972 0.45439667 0.02811091 0.02445137 0.41044595]
[0.57784961 0.62653098 0.37077878 0.07846641 0.0062654 ]
[0.93792265 0.42381351 0.11735724 0.53553533 0.00535548]
[0.61041611 0.22629669 0.06701269 0.51143161 0.14983058]
[0.03853664 0.2822443  0.11936467 0.61891559 0.09114508]
[0.00979827 0.45451029 0.24293216 0.12367396 0.45451148]
[0.01186342 0.02282283 0.09138792 0.0436101  0.57944198]
[0.78923899 0.21193422 0.05086927 0.14237221 0.17431007]
[0.0222205  0.01560097 0.73432247 0.08386907 0.25443803]
[0.0393009  0.66020555 0.1267595  0.48442539 0.34252771]
[0.04737748 0.00050492 0.21048046 0.49068804 0.37479622]
[0.23100577 0.00287846 0.02348429 0.87208984 0.00350275]
[0.35000975 0.53282347 0.20782615 0.64385383 0.00410095]
[0.15214816 0.03464027 0.48675127 0.5315985  0.09029458]
[0.00863787 0.01880078 0.58645985 0.01044976 0.4175183 ]
[0.00475359 0.00726718 0.64568673 0.18787721 0.40638997]
[0.00969834 0.0486734  0.44704489 0.42942113 0.30228265]
[0.64260615 0.02166011 0.47832122 0.00695636 0.35463626]
[0.05025292 0.22738775 0.35428793 0.57252479 0.2590552 ]
[4.94111451e-04 4.00081227e-02 2.64335125e-02 7.07931773e-01
 1.86895017e-01]
[0.32867182 0.21425582 0.13221594 0.56464363 0.23087623]
[3.21200445e-05 8.63507802e-03 1.94601563e-01 4.67183056e-01
 4.34034846e-01]
[0.37697178 0.59582482 0.0392508  0.00886519 0.5358174 ]
[0.00729541 0.00756635 0.65102597 0.13721928 0.34091559]
[0.07757118 0.03640074 0.12054525 0.72931408 0.00088868]
[0.32767761 0.21820442 0.61314331 0.17628736 0.25052912]
[0.0379815  0.63907115 0.49837557 0.04665305 0.31442885]
[0.27260394 0.29519661 0.49801098 0.07204944 0.28914874]
[0.00221161 0.00672922 0.79946665 0.01021994 0.29505756]
[0.45878899 0.29102769 0.44301781 0.14434139 0.00063274]
[0.02174239 0.01690756 0.18111573 0.42928237 0.43988872]
[-1.49989315e-04 -5.77533515e-04  1.01316891e-03  1.22423471e-01
  6.79652946e-01]
[ 4.19040258e-02  6.49462862e-02  1.22693720e-01  6.91521202e-01
 -9.28365731e-07]
[0.6051014  0.5639985  0.04687201 0.03169755 0.21353096]
[0.0604915  0.03308051 0.29924622 0.69847832 0.02126178]
[0.01104054 0.06931979 0.08530789 0.08141366 0.56473134]
[0.03589192 0.07388536 0.02652646 0.70438589 0.25660109]
[0.0019986  0.00214277 0.05819595 0.02547187 0.64921592]
[0.18097162 0.05356319 0.44666173 0.67361101 0.06922135]
[0.00831056 0.38658866 0.20674755 0.27946203 0.46154627]
[0.4323035  0.3341826  0.11046154 0.43226037 0.29199633]
[0.01360231 0.01594803 0.71069514 0.08108347 0.29326624]
[0.08996597 0.0813782  0.50789674 0.02124235 0.36088403]
[0.02625186 0.46582784 0.42841496 0.28813155 0.19583706]
[0.00780152 0.01396992 0.31851258 0.05927527 0.5542348 ]
[0.04088761 0.0209941  0.03418583 0.27568304 0.50500001]
[0.0064216  0.00294032 0.79632823 0.20367318 0.15761786]
[0.01192515 0.28465636 0.44883991 0.5328771  0.06926121]
[0.016389   0.08383796 0.37465568 0.69345785 0.06933808]
[0.45298784 0.20801601 0.91443382 0.04823849 0.00505443]
[ 1.26160908e-03 -4.19201579e-04  3.46643555e-04  8.66999283e-01
  1.91525639e-02]
[0.04608514 0.02083388 0.44350873 0.60790984 0.16846608]
[0.05062644 0.34118622 0.45131036 0.06084194 0.41485446]
[0.81457729 0.5368388  0.13692192 0.07065947 0.00571814]
[0.12030721 0.11329359 0.62251966 0.13660229 0.30720475]
[0.02958943 0.52987682 0.24170374 0.52474604 0.29267909]
[0.00343533 0.00085442 0.52082968 0.17952629 0.50378335]
[0.0020402  0.01658494 0.00797271 0.21237139 0.53821318]
[ 8.83858282e-04 -2.16283202e-04  8.69216486e-05  8.61733805e-01
  1.61072967e-01]
[0.10946257 0.08679422 0.22230753 0.38022002 0.47560822]
[0.17043082 0.13482163 0.70418906 0.03067513 0.12387577]
[0.00244346 0.00080505 0.0049077  0.02589353 0.58317169]
[0.22135723 0.11610085 0.35747744 0.555375   0.1785387 ]
[0.00998521 0.71847338 0.47710744 0.01175308 0.06171285]
[0.41484213 0.08653236 0.18219142 0.14904959 0.43998215]
[0.03712803 0.0244858  0.23383746 0.57516952 0.17418041]
[0.0020291  0.09980727 0.61543893 0.22288036 0.26398243]
[0.00559084 0.02142605 0.73318249 0.13912773 0.00853657]
[0.00513445 0.00224162 0.05264226 0.01087647 0.59298354]
[0.03313687 0.00148847 0.65799587 0.31304364 0.02844272]
[0.1571275  0.05711459 0.17354919 0.03199092 0.5311601 ]
[0.04843549 0.09043413 0.46720548 0.20825654 0.446171  ]
[ 0.09944738  0.00247609  0.74843794 -0.00213589  0.21055315]
[0.00134075 0.00091944 0.55652444 0.27730649 0.27721695]
[0.15430535 0.03156366 0.49174894 0.57015213 0.08766244]
[0.24011038 0.08082348 0.36028209 0.14678475 0.41531891]
[0.03943984 0.08531871 0.20453886 0.01970875 0.57798422]
[1.22239386e-03 1.73111103e-03 1.22766047e-04 6.15798027e-01
 2.59510404e-01]
[0.00092374 0.00193747 0.00782356 0.66961691 0.41243522]
[0.57678991 0.49331489 0.05291976 0.13748903 0.31360385]
[0.68684176 0.5314363  0.03936863 0.15753511 0.02840531]
[0.00991125 0.01148973 0.75537529 0.36647692 0.00329601]
[0.0910105  0.07208313 0.18488224 0.38608127 0.45717269]
[0.19403879 0.85436468 0.07649954 0.47486642 0.00538362]
[0.88317035 0.14513703 0.11222378 0.00126911 0.05253612]
[0.39847894 0.05079583 0.3457809  0.51126828 0.22196919]
[0.19282229 0.19734501 0.3806481  0.2205181  0.38373621]
[0.00147774 0.01227469 0.1966153  0.61436007 0.30478458]
[0.50239363 0.08085018 0.03501157 0.65463979 0.05040041]
[0.13971229 0.09143264 0.18423561 0.57496757 0.17411934]
[0.00723383 0.01101525 0.22627782 0.01203219 0.55768256]
[0.62650755 0.12245567 0.09275181 0.28791444 0.11088956]
[0.00623826 0.36588116 0.39699224 0.62723799 0.00398433]
[0.03721649 0.27259717 0.01936716 0.60120094 0.17839994]
[0.1278271  0.10086114 0.5246224  0.37601471 0.11162552]
[0.0814491  0.8478426  0.09974481 0.53112323 0.01630732]
[0.19134241 0.25894744 0.54801411 0.42082817 0.0309958 ]
[0.28933701 0.04405577 0.06112476 0.49725237 0.40420697]
[0.068535   0.03520882 0.06055623 0.55168929 0.38397739]
[0.00315406 0.02538134 0.18360034 0.57663344 0.34072858]
[0.00280143 0.0041435  0.33376137 0.58517422 0.35838793]
[ 1.75050047e-04 -4.60187035e-05  1.07577165e-02  8.23352542e-01
  2.52350023e-01]
[0.00513371 0.01967741 0.59512181 0.27534859 0.33547735]
[0.0299934  0.403118   0.17179068 0.66128781 0.07480409]
[0.00259033 0.04237486 0.05350808 0.5842099  0.41566419]
[0.51601388 0.00303199 0.53306567 0.15322331 0.28366174]
[0.42509784 0.0978529  0.36125943 0.00533989 0.50451167]
[0.0477717  0.61507982 0.41250481 0.28888898 0.01517461]
[0.07258059 0.10341137 0.43650706 0.02232794 0.46792955]
[0.21316    0.15785969 0.53974251 0.25042914 0.29241667]
[0.57683133 0.26784464 0.63019174 0.11406853 0.00772031]
[0.75114917 0.34528536 0.49097558 0.04207798 0.00438662]
[0.01538463 0.58296888 0.28679976 0.06516989 0.39659827]
[0.00097839 0.00131406 0.00446889 0.56975676 0.49503893]
[0.34016348 0.12726357 0.00384362 0.02528671 0.64224644]
[0.38021205 0.25361773 0.3962306  0.03578733 0.39634481]
[-2.69999257e-05  1.21488424e-02  3.50173401e-02  6.83951122e-01
  2.03220426e-01]
[0.04731007 0.04373155 0.35856257 0.26834043 0.45673434]
[0.25246479 0.06825738 0.19719287 0.61055522 0.10460134]
[0.00571748 0.00200813 0.30584795 0.87025295 0.00362019]
[0.0419053  0.16180663 0.05307505 0.60185317 0.3251226 ]
[0.13953656 0.12788847 0.66704641 0.02551068 0.32980485]
[0.07762361 0.14353071 0.0078617  0.00770803 0.62627645]
[0.17588257 0.08786688 0.22620041 0.69112058 0.02856199]
[0.31681798 0.00278389 0.25974426 0.55650938 0.25158916]
[0.00172678 0.00179756 0.05089586 0.02201018 0.73682704]
[0.1336412  0.62574924 0.5008475  0.25834548 0.03984356]
[0.00268673 0.01167398 0.94860076 0.02252226 0.00783719]
[0.01446029 0.03130466 0.62802627 0.30449529 0.02771669]
[0.15412236 0.04507344 0.0090354  0.68061604 0.25664889]
[0.64902692 0.42763304 0.10908932 0.09764646 0.00704821]
[0.04141503 0.09103827 0.53996962 0.00289747 0.45635949]
[0.00662395 0.01448003 0.76968411 0.37551762 0.01029228]
[0.00502454 0.51162609 0.33846691 0.46899949 0.05757092]
[0.04609161 0.04533197 0.08348313 0.08080584 0.55574764]
[0.01039942 0.01081087 0.05791486 0.00782801 0.59222134]
[0.75542179 0.41783815 0.3091673  0.48077236 0.004372  ]
[0.0374253  0.02328913 0.72330722 0.07034815 0.04316114]
[0.10385615 0.06891462 0.1665138  0.50516766 0.37331711]
[0.02068618 0.01606312 0.17239568 0.4347178  0.44134037]
[0.01738368 0.00307477 0.00765381 0.43569327 0.41607543]
[4.28424906e-04 8.74892294e-04 3.47989135e-04 8.69912300e-01
 1.83373103e-02]
[4.57721636e-04 5.99134336e-04 1.02954085e-04 7.21936955e-01
 2.59157311e-02]
[0.00848517 0.01374068 0.06199098 0.14658784 0.56979846]
[0.11651883 0.15621637 0.42807524 0.64560776 0.0226562 ]
[0.25318311 0.04471913 0.01815616 0.45137105 0.4074791 ]
[2.11785632e-02 1.89728258e-02 9.08070079e-05 6.23412976e-01
 4.26905468e-01]
[0.66229122 0.61734637 0.05130595 0.03489573 0.03351087]
[0.13254514 0.23912125 0.19384184 0.60190065 0.00439386]
[0.67875878 0.38428488 0.16317429 0.03116385 0.04336117]
[0.1183434  0.0242737  0.39524536 0.14269024 0.45443225]
[6.41530047e-05 2.98795926e-02 6.40397133e-01 2.29589378e-01
 2.72424015e-01]
[0.02023198 0.01073272 0.12244927 0.619053   0.17695903]
[0.2823142  0.15216617 0.1145353  0.72077329 0.10140862]
[0.02793302 0.20675769 0.24394723 0.42305637 0.43501049]
[0.03317712 0.45725019 0.08946596 0.39871923 0.47066814]
[ 8.15626704e-02  1.64545828e-01  1.51439491e-01 -2.06959954e-04
  5.93749467e-01]
[0.64035967 0.0909302  0.30026729 0.35082272 0.09874187]
[0.94186989 0.42612841 0.07782984 0.5355082  0.00535519]
[0.00906904 0.00427814 0.03508546 0.70819195 0.1183275 ]
[0.00706133 0.05593127 0.49678816 0.37299413 0.30894908]
[0.09008454 0.05780712 0.45645922 0.3505358  0.37574852]
[0.59971671 0.17302777 0.03075113 0.14324217 0.52070697]
[ 0.00659702  0.09577937  0.07742414 -0.00172227  0.6602737 ]
[-1.09163127e-04  2.25684540e-03  1.34989124e-01  6.01943616e-01
  3.76413152e-01]
[0.39928531 0.19423454 0.48610693 0.05225323 0.28849284]
[0.61567831 0.02072707 0.45828866 0.00807021 0.3415735 ]
[0.30084719 0.5368523  0.46629508 0.05596474 0.02342495]
[0.00210838 0.02533742 0.01273682 0.60271729 0.30526409]
[0.00839406 0.00287328 0.71650488 0.43744482 0.15028056]
[0.3982196  0.25110289 0.64894604 0.09486115 0.00916509]
[0.00076767 0.02916865 0.72368903 0.01018484 0.36448951]
[ 1.60316526e-01  2.49450079e-01  4.68151967e-01  4.42389663e-01
 -5.03658931e-06]
[ 0.04142364  0.09120101  0.12380598 -0.00091386  0.64169913]
[0.01933513 0.09886264 0.44132143 0.66933293 0.07072543]
[1.83586324e-01 8.47009566e-02 1.51017220e-02 8.32142579e-01
 5.37832224e-04]
[0.14606461 0.16221343 0.34953562 0.56481746 0.25873987]
[1.77856829e-01 2.49040307e-01 6.76813214e-01 4.84382192e-04
 2.27707123e-02]
[0.00433508 0.00117994 0.55132031 0.56087108 0.37759753]
[0.25165101 0.72901911 0.13502777 0.43394905 0.0206315 ]
[0.56783385 0.09990201 0.17432244 0.34989321 0.1282841 ]
[0.0085581  0.14784058 0.65682056 0.20693433 0.23868139]
[0.02199496 0.41884535 0.63479808 0.05189743 0.31397901]
[0.59973359 0.12449443 0.26332354 0.19536855 0.20841205]
[0.002085   0.00980709 0.29103916 0.75361696 0.00554695]
[0.02627805 0.00214896 0.79013852 0.01008109 0.29174132]
[0.05935085 0.17576474 0.52378964 0.39484527 0.27536275]
[ 0.66013387  0.01985576  0.3087944  -0.00133895  0.1236187 ]
[0.00245439 0.04479121 0.87947701 0.03235982 0.16841733]
[0.04750182 0.51352637 0.21300142 0.59320921 0.09979404]
[ 3.80279168e-04 -4.39986912e-04  1.20225270e-01  6.22618356e-01
  5.55915469e-01]
[0.30113774 0.16033281 0.44968484 0.34865913 0.1194662 ]
[0.02436286 0.56416356 0.04523621 0.65810951 0.0818998 ]
[0.02446444 0.07102306 0.6285174  0.42510692 0.02606467]
[0.18293851 0.20862616 0.58326503 0.32101179 0.09114452]
[0.30025023 0.1009296  0.45112929 0.16443911 0.30276848]
[0.68983071 0.31929639 0.24554204 0.13020977 0.01195972]
[0.02173452 0.60131429 0.30926139 0.45882137 0.02321388]
[ 5.83768443e-01  1.00094963e-01  4.56414327e-02 -4.33279104e-04
  3.99277670e-01]
[0.19382885 0.43024096 0.70228613 0.13430087 0.01550281]
[0.28512359 0.10994074 0.38955354 0.32362642 0.30849453]
[0.17633267 0.06680682 0.3341168  0.39522682 0.38526698]
[0.066637   0.87224938 0.04256026 0.13299372 0.32473122]
[0.24838033 0.09275787 0.09165661 0.67851021 0.13369135]
[0.32730403 0.94374164 0.17489052 0.0160517  0.02918874]
[0.02561066 0.03338071 0.25537974 0.61765742 0.24671872]
[0.16185054 0.00858252 0.72989603 0.00428522 0.01994766]
[0.25486353 0.27313871 0.34641063 0.0072191  0.52131754]
[0.06041154 0.02168198 0.55624308 0.21891007 0.27615574]
[0.00651824 0.0109504  0.48875365 0.32669009 0.3166214 ]
[ 1.70404290e-03 -2.10372976e-04  5.29212813e-02  9.91460381e-02
  6.01954327e-01]
[0.233753   0.18501763 0.01229136 0.4007998  0.45652251]
[ 0.15540545  0.07049892  0.17559664 -0.00151466  0.53096224]
[0.38538312 0.25131134 0.15502703 0.46539549 0.21864702]
[0.0133739  0.00530095 0.26515375 0.08096155 0.51347252]
[0.04575665 0.27697833 0.4047718  0.01885101 0.45558801]
[0.52569191 0.10365982 0.03490359 0.7188811  0.01562849]
[0.00792035 0.00365816 0.07599497 0.00882306 0.60519027]
[0.40672188 0.13136513 0.32498061 0.24450132 0.30410538]
[0.29342108 0.26275436 0.54281615 0.07396532 0.24160829]
[0.12423956 0.85924008 0.16851898 0.44900399 0.01123198]
[0.18199857 0.06096086 0.12641695 0.39083919 0.42287032]
[0.10251984 0.01295795 0.69748022 0.08980803 0.01680163]
[1.11089213e-04 2.19262813e-02 4.74298103e-01 2.91379089e-01
 4.81940765e-01]
[0.50988124 0.80601627 0.05310257 0.012608   0.06688721]
[0.02627795 0.46628839 0.42830915 0.28821859 0.19532394]
[0.31844806 0.50327169 0.03315147 0.02198154 0.45302814]
[0.14234527 0.09589443 0.08767993 0.6528223  0.16476348]
[0.00930591 0.02027307 0.63094243 0.03669162 0.37369773]
[0.16539433 0.03219793 0.47542046 0.02040402 0.40281824]
[0.00727012 0.00753865 0.64882074 0.13849862 0.3399419 ]
[0.24681321 0.42632988 0.01410776 0.2782835  0.42693215]
[0.69988519 0.30499513 0.08568769 0.21620299 0.01038638]
[ 0.00562235  0.04579058  0.6872576  -0.00119891  0.19389877]
[0.02368978 0.62811722 0.48918249 0.2327184  0.04810348]
[0.00667866 0.01119678 0.62512388 0.11828829 0.32768293]
[0.48256393 0.16968619 0.31536622 0.0089897  0.39449028]
[0.01012634 0.01547675 0.57094139 0.62011583 0.05095454]
[0.50466672 0.01359009 0.3814002  0.11381661 0.29679758]
[0.05213983 0.00229477 0.5336543  0.40103719 0.11267616]
[0.24051809 0.45894107 0.02999586 0.636524   0.04828338]
[ 0.41623949  0.20318969  0.56669862 -0.00213685  0.35612893]
[0.02781774 0.81697655 0.30121422 0.11039747 0.06044213]
[0.75257037 0.39420454 0.37649903 0.3433916  0.00439996]
[0.411876   0.13226793 0.38701806 0.0334717  0.40374949]
[0.00283886 0.02291693 0.19517334 0.61196481 0.30359886]
[0.00822986 0.42731466 0.22534572 0.24984166 0.47301354]
[0.25086906 0.03052941 0.4548996  0.5263124  0.22710678]
[0.26535256 0.14107843 0.06260003 0.62701621 0.12529072]
[ 0.06465262  0.00519992  0.68689831 -0.00156573  0.24995008]
[0.00385564 0.00402678 0.4960858  0.61421876 0.17926689]
[0.32134843 0.50315547 0.55545798 0.10020388 0.00830406]
[0.00187695 0.016857   0.00815165 0.21581511 0.53724316]
[0.04894195 0.00744304 0.07219832 0.63839882 0.23717771]
[0.02034228 0.03096002 0.51143897 0.66111651 0.0302401 ]
[0.44599789 0.07282531 0.18964798 0.56709207 0.08565295]
[0.21257734 0.43505227 0.19194407 0.22327467 0.43144533]
[0.02171103 0.08303948 0.23884768 0.02133589 0.52582955]
[0.03843551 0.64571742 0.13169555 0.47534312 0.36334658]
[0.04986441 0.13516495 0.10905234 0.01738935 0.58273233]
[0.09300754 0.04842106 0.07765167 0.24801948 0.49865838]
[0.00213806 0.02788581 0.01839952 0.28139582 0.50582517]
[0.08753034 0.24319529 0.42201084 0.49872605 0.25350883]
[0.04090529 0.07937877 0.07518675 0.00103343 0.5929312 ]
[0.01915613 0.33925243 0.42335033 0.53366708 0.13584535]
[0.06509099 0.4321022  0.38388968 0.01934841 0.40794014]
[0.15532139 0.08241074 0.56935216 0.35380404 0.12730369]
[0.01370913 0.18158454 0.62588353 0.51872323 0.00139533]
[7.41855416e-04 3.04933239e-04 9.67412942e-05 9.47159074e-01
 1.26957751e-01]
[ 0.76944979  0.07843292  0.0895187  -0.00203109  0.0539316 ]
[0.81775449 0.24036483 0.0058545  0.06448858 0.097029  ]
[0.16782722 0.05623495 0.32027963 0.61680363 0.12739584]
[0.01702298 0.01376632 0.90381476 0.03486181 0.07696979]
[0.22224497 0.01508186 0.09566567 0.70357973 0.12674092]
[0.03971966 0.013188   0.341879   0.64715928 0.27103005]
[0.03928425 0.02516815 0.8348364  0.12617833 0.04774321]
[0.28829176 0.27960677 0.17745603 0.33441762 0.51864625]
[0.45266534 0.01482003 0.85106956 0.01049591 0.15365763]
[0.00739451 0.01882391 0.57081862 0.42114195 0.45714731]
[1.40492521e-02 5.52107271e-04 9.86943165e-01 9.75434005e-02
 1.77381194e-01]
[0.97305478 0.38050091 0.12499532 0.15671625 0.01120784]
[0.5840832  0.35072662 0.31801762 0.07809739 0.05672932]
[0.02059362 0.00539845 0.68787979 0.17275865 0.50409544]
[0.00724857 0.02072667 0.50335824 0.02067838 0.56417377]
[0.56717601 0.64769303 0.11545367 0.07396489 0.07399737]
[0.33623137 0.78722943 0.09763067 0.13680363 0.07178229]
[0.01877228 0.71006389 0.30201829 0.07703898 0.46659337]
[0.83569706 0.22678519 0.41160304 0.15040201 0.01423838]
[2.32439864e-02 7.32298485e-04 1.05667032e-01 8.58508302e-01
 3.57088655e-02]
[0.28811687 0.49997542 0.31872138 0.29310717 0.26670384]
[0.96869695 0.07869037 0.13892248 0.08942989 0.08911487]
[0.71764452 0.02426015 0.27028096 0.01765002 0.3330372 ]
[0.12757038 0.05812162 0.04499049 0.69159148 0.17242526]
[0.15168564 0.66519121 0.19942822 0.2335886  0.29979518]
[0.0952597  0.19475781 0.11906054 0.62305885 0.26679336]
[0.26128305 0.33796344 0.32427053 0.31660559 0.32091756]
[0.33970965 0.39081405 0.23301652 0.63065663 0.0657977 ]
[0.12068774 0.03499539 0.0073383  0.59507698 0.52359203]
[0.16932149 0.3326561  0.07309311 0.01277867 0.62446231]
[0.37924604 0.89041553 0.05956689 0.15389812 0.18824408]
[0.00253338 0.00210804 0.24607755 0.87503893 0.12204264]
[0.37770737 0.31539122 0.79871401 0.0350618  0.08022924]
[0.00358878 0.01740273 0.11105517 0.3313248  0.58486035]
[0.00705338 0.11426938 0.57883585 0.58783185 0.21104061]
[0.11426671 0.79031339 0.15500592 0.40541948 0.14538771]
[0.21360466 0.74159616 0.33453977 0.08217084 0.1725995 ]
[0.00364812 0.09428139 0.02968929 0.78723316 0.14521902]
[0.20689772 0.16217025 0.42942567 0.01020751 0.54065383]
[0.00216238 0.00316906 0.00336356 0.20107699 0.70827729]
[0.36229793 0.28515831 0.30855005 0.01733892 0.55954432]
[0.56532429 0.62107734 0.07722325 0.47937591 0.01097775]
[0.01507829 0.58757299 0.84062197 0.24238978 0.00854885]
[0.28716665 0.49659373 0.39724444 0.11863346 0.32697263]
[0.03458846 0.55216403 0.06928333 0.44229857 0.4333893 ]
[0.14569902 0.6266283  0.76580162 0.04195839 0.16847254]
[0.04998001 0.04772174 0.00511036 0.9753379  0.01865082]
[0.29828231 0.46320559 0.43723154 0.43957308 0.0323875 ]
[0.6126099  0.91984326 0.5911781  0.00141064 0.13078244]
[0.89431341 0.19494867 0.11453564 0.45920179 0.0608435 ]
[0.02834458 0.78295237 0.52026594 0.10786594 0.06804674]
[0.06908274 0.12303907 0.1287392  0.70226322 0.10314985]
[0.03219351 0.02462205 0.26119677 0.73439379 0.04878557]
[0.33966972 0.39059452 0.23825619 0.03031661 0.49863349]
[0.05654639 0.03626826 0.17181452 0.68803195 0.24177755]
[0.27576712 0.078766   0.25520858 0.48120162 0.41689047]
[0.67269792 0.3650066  0.24175921 0.34658623 0.05376867]
[0.42104884 0.26988056 0.68924904 0.13698929 0.01082922]
[0.01093404 0.25086601 0.13441826 0.7241459  0.05058174]
[0.12584409 0.23774067 0.52629591 0.49695671 0.13222448]
[0.26729143 0.55137523 0.41726648 0.01879777 0.28325398]
[0.42343275 0.12568281 0.02692002 0.42283693 0.49666119]
[0.41399574 0.15173302 0.73723468 0.2783059  0.01131153]
[0.52088272 0.01750878 0.38956863 0.52531786 0.1547787 ]
