[0.00504429 0.00288899 0.03187075 0.03087421 0.69976031]
[0.02145988 0.01417084 0.00482883 0.07951295 0.76711038]
[0.63780476 0.13334994 0.28192    0.23055257 0.33154351]
[0.28499732 0.22173062 0.76560497 0.20652664 0.03880655]
[0.10826138 0.03603788 0.16251836 0.50065341 0.3806657 ]
[0.23802148 0.52739403 0.47703914 0.00173726 0.41652402]
[-3.95331420e-05  1.10336914e-02  3.19523820e-02  6.60716131e-01
  3.27307878e-01]
[5.80506625e-04 1.43029761e-04 7.08384015e-02 1.27134180e-01
 7.70765844e-01]
[0.00668259 0.01120355 0.62548243 0.11835736 0.32622429]
[0.6126099  0.91984326 0.5911781  0.00141064 0.13078244]
[0.00393109 0.18664299 0.09995727 0.43661331 0.46104057]
[0.07301497 0.11800236 0.10718858 0.04361381 0.59235095]
[0.01716982 0.07541538 0.60721458 0.2392791  0.30151489]
[0.7353038  0.38465898 0.37054246 0.34628982 0.05213984]
[0.42383744 0.0028938  0.09319685 0.41542594 0.49030077]
[0.00683536 0.01579552 0.80671517 0.15327131 0.18748631]
[0.6401773  0.02157595 0.47651359 0.03680264 0.35371855]
[0.18995988 0.03931169 0.60542465 0.21984269 0.31600942]
[0.40186543 0.35383725 0.54534589 0.02775558 0.2676875 ]
[0.27513108 0.04808371 0.0171017  0.4901626  0.47710404]
[0.07679683 0.08390031 0.4253215  0.09128457 0.44570457]
[4.12108279e-04 4.13240349e-02 1.30779629e-02 3.18796207e-02
 7.03639387e-01]
[0.01264264 0.02147932 0.02319195 0.12289618 0.60603124]
[0.73613224 0.01355758 0.38073083 0.29101916 0.27947621]
[0.59188278 0.04116353 0.25844913 0.51321083 0.13718884]
[0.02215178 0.0146437  0.00498505 0.07843906 0.7598901 ]
[0.0027593  0.0043757  0.09453411 0.04468164 0.58514198]
[0.94297187 0.42609795 0.12288149 0.53878635 0.00767224]
[0.12757038 0.05812162 0.04499049 0.69159148 0.17242526]
[0.00222568 0.00409658 0.09484715 0.04418314 0.58541538]
[8.33695342e-05 3.82256234e-03 1.21164254e-02 2.49983973e-01
 5.57150656e-01]
[1.86303388e-05 1.23908816e-02 3.56845134e-02 6.40703932e-01
 3.19771247e-01]
[0.19622255 0.09092474 0.01615318 0.87978714 0.00352448]
[0.43407749 0.12885647 0.02759787 0.4334478  0.51930833]
[0.37475914 0.28974777 0.67516766 0.26344997 0.03028309]
[0.00135177 0.00191228 0.04820774 0.11078505 0.67214093]
[0.00225795 0.00332396 0.00350361 0.20940278 0.7373106 ]
[0.29248099 0.18968448 0.56332596 0.49720118 0.24771073]
[0.03364212 0.12990955 0.04264096 0.48323389 0.46306405]
[0.15353405 0.05133992 0.23039627 0.49672501 0.30314456]
[0.00185975 0.00488993 0.02326582 0.23867394 0.61796162]
[0.02532298 0.69992158 0.35957667 0.46420852 0.06644117]
[0.0477233  0.01339686 0.11788768 0.17626466 0.56638724]
[0.30346479 0.23824569 0.36428296 0.01827779 0.54856983]
[0.00592059 0.01291572 0.59219072 0.29075061 0.40436764]
[0.02368626 0.08471456 0.69205647 0.27300934 0.29028401]
[0.2550112  0.08563893 0.11036843 0.4768953  0.38974035]
[0.02018594 0.0194138  0.1821283  0.43169365 0.44440357]
[0.40744392 0.1653355  0.08231815 0.1670169  0.59136241]
[0.11096776 0.03695263 0.16156843 0.5022871  0.38190387]
[0.0099562  0.02170624 0.67424316 0.03935707 0.42333287]
[0.01920304 0.51647757 0.15525906 0.68546478 0.13734233]
[0.24637002 0.10943581 0.01961961 0.87509713 0.00355819]
[0.03185417 0.0298775  0.02989665 0.76274145 0.28130328]
[0.01509766 0.03269508 0.65538818 0.3178541  0.02854707]
[0.00203603 0.00618811 0.74053387 0.2523256  0.37025082]
[0.0620351  0.10020688 0.12233743 0.04312127 0.61001664]
[0.04643845 0.04567642 0.08410944 0.08142779 0.5599173 ]
[0.78333985 0.51623294 0.13180948 0.08042329 0.00602007]
[0.02019341 0.34107669 0.64230156 0.0447888  0.32007353]
[0.10932063 0.19359875 0.1066879  0.03514481 0.60229689]
[0.09535554 0.74296013 0.20130543 0.41531004 0.35244738]
[0.00087456 0.0010603  0.12776213 0.03888498 0.71064386]
[0.46737245 0.21615712 0.16636093 0.54342155 0.17922212]
[0.00398365 0.00586626 0.1263474  0.00656384 0.58520916]
[0.03621833 0.05583596 0.56501167 0.78595214 0.06773348]
[0.02350167 0.07234153 0.00784123 0.0202375  0.67829302]
[0.45458399 0.18049092 0.35786774 0.57517341 0.15101377]
[0.11501173 0.15419086 0.42691357 0.64297794 0.06401338]
[0.67715076 0.45055751 0.79856152 0.14474879 0.01054839]
[0.22868052 0.17981433 0.43895023 0.01724401 0.55681744]
[0.09684443 0.03499146 0.68819124 0.09750055 0.13510267]
[0.01110367 0.05569167 0.51071248 0.4908775  0.34538616]
[ 8.93783963e-05 -3.48535873e-04  9.56305131e-02  4.51615539e-02
  5.91142368e-01]
[0.03962704 0.08254323 0.02953876 0.78445331 0.28572632]
[0.00407994 0.00468592 0.06096873 0.00987717 0.61295352]
[0.27977527 0.15079302 0.11350538 0.74116492 0.10368012]
[0.48300015 0.03348076 0.39670004 0.49466482 0.13411399]
[-3.51903269e-05  1.14200962e-02  3.30144036e-02  7.07495476e-01
  2.10155770e-01]
[0.23121617 0.07759627 0.16058652 0.49701538 0.30348791]
[0.61784166 0.18364459 0.03929989 0.12099558 0.52557246]
[1.90884641e-01 2.21377216e-01 2.39246715e-01 1.21945572e-04
 5.80505601e-01]
[0.41659745 0.08690094 0.1841499  0.14986663 0.43813337]
[-4.08840706e-05 -4.81575034e-04  5.34398703e-02  1.37253744e-01
  7.79012033e-01]
[1.13032444e-04 1.93155228e-02 9.29132569e-03 6.99856264e-02
 6.40784225e-01]
[0.51967533 0.53286421 0.3869479  0.0615759  0.07719703]
[0.84539892 0.2481094  0.7544843  0.17731226 0.00192372]
[0.23017434 0.43507802 0.46384037 0.31249515 0.21230803]
[0.00573837 0.0024269  0.0104343  0.09130802 0.69133279]
[0.19290888 0.20600697 0.38597881 0.32680809 0.42855608]
[0.59906958 0.14375179 0.50347391 0.0079455  0.27524647]
[0.75550665 0.19177115 0.58977129 0.209547   0.01489835]
[0.27640448 0.80363079 0.14877086 0.48524206 0.02979058]
[ 5.43243135e-04 -5.15806160e-04  3.68690660e-05  3.28715347e-01
  5.67340234e-01]
[0.08581949 0.17547802 0.08926924 0.44662609 0.46673825]
[0.29291137 0.18996432 0.55419647 0.491994   0.23851433]
[0.00590491 0.59843278 0.39742783 0.42394433 0.06167327]
[0.15737799 0.02531897 0.61500944 0.50967437 0.15224041]
[0.21503977 0.57965551 0.99554602 0.09973858 0.0055989 ]
[0.39203218 0.00263084 0.12943775 0.40623749 0.47416146]
[0.12068774 0.03499539 0.0073383  0.59507698 0.52359203]
[0.00996029 0.00474983 0.03772467 0.76256731 0.12741646]
[0.00391586 0.18594783 0.09958599 0.43677966 0.4609276 ]
[0.13386434 0.08696738 0.47455586 0.51093984 0.24325942]
[0.36500332 0.42883975 0.85690651 0.08505722 0.00551836]
[0.28811687 0.49997542 0.31872138 0.29310717 0.26670384]
[0.38564235 0.51888234 0.58788668 0.33507269 0.0504482 ]
[0.40478641 0.31929264 0.21683284 0.01850736 0.55473907]
[0.02933658 0.43863229 0.56029892 0.32981855 0.32566093]
[0.20907948 1.07716464 0.42272561 0.34854917 0.0071824 ]
[0.24703914 0.39034111 0.02601683 0.4417413  0.50664946]
[ 1.27694823e-02 -2.94125398e-04  5.72423418e-02  1.31975487e-01
  5.92182606e-01]
[0.52088272 0.01750878 0.38956863 0.52531786 0.1547787 ]
[0.07791009 0.04152502 0.01198795 0.01139362 0.93143289]
[0.27256719 0.27888005 0.38919719 0.71008328 0.03174825]
[ 8.41195426e-02  1.64727640e-01  1.52705887e-01 -1.90713066e-04
  5.98716246e-01]
[0.21450932 0.73998029 0.33401686 0.08203906 0.17738521]
[0.24248439 0.2081535  0.44161215 0.05992258 0.407728  ]
[0.23821542 0.45704311 0.0713409  0.64000885 0.04854906]
[0.03949942 0.05124295 0.04850477 0.69992844 0.25872462]
[0.00923226 0.42866875 0.22922237 0.20991801 0.46122159]
[0.23131318 0.26850661 0.76250429 0.07058373 0.25191643]
[0.01669652 0.01889416 0.50669607 0.02946939 0.49859082]
[0.00568921 0.00254002 0.05815319 0.01272097 0.65626694]
[0.02893609 0.08402602 0.63265807 0.4287236  0.02628876]
[0.26003647 0.51835543 0.31832811 0.34858819 0.01793862]
[0.12396022 0.98693023 0.11658264 0.55446421 0.01841138]
[0.04436145 0.06687737 0.12754344 0.71892774 0.00279245]
[0.00852343 0.1616776  0.07387038 0.68478779 0.28196978]
[0.89628364 0.1965704  0.14833865 0.03336328 0.13463774]
[0.04916848 0.03139258 0.03976448 0.73929326 0.17871587]
[0.02457513 0.02909851 0.75807855 0.12574196 0.14696876]
[0.04392562 0.73763123 0.14176483 0.54146515 0.38019888]
[0.15130915 0.68737522 0.2992814  0.28202352 0.32757295]
[0.65382916 0.24243001 0.07178123 0.54259871 0.1598629 ]
[0.00484779 0.00741791 0.65804028 0.19151259 0.3267918 ]
[0.01876399 0.01232841 0.55804238 0.68054053 0.20836979]
[0.23860116 0.21357817 0.44145032 0.05975284 0.40244124]
[0.11426671 0.79031339 0.15500592 0.40541948 0.14538771]
[0.00662719 0.00475639 0.07989585 0.0033414  0.73802834]
[0.0640562  0.12059521 0.67921402 0.04400634 0.31473124]
[0.09711799 0.02022198 0.21673452 0.44741979 0.43564629]
[0.67381859 0.13590673 0.05362032 0.04105001 0.52409002]
[ 0.07225525  0.07109521  0.13055357 -0.00099097  0.67667467]
[0.55604839 0.29620155 0.13430013 0.34905043 0.12559816]
[0.30987441 0.35622014 0.42368867 0.11133613 0.44237126]
[0.07375721 0.33912358 0.03831285 0.16991971 0.55959858]
[ 1.37222423e-04 -3.02316125e-04  4.22359561e-02  1.48561533e-01
  7.72813682e-01]
[0.03402449 0.05765342 0.52734894 0.35461175 0.32296375]
[0.19015234 0.05630891 0.46930242 0.70786026 0.07275033]
[0.00142831 0.00100949 0.01804501 0.07513871 0.78786432]
[0.38451437 0.60775315 0.04003688 0.00898047 0.52845481]
[0.00588829 0.00179761 0.74139947 0.25262303 0.36190875]
[0.41399574 0.15173302 0.73723468 0.2783059  0.01131153]
[0.43800101 0.02304138 0.22685461 0.59070849 0.25048215]
[0.96869695 0.07869037 0.13892248 0.08942989 0.08911487]
[0.0034872  0.00360055 0.60767793 0.7438469  0.21811139]
[2.26303557e-04 6.32584709e-03 1.89873083e-02 2.64462470e-01
 5.51168499e-01]
[0.66624877 0.6419626  0.40025441 0.08575761 0.00686894]
[ 4.78718304e-04 -4.44211520e-04  3.79017707e-05  3.04953531e-01
  5.26566238e-01]
[0.01227753 0.01489656 0.01316611 0.0044082  0.62235176]
[0.0049875  0.01336607 0.05919455 0.60969759 0.32764481]
[0.40615324 0.26488266 0.16338143 0.48980874 0.23025855]
[0.62670658 0.34001616 0.22523093 0.32682722 0.09626464]
[0.05654639 0.03626826 0.17181452 0.68803195 0.24177755]
[0.32578267 0.25804756 0.12644208 0.591002   0.12417184]
[0.01877228 0.71006389 0.30201829 0.07703898 0.46659337]
[0.40650785 0.37344441 0.38235874 0.0256467  0.37765037]
[0.09755055 0.0195918  0.81198461 0.00874888 0.21228656]
[0.25381677 0.13636864 0.40967422 0.29374671 0.43555105]
[0.19099812 0.17475772 0.39853426 0.01852742 0.44856207]
[0.02166638 0.79679522 0.38929423 0.06196226 0.07766754]
[0.53809705 0.36045562 0.07958739 0.59190813 0.04448456]
[0.11397385 0.03619829 0.16532635 0.49600233 0.37898355]
[ 0.74337904  0.02243613  0.05682108 -0.00213717  0.19345836]
[0.23351582 0.44139833 0.47056984 0.31705953 0.20896746]
[0.30400016 0.15424374 0.07087094 0.7717071  0.01595686]
[0.15847287 0.1879981  0.02340572 0.86917171 0.00348969]
[0.14112359 0.1566517  0.42190971 0.23480736 0.50616579]
[0.7172253  0.1441101  0.10627269 0.33317126 0.09231669]
[0.58684746 0.10076449 0.08801691 0.43364007 0.50723259]
[0.21625593 0.07253975 0.1825256  0.50713622 0.31555684]
[0.29853582 0.09050876 0.07430078 0.4755634  0.48263403]
[0.15869261 0.02396844 0.23332063 0.48332791 0.3956454 ]
[-1.85832759e-05 -5.31691619e-04  3.52278541e-02  1.81117742e-01
  7.49258322e-01]
[0.160933   0.32431604 0.19875034 0.21754017 0.42151369]
[0.22384223 0.30546503 0.48504059 0.44468121 0.28205234]
[0.28027314 0.10827828 0.43155591 0.3467102  0.3292473 ]
[0.02037124 0.04145335 0.45863789 0.22866467 0.44177111]
[0.4204171  0.12330149 0.02567334 0.54941159 0.25467229]
[0.01440392 0.21644599 0.19952838 0.630412   0.15580181]
[0.03097467 0.08576042 0.5454744  0.00407339 0.61624539]
[0.01507829 0.58757299 0.84062197 0.24238978 0.00854885]
[0.21514673 0.0836831  0.03227897 0.49071196 0.50636961]
[0.10695631 0.25900523 0.45706605 0.5288289  0.22731279]
[0.00257544 0.02694564 0.56958478 0.05762583 0.49564898]
[0.02520494 0.04619396 0.08123682 0.46010008 0.48573082]
[0.0676167  0.06347744 0.3502387  0.26974272 0.44727723]
[0.00961017 0.12915608 0.0808437  0.24826007 0.51302787]
[6.31777788e-04 8.03977575e-03 6.75961796e-01 4.54615954e-01
 1.08017815e-01]
[0.69617236 0.02311829 0.42349954 0.00811457 0.1246469 ]
[-5.90755212e-05  7.04627763e-03  3.76071600e-02  6.57926805e-01
  3.28346063e-01]
[0.46997827 0.39150993 0.73407764 0.03907327 0.07652981]
[0.16214679 0.05895661 0.17991884 0.03317255 0.54955757]
[0.00320936 0.02640543 0.0133298  0.63075697 0.31235876]
[0.10068807 0.6071873  0.26900664 0.46126732 0.13563875]
[0.02952198 0.0155841  0.0115996  0.03406644 0.68358592]
[ 0.53635852  0.00354646  0.58455385 -0.00213566  0.21528094]
[0.5991766  0.37808241 0.57776044 0.18889098 0.00139138]
[0.00788839 0.0271891  0.71540491 0.0816532  0.29527643]
[0.01933966 0.01259971 0.19857871 0.69692643 0.17664184]
[0.03176078 0.87682602 0.58260214 0.10595548 0.07593254]
[0.03606818 0.02306504 0.69308878 0.1477348  0.27421242]
[0.03895323 0.02114243 0.23485906 0.57504615 0.17482726]
[0.09395742 0.08500891 0.53039003 0.02227824 0.37688289]
[0.64012374 0.02157409 0.4764821  0.03679965 0.35397189]
[ 1.18119416e-02 -3.79740591e-04  1.27904325e-03  8.46783775e-01
  2.59524347e-01]
[0.03316061 0.4946103  0.48726175 0.19635181 0.30264238]
[0.0027735  0.02240588 0.19095168 0.59868448 0.30894908]
[0.13879074 0.02856722 0.44247394 0.57341429 0.09029158]
[0.01289623 0.0159706  0.00786556 0.06270291 0.65491056]
[0.01836885 0.01352812 0.00704864 0.06880913 0.65637663]
[0.25190018 0.13198001 0.32831319 0.54743686 0.1763259 ]
[0.01243463 0.00785031 0.01525621 0.01862383 0.69668437]
[0.00253754 0.00420975 0.25281249 0.56166778 0.36158491]
[0.0010005  0.0020326  0.13907147 0.62020526 0.39015668]
[0.05677889 0.95495155 0.04321642 0.05036586 0.35815131]
[0.20615677 0.1342037  0.73053989 0.05324972 0.26337132]
[0.41045874 0.31727175 0.28621431 0.43159354 0.20917708]
[0.03987498 0.04904238 0.04395774 0.70573517 0.26979234]
[0.21727865 0.46653361 0.41906878 0.03797371 0.4192099 ]
[0.14742655 0.25690045 0.21031466 0.65315036 0.11156235]
[0.0471149  0.75137388 0.09550973 0.62506615 0.24553036]
[0.30748288 0.28236282 0.43304545 0.01456813 0.39074427]
[0.02576624 0.68283311 0.53175895 0.25315814 0.05232523]
[0.41016138 0.39004796 0.38392627 0.08013773 0.23617152]
[0.00528664 0.07893228 0.01005868 0.69084605 0.34548364]
[0.0022968  0.00370049 0.06281561 0.10161102 0.64874403]
[0.78988554 0.12928054 0.3502618  0.03176798 0.10145635]
[0.29828231 0.46320559 0.43723154 0.43957308 0.0323875 ]
[0.67634568 0.08804668 0.72679544 0.21735348 0.01546278]
[0.06068233 0.01995629 0.09118248 0.19535803 0.57374728]
[0.0293899  0.45254403 0.57539533 0.33920535 0.21883885]
[0.10594196 0.04277934 0.45294863 0.16495924 0.48074477]
[0.12208371 0.02897952 0.10008046 0.59963481 0.42488504]
[0.27973692 0.30341761 0.51142801 0.07273235 0.2968769 ]
[0.71782201 0.0242663  0.27034781 0.02904664 0.33330171]
[0.47197455 0.4035841  0.04329596 0.11212096 0.48766729]
[0.6097761  0.50946036 0.67334917 0.03762151 0.07963028]
[ 1.35864640e-01  1.87500461e-02  3.22656849e-01 -4.40205836e-05
  5.69514432e-01]
[0.00987464 0.02152649 0.66881218 0.01221896 0.43525682]
[0.31015205 0.16498464 0.07490373 0.73406343 0.14715281]
[0.00737754 0.00808862 0.03297793 0.70746888 0.21014788]
[0.00724857 0.02072667 0.50335824 0.02067838 0.56417377]
[ 1.29514837e-03 -4.14691275e-04  1.32482006e-04  8.57440321e-01
  1.89374383e-02]
[0.17734952 0.33516155 0.73335513 0.03795312 0.36515482]
[0.35741305 0.18328094 0.63670212 0.11865726 0.13297517]
[0.03700617 0.6231812  0.5009112  0.00169163 0.32777015]
[0.00545704 0.010135   0.01150647 0.02036752 0.79576972]
[0.01388947 0.18308535 0.63104397 0.1036708  0.29296012]
[3.83771861e-04 2.09845961e-04 4.79632963e-02 1.20863856e+00
 9.64184291e-02]
[0.00662094 0.01447113 0.7692536  0.37530639 0.016226  ]
[0.51561639 0.23609366 0.84965275 0.10798061 0.00558449]
[0.004784   0.00852681 0.02424772 0.126464   0.6479121 ]
[0.34297745 0.46333741 0.03319145 0.19974688 0.52266876]
[ 7.29668265e-03 -5.97980194e-04  2.81216352e-02  2.23763915e-01
  7.09386607e-01]
[0.14685091 0.04908104 0.22037615 0.6795951  0.13007057]
[0.14171546 0.26847703 0.59235015 0.26472385 0.31914702]
[0.2838837  0.29047681 0.40534815 0.6943166  0.03177419]
[0.70806455 0.14374449 0.59136358 0.00585871 0.14385163]
[0.14233093 0.26892501 0.58497565 0.55412308 0.14741581]
[0.07530371 0.03568501 0.32379246 0.6742207  0.0802503 ]
[0.0033859  0.01299174 0.62820991 0.1188828  0.32764847]
[0.09565013 0.69960735 0.37118018 0.01648072 0.40697089]
[0.5840832  0.35072662 0.31801762 0.07809739 0.05672932]
[0.06908274 0.12303907 0.1287392  0.70226322 0.10314985]
[0.00586931 0.0053172  0.00557423 0.13836544 0.59201542]
[0.77672082 0.33853746 0.09509912 0.24016872 0.01157111]
[0.00817938 0.0139381  0.32225002 0.04643932 0.55696533]
[0.60885545 0.09810686 0.04243994 0.79437806 0.06119408]
[0.0066928  0.01252554 0.03540525 0.73298325 0.43032951]
[0.09133397 0.05992621 0.71281669 0.2823361  0.30013724]
[0.03561442 0.53106833 0.52313778 0.21096547 0.3522778 ]
[0.01081931 0.75011284 0.46395487 0.33550711 0.31357174]
[0.50517394 0.25335828 0.64939061 0.49796457 0.04301958]
[0.051239   0.09327616 0.1667979  0.85167087 0.02615762]
[0.28654964 0.08379589 0.3911545  0.72223596 0.01692773]
[0.19428476 0.07739011 0.43520612 0.0189625  0.64495232]
[0.45416342 0.10823152 0.10022495 1.07244793 0.00506344]
[0.28950072 0.49881257 0.39945202 0.11930459 0.3287917 ]
[0.57476321 0.528203   0.09877202 0.02654679 0.48065983]
[0.48046481 0.52437131 0.47058608 0.09089442 0.19347518]
[0.20378052 0.41739043 0.15461658 0.26601543 0.55467872]
[0.50311539 0.54604655 0.18722058 0.07830245 0.31899019]
[0.47321732 0.56402587 0.03158319 0.63940214 0.3375183 ]
[0.03076377 0.01959936 0.74998837 0.16275864 0.29680547]
[0.71083565 0.37057199 0.36272019 0.2628536  0.15709189]
[0.08613597 0.01695068 0.0068139  0.97383902 0.01939506]
[0.39080038 0.46187996 0.11410451 0.65316875 0.09842533]
[0.65790201 0.61325202 0.11370557 0.03088318 0.23406565]
[0.6667697  1.07971868 0.19367486 0.05731375 0.19446571]
[0.20078393 0.24675008 0.43275618 0.18353556 0.47012069]
[0.35329546 0.13722134 0.79161742 0.18579779 0.1446486 ]
[0.06533924 0.03581405 0.39329116 0.68034566 0.22190675]
[0.00358878 0.01740273 0.11105517 0.3313248  0.58486035]
[0.57659287 0.08636701 0.2936038  0.76595874 0.12416809]
[0.11045541 0.05653299 0.05792389 0.6471013  0.44682853]
[0.14597276 0.0245914  0.61602428 0.07112486 0.55597817]
[0.08661474 0.04098257 0.41105485 0.7611435  0.00758068]
[0.07973543 0.03554035 0.37530508 0.92324148 0.0067342 ]
[0.06502444 0.12664526 0.03042687 0.22754239 0.63547907]
[0.91003002 0.13834699 0.13135111 0.08444066 0.25011889]
[0.03416096 0.52492746 0.35674741 0.01603118 0.61807563]
[0.03246331 0.95268261 0.35121987 0.57564016 0.083775  ]
[0.93048189 0.35657803 0.14775372 0.19024101 0.03618108]
[0.28000244 0.75481318 0.36609787 0.00646986 0.23163912]
[0.02862291 0.62115497 0.44370682 0.71182444 0.09329079]
[0.05351452 0.03542828 0.31494446 0.00571966 0.65128365]
[0.11383158 0.91777229 0.35920626 0.55877346 0.01974746]
[0.00098114 0.0499662  0.01578766 0.41829582 0.56384719]
[0.03540189 0.07223305 0.4606585  0.23133804 0.44689254]
[0.67172483 0.52794089 0.19936324 0.09387287 0.19787674]
[0.16932149 0.3326561  0.07309311 0.01277867 0.62446231]
[0.43862567 0.11876229 0.2628112  0.76788666 0.01417368]
[0.66026784 0.35705643 0.25326292 0.90448162 0.01024709]
[0.01491506 0.0302802  0.19532409 0.48384286 0.44450668]
[0.1461882  0.76694132 0.33351255 0.08053801 0.5149039 ]
[0.36998286 0.85823683 0.20225204 0.15316567 0.095902  ]
[0.0157915  0.03254564 0.65949272 0.3200829  0.0327286 ]
[0.51863279 0.90010821 0.70209291 0.04175661 0.09108471]
[0.28636982 0.67045541 0.48780862 0.16523767 0.18281844]
[0.51870874 0.21383314 0.44086401 0.4518592  0.06587529]
[0.51157239 0.18956401 0.40262641 0.54299534 0.15997959]
[0.05210655 0.2357693  0.36826136 0.59483847 0.27714862]
[0.03254738 0.14626244 0.65604405 0.44283125 0.07486424]
[0.22192835 0.17138986 0.39992986 0.15518448 0.54567952]
[0.40510815 0.18275006 0.05277225 0.97759296 0.00737187]
[0.06022481 0.12915687 0.1173955  0.66754562 0.41564618]
[0.72461202 0.38297447 0.17475488 0.36315349 0.15586544]
[0.61196043 0.64906651 0.18343842 0.2610805  0.15551255]
[0.01129823 0.01265126 0.3445097  0.01934939 0.59131952]
[0.75699098 0.11498278 0.1208104  0.25878595 0.22045489]
[0.0162608  0.28648627 0.04985851 0.11366557 0.63235124]
[0.00700226 0.00625746 0.0750092  0.28317701 0.65620726]
[0.30680877 0.07876615 0.28561644 0.98054836 0.00460492]
[0.06324799 0.03444316 0.38496508 0.6656696  0.33299376]
[0.10006973 0.0284031  0.37454698 0.42675069 0.50418241]
[0.41857851 0.41897826 0.53282769 0.13750989 0.21897422]
[0.21783754 0.41514117 0.22717553 0.22225727 0.56060863]
[0.10642205 0.00416028 0.04491988 0.86073505 0.03580231]
[0.01109794 0.37127701 0.74927195 0.20203495 0.25656733]
[0.00792691 0.01773513 0.78864443 0.39597341 0.30815747]
[0.64513834 0.41797667 0.3591061  0.08715121 0.19936732]
[0.92339774 0.41724195 0.38354367 0.56708814 0.01470405]
[0.20592435 0.91646896 0.38815133 0.28143083 0.16813288]
[0.41510615 0.16845494 0.08386657 0.17070904 0.60274113]
[0.37833039 0.41906975 0.14787235 0.56410263 0.37649163]
[0.29219376 0.56067114 0.07365715 0.78238455 0.05940347]
[0.31021416 0.07702193 0.18329529 0.82898851 0.06283116]
[0.00989676 0.13295854 0.08942567 0.26964297 0.54649545]
[0.17938332 0.18364982 0.15129361 0.02066164 0.64804904]
[0.49305203 0.321648   0.29391581 0.45919161 0.22513286]
[ 0.09702513  0.19004266  0.17609499 -0.00071109  0.68787576]
[0.02508183 0.69329518 0.46072966 0.49180284 0.0715601 ]
[0.02076991 0.10617975 0.47378803 0.76943544 0.07430286]
[3.11768085e-02 1.57743135e-04 1.38748989e-01 2.67084938e-02
 5.94319509e-01]
[0.44151683 0.36875234 0.85898857 0.17256065 0.07964306]
[0.50324928 0.56992975 0.23095766 0.38186469 0.09992869]
[0.0606505  0.0553382  0.15561443 0.6711219  0.41777861]
[0.11251415 0.16506575 0.43353046 0.73839724 0.07077604]
[0.01697431 0.0604352  0.11692705 0.00762813 0.68929552]
[0.0274484  0.36949523 0.17747766 0.84883911 0.04058297]
[0.13571787 0.08774943 0.48053647 0.51740534 0.2463299 ]
[0.12950614 0.03692358 0.374238   0.43514363 0.50174941]
[0.14432982 0.63294011 0.5004201  0.29090431 0.35436036]
[0.47015239 0.00843908 0.24326161 0.64105767 0.27056322]
[0.24405857 0.27018922 0.46109238 0.46144106 0.3592855 ]
[0.50199737 0.27220026 0.28120332 0.73352337 0.11899195]
[0.27499651 0.06231514 0.45615139 0.73251582 0.0520436 ]
[0.86764961 0.5718481  0.14599876 0.08930865 0.0063716 ]
[-4.23801534e-05  1.73694826e-03  1.78912990e-01  3.40073082e-01
  7.01261031e-01]
[0.01103034 0.01242862 0.33762292 0.05481366 0.59009428]
[0.01568071 0.07298771 0.51283834 0.29461724 0.54270164]
[1.11347933 0.45803468 0.11328782 0.3756252  0.01832871]
[0.0947548  0.02686468 0.58634858 0.1486428  0.54006383]
[0.10826342 0.19450419 0.01250946 0.18417051 0.65363995]
[0.66929457 0.13601054 0.29556349 0.24191935 0.34762143]
[0.06809473 0.04366935 0.05503906 0.76069907 0.18692556]
[0.32759261 0.61793505 0.40657885 0.04579903 0.326971  ]
[0.24522046 0.13210452 0.19829394 0.78951365 0.11003745]
[0.59127487 0.36961453 0.31887013 0.07150592 0.41177616]
[0.54880963 0.09406278 0.40786921 0.06651206 0.56939177]
[0.72051425 0.2802096  0.56583218 0.09143029 0.17028676]
[0.05832407 0.06391835 0.04213757 0.7186514  0.32111668]
[0.01005433 0.00481855 0.03809944 0.77015338 0.12868449]
[0.60464378 0.09742418 0.07679308 0.79396031 0.06116178]
[0.27760601 0.07939112 0.01759525 0.50432542 0.49084105]
[0.05314011 0.06767547 0.06137679 0.72030783 0.26755849]
[0.0536523  0.88294828 0.40570988 0.50028253 0.18283003]
[0.60922595 0.3251748  0.15092576 0.06496123 0.55652212]
[0.73616051 0.38510776 0.37097414 0.3466957  0.05220104]
[0.39488515 0.29365117 0.15021315 0.70246618 0.14758261]
[ 1.34786322e-03 -4.07602275e-04  1.40260047e-04  8.88447846e-01
  1.96352664e-02]
[0.09488233 0.08658538 0.53740035 0.02260109 0.38186913]
[0.01164228 0.01235887 0.06945576 0.57496801 0.5614895 ]
[ 0.54082067  0.00368392  0.58941656 -0.00213554  0.21707501]
[0.04553854 0.13786432 0.64013742 0.43204299 0.06054871]
[0.14249257 0.26923074 0.59308442 0.5662503  0.15724029]
[0.36166129 0.42683494 0.36570736 0.34799191 0.32968692]
[0.02546014 0.08780733 0.71957133 0.08256313 0.33656526]
[0.01145453 0.97080691 0.06839355 0.21497988 0.25403914]
[0.42568622 0.57456589 0.04038924 0.24751048 0.59358207]
[0.09074835 0.10051575 0.04464265 0.74748583 0.22874357]
[0.06413073 0.08175374 0.02676995 0.87420954 0.32309598]
[0.06968037 0.70041149 0.35235974 0.06870262 0.58757026]
[2.15887878e-04 3.54110820e-02 5.44072991e-02 3.08970040e-01
 5.44448811e-01]
[0.04830425 0.01356679 0.11931834 0.17842886 0.57326253]
[0.48544107 0.0690727  0.24473564 0.56599983 0.30592343]
[0.62427727 0.53459345 0.35832377 0.33183907 0.15683827]
[0.16917345 0.33713453 0.20715028 0.22611189 0.43335288]
[0.14700643 0.68831074 0.55087807 0.26233669 0.05422102]
[0.00132415 0.0024368  0.2175863  0.53881884 0.55773151]
[0.04093523 0.32728398 0.41840459 0.33796362 0.52632985]
[0.09176188 0.19691922 0.09484617 0.63994997 0.40615419]
[0.09021421 0.08484222 0.46701251 0.10044212 0.48942792]
[5.72375302e-06 1.72710493e-03 1.78467977e-01 3.39222124e-01
 6.99516293e-01]
[0.08153382 0.04854933 0.01783762 0.015815   0.81671942]
[0.42743399 0.00540297 0.87804429 0.0599952  0.30457078]
[0.03335091 0.39304701 0.20203379 0.78125894 0.0608451 ]
[0.00358881 0.00385996 0.63512343 0.7775365  0.22797982]
[0.76746843 0.00980116 0.3969076  0.39532162 0.28292413]
[0.4426371  0.13140846 0.02814294 0.46560202 0.54420445]
[0.36265723 0.40469084 0.56244714 0.04120289 0.20386357]
[0.24918406 0.41087145 0.37160034 0.76311283 0.04251575]
[0.30756726 0.16982533 0.46532268 0.46064962 0.36102217]
[0.79997086 0.1223906  0.30074548 0.094059   0.1939494 ]
[0.23135068 0.10670914 0.1560372  0.02137663 0.62531393]
[0.23139589 0.43738854 0.46630047 0.31416376 0.2134361 ]
[0.07924309 0.07585306 0.70419802 0.09981817 0.34276489]
[0.71619046 0.14448928 0.05693057 0.04376554 0.55705929]
[0.24905114 0.19530822 0.48498208 0.0088908  0.6199142 ]
[0.13711021 0.82667641 0.10568823 0.56116812 0.16496683]
[0.86939606 0.31309914 0.12772745 0.57353933 0.03946593]
[0.03407082 0.05773236 0.52806341 0.35509506 0.32323263]
[0.25655974 0.1155417  0.3180824  0.92977282 0.00598768]
[0.17713568 0.19793322 0.12868252 0.02013008 0.63578709]
[0.0240345  0.66451548 0.44673971 0.47847511 0.07193293]
[0.11935209 0.83697028 0.44445778 0.04057197 0.38889374]
[0.32409159 0.25221202 0.87057095 0.23513465 0.04906629]
[0.23727181 0.2534808  0.47621025 0.18625131 0.45611275]
[0.46717633 0.24588905 0.16371372 0.77093077 0.05042099]
[0.71330978 0.06100084 0.22124452 0.27308482 0.29036375]
[0.56146123 0.16459015 0.75635077 0.3073721  0.01252611]
[0.02241254 0.37831191 0.71230182 0.04990397 0.35499772]
[0.70199916 0.16854867 0.58996348 0.00967966 0.14371366]
