[0.01738368 0.00307477 0.00765381 0.43569327 0.41607543]
[-2.69999257e-05  1.21488424e-02  3.50173401e-02  6.83951122e-01
  2.03220426e-01]
[0.45531203 0.42104371 0.01253817 0.25116729 0.30620829]
[0.02166638 0.79679522 0.38929423 0.06196226 0.07766754]
[0.21523396 0.10157742 0.3381751  0.52063679 0.2429877 ]
[0.45729388 0.21148435 0.1627736  0.53166094 0.00420608]
[0.64902692 0.42763304 0.10908932 0.09764646 0.00704821]
[0.25165101 0.72901911 0.13502777 0.43394905 0.0206315 ]
[0.00322928 0.00764711 0.66891826 0.3004754  0.07156557]
[0.0222205  0.01560097 0.73432247 0.08386907 0.25443803]
[0.01459191 0.00494935 0.00220511 0.91633649 0.01170219]
[0.29342108 0.26275436 0.54281615 0.07396532 0.24160829]
[0.10984964 0.02894395 0.01391969 0.01032419 0.60635818]
[0.05213983 0.00229477 0.5336543  0.40103719 0.11267616]
[0.34917138 0.00795868 0.5979461  0.02388774 0.12217139]
[0.28109061 0.43722959 0.41250026 0.41459084 0.03053272]
[0.16782722 0.05623495 0.32027963 0.61680363 0.12739584]
[0.30928616 0.09771695 0.46099216 0.11512143 0.3064241 ]
[0.01428382 0.07637093 0.37549613 0.57723281 0.06066187]
[0.60430118 0.23998355 0.02554707 0.0036734  0.3171302 ]
[0.00822986 0.42731466 0.22534572 0.24984166 0.47301354]
[0.05935085 0.17576474 0.52378964 0.39484527 0.27536275]
[0.00623826 0.36588116 0.39699224 0.62723799 0.00398433]
[0.19099812 0.17475772 0.39853426 0.01852742 0.44856207]
[0.00221161 0.00672922 0.79946665 0.01021994 0.29505756]
[0.13971229 0.09143264 0.18423561 0.57496757 0.17411934]
[0.00315406 0.02538134 0.18360034 0.57663344 0.34072858]
[ 2.65293922e-04  4.30486077e-03  1.49237345e-03 -4.51086178e-04
  6.45381100e-01]
[ 5.83768443e-01  1.00094963e-01  4.56414327e-02 -4.33279104e-04
  3.99277670e-01]
[0.00961017 0.12915608 0.0808437  0.24826007 0.51302787]
[0.1666804  0.00761041 0.46254986 0.62860842 0.02275881]
[0.1936857  0.17769398 0.11798889 0.63405768 0.09076647]
[0.10946257 0.08679422 0.22230753 0.38022002 0.47560822]
[0.08209478 0.00409156 0.70436285 0.005547   0.01894749]
[0.12459588 0.09829952 0.52423792 0.37915432 0.11173597]
[ 0.15540545  0.07049892  0.17559664 -0.00151466  0.53096224]
[0.09300754 0.04842106 0.07765167 0.24801948 0.49865838]
[2.11785632e-02 1.89728258e-02 9.08070079e-05 6.23412976e-01
 4.26905468e-01]
[0.00120057 0.00313014 0.17705649 0.93599896 0.01139715]
[0.0043913  0.44292136 0.29306269 0.40580651 0.29138287]
[0.002085   0.00980709 0.29103916 0.75361696 0.00554695]
[0.24681321 0.42632988 0.01410776 0.2782835  0.42693215]
[0.04894195 0.00744304 0.07219832 0.63839882 0.23717771]
[-1.16066097e-04 -6.04455652e-04  7.56493277e-05  2.41860024e-01
  6.28024486e-01]
[0.04481035 0.02855861 0.03624506 0.67376093 0.16288407]
[0.41985906 0.10683436 0.01932248 0.56592198 0.25583494]
[0.61712891 0.02077733 0.45936827 0.23802307 0.20980419]
[0.02034228 0.03096002 0.51143897 0.66111651 0.0302401 ]
[0.00863787 0.01880078 0.58645985 0.01044976 0.4175183 ]
[0.1870643  0.03870368 0.62650734 0.22737138 0.01824917]
[0.13254514 0.23912125 0.19384184 0.60190065 0.00439386]
[0.26535256 0.14107843 0.06260003 0.62701621 0.12529072]
[0.8280967  0.11999266 0.05762466 0.16902438 0.04995351]
[0.26579798 0.04697623 0.0370695  0.47782117 0.38444279]
[0.01572892 0.01569651 0.45564167 0.22338245 0.38330545]
[0.01552225 0.87580707 0.11106634 0.22117968 0.0799808 ]
[0.59973359 0.12449443 0.26332354 0.19536855 0.20841205]
[0.54518613 0.13517266 0.02772515 0.01300391 0.45573772]
[0.19304389 0.41525344 0.59136071 0.08625338 0.0083157 ]
[ 4.19040258e-02  6.49462862e-02  1.22693720e-01  6.91521202e-01
 -9.28365731e-07]
[0.01300186 0.02043555 0.67926745 0.18964244 0.26105043]
[ 0.00562235  0.04579058  0.6872576  -0.00119891  0.19389877]
[0.4323035  0.3341826  0.11046154 0.43226037 0.29199633]
[0.02116075 0.01110016 0.10637036 0.63114292 0.16777719]
[0.02023198 0.01073272 0.12244927 0.619053   0.17695903]
[0.00475359 0.00726718 0.64568673 0.18787721 0.40638997]
[0.82271382 0.24182594 0.00545789 0.06489236 0.0976194 ]
[0.13505065 0.64721449 0.06147067 0.52509151 0.14364059]
[1.31519012e-04 5.00640159e-03 3.22825555e-01 5.65933463e-01
 3.46633786e-01]
[0.1687722  0.26409358 0.66074823 0.09515266 0.00784364]
[0.35706622 0.81256417 0.10201034 0.02954955 0.02735149]
[0.61488522 0.66673102 0.06218161 0.0747727  0.00595965]
[0.79952448 0.15795722 0.05461734 0.18016204 0.01393861]
[0.11197612 0.77448206 0.15190219 0.08615707 0.00717831]
[0.0020291  0.09980727 0.61543893 0.22288036 0.26398243]
[0.10251984 0.01295795 0.69748022 0.08980803 0.01680163]
[1.07308020e-04 6.13038633e-03 7.77086667e-01 1.66633034e-01
 3.62254483e-01]
[0.0293899  0.45254403 0.57539533 0.33920535 0.21883885]
[0.21257734 0.43505227 0.19194407 0.22327467 0.43144533]
[6.14511007e-03 1.64620437e-04 7.33211840e-01 2.76887038e-01
 3.76186149e-01]
[0.01404003 0.02081692 0.43565565 0.03651638 0.4516753 ]
[0.02816762 0.34003456 0.42515401 0.22190402 0.39792064]
[0.01538463 0.58296888 0.28679976 0.06516989 0.39659827]
[0.12030843 0.10304082 0.21226631 0.66972838 0.00742248]
[0.08996597 0.0813782  0.50789674 0.02124235 0.36088403]
[0.07762361 0.14353071 0.0078617  0.00770803 0.62627645]
[0.09008454 0.05780712 0.45645922 0.3505358  0.37574852]
[0.24838033 0.09275787 0.09165661 0.67851021 0.13369135]
[0.64035967 0.0909302  0.30026729 0.35082272 0.09874187]
[0.75114917 0.34528536 0.49097558 0.04207798 0.00438662]
[0.26003647 0.51835543 0.31832811 0.34858819 0.01793862]
[0.27928559 0.56668058 0.39525104 0.08349011 0.02085488]
[0.42174635 0.12772638 0.0405267  0.39972148 0.50237756]
[0.03721649 0.27259717 0.01936716 0.60120094 0.17839994]
[2.42601571e-01 4.62919118e-01 3.02559899e-02 6.42052584e-01
 4.20211180e-04]
[0.0130276  0.02000992 0.56825084 0.61280634 0.05004969]
[0.32867182 0.21425582 0.13221594 0.56464363 0.23087623]
[0.15532139 0.08241074 0.56935216 0.35380404 0.12730369]
[0.17043082 0.13482163 0.70418906 0.03067513 0.12387577]
[0.31681798 0.00278389 0.25974426 0.55650938 0.25158916]
[0.31747767 0.24417    0.08188677 0.32830301 0.43939645]
[0.75257037 0.39420454 0.37649903 0.3433916  0.00439996]
[0.00590491 0.59843278 0.39742783 0.42394433 0.06167327]
[0.61567831 0.02072707 0.45828866 0.00807021 0.3415735 ]
[0.118132   0.07596127 0.59832467 0.07923866 0.31715468]
[ 0.52240657  0.05306008  0.07277588 -0.00206915  0.43445343]
[0.03887282 0.5875415  0.58336504 0.06315548 0.05100671]
[ 0.08525171  0.04570987  0.7117497  -0.00213661  0.20021266]
[0.0640562  0.12059521 0.67921402 0.04400634 0.31473124]
[0.0419053  0.16180663 0.05307505 0.60185317 0.3251226 ]
[0.05062644 0.34118622 0.45131036 0.06084194 0.41485446]
[0.18831246 0.19733082 0.53022666 0.03652469 0.29828914]
[0.06389807 0.03329604 0.24361599 0.66440231 0.11884171]
[0.15974258 0.24855578 0.46647752 0.44079986 0.04315389]
[0.00930591 0.02027307 0.63094243 0.03669162 0.37369773]
[1.77856829e-01 2.49040307e-01 6.76813214e-01 4.84382192e-04
 2.27707123e-02]
[0.04609161 0.04533197 0.08348313 0.08080584 0.55574764]
[ 1.62723098e-01  7.38436756e-02  5.86252420e-01 -4.98591276e-04
  2.27160762e-01]
[0.42095184 0.93479445 0.05271073 0.42978046 0.00376233]
[0.48557377 0.09985037 0.51024711 0.34376073 0.04637789]
[2.26303557e-04 6.32584709e-03 1.89873083e-02 2.64462470e-01
 5.51168499e-01]
[0.10068807 0.6071873  0.26900664 0.46126732 0.13563875]
[0.569446   0.08727326 0.12230704 0.12451916 0.40100719]
[0.26515629 0.11283523 0.0193596  0.07998718 0.50744802]
[0.02781774 0.81697655 0.30121422 0.11039747 0.06044213]
[0.03876794 0.02417076 0.71665032 0.06969108 0.00451427]
[-1.08781723e-04  2.38873857e-03  9.22536047e-01  9.10381654e-02
  7.71861899e-02]
[0.05040386 0.00943049 0.01429    0.85951979 0.00237814]
[0.02861454 0.38037536 0.02873713 0.59327369 0.20028689]
[ 9.00652487e-03 -4.30233930e-04  7.80955494e-02  9.12616216e-03
  6.21917518e-01]
[0.69988519 0.30499513 0.08568769 0.21620299 0.01038638]
[0.0247353  0.68377282 0.49965234 0.09785053 0.06181495]
[0.41779016 0.08715138 0.18049165 0.14722602 0.4410634 ]
[0.07655469 0.14995307 0.0719014  0.70668387 0.001916  ]
[0.05025292 0.22738775 0.35428793 0.57252479 0.2590552 ]
[0.77280803 0.02617154 0.57522186 0.01765461 0.00887734]
[0.88317035 0.14513703 0.11222378 0.00126911 0.05253612]
[0.1073778  0.09916523 0.4265777  0.4590718  0.23722889]
[0.16326241 0.0327008  0.45849955 0.5046649  0.1277476 ]
[0.44599789 0.07282531 0.18964798 0.56709207 0.08565295]
[ 0.53635852  0.00354646  0.58455385 -0.00213566  0.21528094]
[0.50239363 0.08085018 0.03501157 0.65463979 0.05040041]
[0.25318311 0.04471913 0.01815616 0.45137105 0.4074791 ]
[ 1.59510205e-03 -2.33702040e-04  4.87925564e-02  9.12536679e-02
  5.55022181e-01]
[-6.86439586e-05 -5.56045235e-04  3.20665102e-03  9.95338152e-02
  5.91520715e-01]
[ 0.71058966  0.07238763  0.0410105  -0.00204087  0.24896201]
[0.01054718 0.01465336 0.46539261 0.08756233 0.48754762]
[0.34975976 0.12858508 0.36239727 0.0212519  0.38568777]
[0.00651824 0.0109504  0.48875365 0.32669009 0.3166214 ]
[0.08086941 0.0308542  0.12400254 0.57193008 0.31245138]
[0.0202547  0.02411984 0.64578191 0.10679267 0.1251326 ]
[4.57721636e-04 5.99134336e-04 1.02954085e-04 7.21936955e-01
 2.59157311e-02]
[0.29815857 0.10853977 0.00488135 0.0193858  0.56226536]
[0.18293851 0.20862616 0.58326503 0.32101179 0.09114452]
[0.04090529 0.07937877 0.07518675 0.00103343 0.5929312 ]
[ 0.03407283  0.00319229  0.72552428 -0.00202979  0.05452379]
[0.07576981 0.05978274 0.56182634 0.57394489 0.02841908]
[0.14685091 0.04908104 0.22037615 0.6795951  0.13007057]
[0.00210838 0.02533742 0.01273682 0.60271729 0.30526409]
[ 0.41623949  0.20318969  0.56669862 -0.00213685  0.35612893]
[0.51803006 0.83691542 0.00810143 0.01568008 0.06882017]
[0.15430535 0.03156366 0.49174894 0.57015213 0.08766244]
[0.0477717  0.61507982 0.41250481 0.28888898 0.01517461]
[0.24854049 0.26635164 0.33782073 0.01726046 0.47976491]
[0.0049875  0.01336607 0.05919455 0.60969759 0.32764481]
[ 0.71249094  0.02147868  0.05456584 -0.00213772  0.18629645]
[0.04905527 0.22706202 0.14551813 0.13597577 0.50635099]
[0.33262151 0.52489473 0.05965618 0.45509776 0.13335122]
[0.15070613 0.02544607 0.21196125 0.46461579 0.38167705]
[0.18937623 0.83383845 0.07466163 0.46717515 0.00574162]
[ 1.60316526e-01  2.49450079e-01  4.68151967e-01  4.42389663e-01
 -5.03658931e-06]
[0.02732348 0.0288161  0.05526012 0.51037952 0.40996248]
[0.7109659  0.30399491 0.34157194 0.07388813 0.00588643]
[0.69878334 1.04928407 0.05638313 0.00164374 0.12647144]
[0.06525616 0.18125241 0.31478378 0.37147684 0.42989427]
[0.00571748 0.00200813 0.30584795 0.87025295 0.00362019]
[0.63002881 0.22170852 0.40133857 0.01227877 0.03355894]
[0.52569191 0.10365982 0.03490359 0.7188811  0.01562849]
[0.02171103 0.08303948 0.23884768 0.02133589 0.52582955]
[0.21316    0.15785969 0.53974251 0.25042914 0.29241667]
[0.03244216 0.06481275 0.58061897 0.35053247 0.01027829]
[0.25486174 0.08172718 0.2143254  0.47543801 0.31503843]
[0.00649534 0.00731695 0.49702039 0.24040741 0.53634349]
[0.02571306 0.61338919 0.47782437 0.22637409 0.04762416]
[ 5.10554283e-04 -3.41512467e-04  5.95216655e-02  8.51074853e-01
  1.50834419e-01]
[-6.80333682e-06 -5.00984986e-04  8.88124054e-04  7.03917473e-01
  1.88877550e-01]
[0.50466672 0.01359009 0.3814002  0.11381661 0.29679758]
[0.06642231 0.03410733 0.05869243 0.53778073 0.3742636 ]
[0.00979827 0.45451029 0.24293216 0.12367396 0.45451148]
[0.30084719 0.5368523  0.46629508 0.05596474 0.02342495]
[0.0039488  0.00581238 0.12529286 0.00649114 0.58032351]
[0.0133739  0.00530095 0.26515375 0.08096155 0.51347252]
[ 0.77289391  0.07916374  0.05930303 -0.00203108  0.05393676]
[0.03853664 0.2822443  0.11936467 0.61891559 0.09114508]
[0.02627795 0.46628839 0.42830915 0.28821859 0.19532394]
[0.45878899 0.29102769 0.44301781 0.14434139 0.00063274]
[0.15433918 0.68010438 0.30562035 0.04336657 0.10950624]
[1.72851400e-01 2.42021067e-01 6.57782334e-01 4.10299206e-04
 5.77486467e-02]
[0.01868794 0.13719773 0.47141534 0.00816046 0.41698553]
[0.6051014  0.5639985  0.04687201 0.03169755 0.21353096]
[0.06796779 0.06302436 0.35650411 0.27033504 0.45635698]
[0.00817938 0.0139381  0.32225002 0.04643932 0.55696533]
[0.48256393 0.16968619 0.31536622 0.0089897  0.39449028]
[0.15446839 0.04446977 0.12256554 0.09642372 0.54735364]
[0.00720631 0.01790359 0.6693631  0.32589585 0.00772825]
[0.45422142 0.13462902 0.05519778 0.59772421 0.05523789]
[0.51514418 0.01694044 0.27300369 0.21419972 0.29164211]
[0.57745737 0.53821157 0.04472876 0.4429792  0.05505198]
[0.15359836 0.66059554 0.80727542 0.00590126 0.00812225]
[7.26927521e-03 3.47603512e-04 4.65079394e-01 4.69351233e-01
 3.42984804e-01]
[0.00147774 0.01227469 0.1966153  0.61436007 0.30478458]
[0.02173452 0.60131429 0.30926139 0.45882137 0.02321388]
[1.58833888e-02 2.41268288e-04 3.81665051e-01 3.20081145e-01
 4.24252565e-01]
[0.67405269 0.7406103  0.08173664 0.00372617 0.02304182]
[0.25246479 0.06825738 0.19719287 0.61055522 0.10460134]
[0.62650755 0.12245567 0.09275181 0.28791444 0.11088956]
[0.2550112  0.08563893 0.11036843 0.4768953  0.38974035]
[0.56182224 0.09829016 0.16001159 0.34375083 0.12603871]
[0.03317712 0.45725019 0.08946596 0.39871923 0.47066814]
[0.06469661 0.50779404 0.15930777 0.4758333  0.22353734]
[0.23214312 0.46793899 0.27946731 0.31198719 0.27652688]
[0.00998521 0.71847338 0.47710744 0.01175308 0.06171285]
[0.00744995 1.04302464 0.017864   0.14386858 0.26643055]
[0.26090871 0.17451893 0.42279777 0.51466574 0.04317595]
[0.00981275 0.01089016 0.39927986 0.49419495 0.14427936]
[0.09435613 0.27394486 0.55852748 0.52752    0.02134846]
[2.27952399e-01 4.07647974e-01 4.05733201e-01 6.27039639e-01
 3.87658856e-04]
[0.18199857 0.06096086 0.12641695 0.39083919 0.42287032]
[0.02174239 0.01690756 0.18111573 0.42928237 0.43988872]
[0.00723383 0.01101525 0.22627782 0.01203219 0.55768256]
[0.30186016 0.19779869 0.29392424 0.60942674 0.00073937]
[0.4297054  0.39826901 0.02446798 0.02101071 0.36291225]
[0.19282229 0.19734501 0.3806481  0.2205181  0.38373621]
[0.47649775 0.10008837 0.06127876 0.15512725 0.47968888]
[0.13495543 0.0450604  0.19645261 0.56564303 0.32483435]
[0.09684443 0.03499146 0.68819124 0.09750055 0.13510267]
[0.25190018 0.13198001 0.32831319 0.54743686 0.1763259 ]
[0.19134241 0.25894744 0.54801411 0.42082817 0.0309958 ]
[0.03895323 0.02114243 0.23485906 0.57504615 0.17482726]
[0.0393009  0.66020555 0.1267595  0.48442539 0.34252771]
[0.04482354 0.01459606 0.00259118 0.11511324 0.55442956]
[0.04396265 0.73939624 0.1476449  0.11790944 0.32704536]
[1.83586324e-01 8.47009566e-02 1.51017220e-02 8.32142579e-01
 5.37832224e-04]
[ 1.60840270e-01  2.81785233e-02  1.47558274e-01 -2.11161225e-04
  5.59618429e-01]
[6.31777788e-04 8.03977575e-03 6.75961796e-01 4.54615954e-01
 1.08017815e-01]
[0.00148199 0.00648127 0.79307639 0.01824007 0.00648523]
[0.11517345 0.02360807 0.39171026 0.14120744 0.44977586]
[0.00559084 0.02142605 0.73318249 0.13912773 0.00853657]
[0.233753   0.18501763 0.01229136 0.4007998  0.45652251]
[0.81775449 0.24036483 0.0058545  0.06448858 0.097029  ]
[0.0672732  0.72675788 0.30136349 0.3521111  0.10011924]
[0.53228011 0.15813495 0.03385137 0.10394644 0.45200851]
[0.0814491  0.8478426  0.09974481 0.53112323 0.01630732]
[0.00991125 0.01148973 0.75537529 0.36647692 0.00329601]
[-1.09163127e-04  2.25684540e-03  1.34989124e-01  6.01943616e-01
  3.76413152e-01]
[0.32578267 0.25804756 0.12644208 0.591002   0.12417184]
[0.00433508 0.00117994 0.55132031 0.56087108 0.37759753]
[4.92841018e-04 5.17777848e-04 3.04657890e-05 2.94644649e-01
 5.08879373e-01]
[0.00668259 0.01120355 0.62548243 0.11835736 0.32622429]
[0.04737748 0.00050492 0.21048046 0.49068804 0.37479622]
[0.16185054 0.00858252 0.72989603 0.00428522 0.01994766]
[0.06745407 0.06654746 0.12205853 0.00966698 0.55243898]
[0.32585551 0.93956447 0.17411668 0.01597118 0.0307409 ]
[0.01370913 0.18158454 0.62588353 0.51872323 0.00139533]
[0.38538312 0.25131134 0.15502703 0.46539549 0.21864702]
[0.80811035 0.34264402 0.06729717 0.03734868 0.00387397]
[0.19428967 0.52708374 0.41849249 0.07334788 0.29355036]
[0.1571275  0.05711459 0.17354919 0.03199092 0.5311601 ]
[0.00092374 0.00193747 0.00782356 0.66961691 0.41243522]
[0.1336412  0.62574924 0.5008475  0.25834548 0.03984356]
[0.00242032 0.01135611 0.59750495 0.06487382 0.4640374 ]
[0.02958943 0.52987682 0.24170374 0.52474604 0.29267909]
[0.04575665 0.27697833 0.4047718  0.01885101 0.45558801]
[0.04014674 0.07344646 0.28627913 0.01390451 0.51071733]
[0.54692727 0.03799147 0.23882053 0.47407865 0.12674092]
[0.06275908 0.3612965  0.47154181 0.1680403  0.31562136]
[0.23121617 0.07759627 0.16058652 0.49701538 0.30348791]
[0.01431243 0.24710175 0.39014556 0.485385   0.06168596]
[0.160933   0.32431604 0.19875034 0.21754017 0.42151369]
[0.00706133 0.05593127 0.49678816 0.37299413 0.30894908]
[0.0049425  0.00756947 0.6704614  0.00743326 0.31990895]
[ 3.14188986e-01  4.90091454e-01  4.15293185e-01  7.88374834e-02
 -3.97605282e-04]
[0.42429321 0.67369586 0.00179221 0.03055659 0.2985786 ]
[0.30113774 0.16033281 0.44968484 0.34865913 0.1194662 ]
[0.44162602 0.14179833 0.41669639 0.03612107 0.3781757 ]
[0.33442012 0.53875362 0.03526387 0.00774783 0.48142595]
[0.15353405 0.05133992 0.23039627 0.49672501 0.30314456]
[0.01186342 0.02282283 0.09138792 0.0436101  0.57944198]
[0.22135723 0.11610085 0.35747744 0.555375   0.1785387 ]
[0.39847894 0.05079583 0.3457809  0.51126828 0.22196919]
[-6.73674643e-05 -5.89768282e-04  1.70383211e-05  1.07476565e-01
  6.37416893e-01]
[0.01440392 0.21644599 0.19952838 0.630412   0.15580181]
[0.00484779 0.00741791 0.65804028 0.19151259 0.3267918 ]
[0.03328117 0.0212457  0.70780652 0.18555061 0.00745023]
[0.07530777 0.0358175  0.11691844 0.70796003 0.00085083]
[0.02436286 0.56416356 0.04523621 0.65810951 0.0818998 ]
[0.00923226 0.42866875 0.22922237 0.20991801 0.46122159]
[0.10730948 0.00244753 0.4816319  0.0020971  0.51551185]
[6.41530047e-05 2.98795926e-02 6.40397133e-01 2.29589378e-01
 2.72424015e-01]
[0.54534801 0.00988614 0.28206573 0.22547531 0.23077529]
[0.00107705 0.00147945 0.00528422 0.56974888 0.49503893]
[0.130325   0.03734871 0.22318897 0.38173573 0.47749513]
[0.05878406 0.88556505 0.15957456 0.06202021 0.02382985]
[0.14234527 0.09589443 0.08767993 0.6528223  0.16476348]
[0.43754604 0.12510376 0.01700549 0.27828741 0.42693811]
[0.68684176 0.5314363  0.03936863 0.15753511 0.02840531]
[0.27324012 0.09222087 0.18983313 0.58789427 0.02224254]
[0.16471585 0.04821011 0.03407927 0.74381586 0.00231719]
[0.0676167  0.06347744 0.3502387  0.26974272 0.44727723]
[ 4.32033815e-04 -9.34663109e-05  1.05171526e-01  1.03216011e-02
  6.06232148e-01]
[0.07679683 0.08390031 0.4253215  0.09128457 0.44570457]
[0.03992593 0.67066956 0.11089513 0.48679026 0.34358111]
[0.00235021 0.00903004 0.445243   0.37644605 0.3738552 ]
[0.00780152 0.01396992 0.31851258 0.05927527 0.5542348 ]
[0.41659745 0.08690094 0.1841499  0.14986663 0.43813337]
[0.17305961 0.24231304 0.65857396 0.00997766 0.04982026]
[0.51952026 0.82177024 0.05412943 0.01289309 0.06417769]
[0.04382055 0.01623861 0.46387611 0.39800922 0.35788136]
[ 0.00659702  0.09577937  0.07742414 -0.00172227  0.6602737 ]
[0.00343533 0.00085442 0.52082968 0.17952629 0.50378335]
[ 0.64731601  0.01945845  0.30279901 -0.0013547   0.1194726 ]
[0.00921245 0.67485789 0.49229292 0.01680324 0.07124366]
[1.92599764e-02 8.40917003e-03 1.83743361e-01 8.36278042e-01
 5.42519369e-04]
[0.02561066 0.03338071 0.25537974 0.61765742 0.24671872]
[0.01729915 0.25956503 0.23917607 0.61162248 0.1572757 ]
[0.03530468 0.0232589  0.22104283 0.54368431 0.28673228]
[0.02625186 0.46582784 0.42841496 0.28813155 0.19583706]
[0.01388947 0.18308535 0.63104397 0.1036708  0.29296012]
[0.24693524 0.24132281 0.15341875 0.28954604 0.44758103]
[0.4204171  0.12330149 0.02567334 0.54941159 0.25467229]
[0.19022363 0.22953062 0.06791967 0.46283553 0.37947994]
[0.0028733  0.02318616 0.19046199 0.59736278 0.30826856]
[0.00210787 0.00060784 0.02759145 0.02738211 0.58208783]
[ 0.06465262  0.00519992  0.68689831 -0.00156573  0.24995008]
[0.10957516 0.22689815 0.54708691 0.04257744 0.32381391]
[0.01669652 0.01889416 0.50669607 0.02946939 0.49859082]
[1.22239386e-03 1.73111103e-03 1.22766047e-04 6.15798027e-01
 2.59510404e-01]
[0.03104609 0.02458707 0.25889153 0.65383748 0.00388817]
[0.03700617 0.6231812  0.5009112  0.00169163 0.32777015]
[0.28027314 0.10827828 0.43155591 0.3467102  0.3292473 ]
[0.03460371 0.04669582 0.530581   0.38954526 0.11115215]
[ 2.86066487e-03  5.63114105e-04  1.93812144e-01 -4.09611590e-04
  6.26682397e-01]
[0.12638972 0.14711785 0.55741011 0.37231661 0.20748511]
[ 0.09944738  0.00247609  0.74843794 -0.00213589  0.21055315]
[0.1278271  0.10086114 0.5246224  0.37601471 0.11162552]
[0.34016348 0.12726357 0.00384362 0.02528671 0.64224644]
[0.24248439 0.2081535  0.44161215 0.05992258 0.407728  ]
[0.08803033 0.11903701 0.37269083 0.55091543 0.0548864 ]
[0.08740351 0.05667844 0.30981656 0.33990558 0.46123851]
[0.26241835 0.10114237 0.3585464  0.29769933 0.36628608]
[1.11089213e-04 2.19262813e-02 4.74298103e-01 2.91379089e-01
 4.81940765e-01]
[0.00428021 0.07715279 0.21459796 0.0844881  0.53850555]
[0.00727728 0.01236616 0.49683395 0.54480366 0.12953056]
[0.50574606 0.04902591 0.07702381 0.64212808 0.04706018]
[0.00502454 0.51162609 0.33846691 0.46899949 0.05757092]
[0.03313687 0.00148847 0.65799587 0.31304364 0.02844272]
[0.01012634 0.01547675 0.57094139 0.62011583 0.05095454]
[0.00494307 0.29181329 0.44077165 0.63239233 0.0040203 ]
[0.40672188 0.13136513 0.32498061 0.24450132 0.30410538]
[0.00575217 0.0783603  0.61985433 0.39902925 0.16635138]
[0.10021499 0.08942103 0.66970734 0.0782696  0.17463036]
[0.04696929 0.01714834 0.00116704 0.03273306 0.62273352]
[0.50681316 0.00296704 0.55235863 0.15517752 0.2854472 ]
[0.02068618 0.01606312 0.17239568 0.4347178  0.44134037]
[0.42196356 0.19513285 0.85108514 0.04476542 0.00363768]
[0.0299934  0.403118   0.17179068 0.66128781 0.07480409]
[0.03130386 0.52510902 0.28128506 0.0284538  0.50781401]
[0.02446444 0.07102306 0.6285174  0.42510692 0.02606467]
[ 0.58973286  0.01767353  0.05542996 -0.00213991  0.46100725]
[ 9.49340534e-04 -5.88345750e-04  8.41435105e-05  8.68259619e-01
  8.45700956e-02]
[0.75131748 0.11960827 0.35271937 0.00107524 0.04675825]
[-3.86432246e-05  1.11128724e-02  3.21700085e-02  6.89375263e-01
  1.29281721e-01]
[0.01104054 0.06931979 0.08530789 0.08141366 0.56473134]
[0.0374253  0.02328913 0.72330722 0.07034815 0.04316114]
[0.00906904 0.00427814 0.03508546 0.70819195 0.1183275 ]
[ 1.20663020e-03 -6.72641171e-05  1.89309618e-04  8.53455956e-01
  1.88477697e-02]
[0.25669992 0.04122433 0.36634319 0.29412045 0.38368407]
[0.10385615 0.06891462 0.1665138  0.50516766 0.37331711]
[0.00831056 0.38658866 0.20674755 0.27946203 0.46154627]
[0.03097467 0.08576042 0.5454744  0.00407339 0.61624539]
[0.53033707 0.00313309 0.51495814 0.15380779 0.28289895]
[0.10587462 0.0582868  0.51176036 0.56339382 0.02155828]
[0.05795722 0.74588622 0.50015493 0.01917369 0.02770711]
[0.04850327 0.03116675 0.48661013 0.36576917 0.30299114]
[0.28512359 0.10994074 0.38955354 0.32362642 0.30849453]
[0.31844806 0.50327169 0.03315147 0.02198154 0.45302814]
[0.00969834 0.0486734  0.44704489 0.42942113 0.30228265]
[0.30025023 0.1009296  0.45112929 0.16443911 0.30276848]
[0.00306993 0.02351918 0.20039911 0.62840254 0.24405216]
[0.03843551 0.64571742 0.13169555 0.47534312 0.36334658]
[0.30095962 0.29352522 0.12637463 0.59068574 0.12553513]
[0.16124245 0.22537482 0.61304132 0.01616716 0.05381322]
[0.42289958 0.01049147 0.01361425 0.00331719 0.54004618]
[0.00213806 0.02788581 0.01839952 0.28139582 0.50582517]
[0.01116559 0.02458346 0.75984757 0.12740781 0.00750687]
[0.00519941 0.01489127 0.75683089 0.36921125 0.00100475]
[0.42287144 0.01404641 0.31478722 0.00384316 0.47998292]
[0.19403879 0.85436468 0.07649954 0.47486642 0.00538362]
[ 1.35864640e-01  1.87500461e-02  3.22656849e-01 -4.40205836e-05
  5.69514432e-01]
[ 8.83858282e-04 -2.16283202e-04  8.69216486e-05  8.61733805e-01
  1.61072967e-01]
[0.36135904 0.27937023 0.01924636 0.69061222 0.02862562]
[0.22224497 0.01508186 0.09566567 0.70357973 0.12674092]
[0.0379815  0.63907115 0.49837557 0.04665305 0.31442885]
[0.00075892 0.029131   0.62503811 0.2240319  0.26588109]
[0.06373678 0.11780017 0.00818367 0.0193242  0.62596595]
[0.01446029 0.03130466 0.62802627 0.30449529 0.02771669]
[0.21625593 0.07253975 0.1825256  0.50713622 0.31555684]
[0.0332118  0.5487212  0.42801319 0.03976355 0.34905878]
[0.00729541 0.00756635 0.65102597 0.13721928 0.34091559]
[0.08928177 0.07301542 0.18335365 0.38404448 0.45444667]
[0.15214816 0.03464027 0.48675127 0.5315985  0.09029458]
[0.17004363 0.06440461 0.32220982 0.38106773 0.36628652]
[0.00253754 0.00420975 0.25281249 0.56166778 0.36158491]
[0.062415   0.00952872 0.66788119 0.05866269 0.24398193]
[3.21200445e-05 8.63507802e-03 1.94601563e-01 4.67183056e-01
 4.34034846e-01]
[0.07258059 0.10341137 0.43650706 0.02232794 0.46792955]
[0.01039942 0.01081087 0.05791486 0.00782801 0.59222134]
[0.41484213 0.08653236 0.18219142 0.14904959 0.43998215]
[4.28424906e-04 8.74892294e-04 3.47989135e-04 8.69912300e-01
 1.83373103e-02]
[0.11651883 0.15621637 0.42807524 0.64560776 0.0226562 ]
[0.00105314 0.00141709 0.04270692 0.0978894  0.58334018]
[0.00385564 0.00402678 0.4960858  0.61421876 0.17926689]
[0.01394123 0.18376157 0.63336716 0.10406035 0.2875715 ]
[0.07384446 0.20140127 0.0115334  0.99800828 0.00400235]
[0.14606461 0.16221343 0.34953562 0.56481746 0.25873987]
[1.57124091e-04 6.20869072e-04 2.73549390e-02 6.74004931e-01
 4.61464089e-01]
[0.6899977  0.34488145 0.02361368 0.11344347 0.11466562]
[0.64260615 0.02166011 0.47832122 0.00695636 0.35463626]
[0.00097839 0.00131406 0.00446889 0.56975676 0.49503893]
[0.06041154 0.02168198 0.55624308 0.21891007 0.27615574]
[0.11397385 0.03619829 0.16532635 0.49600233 0.37898355]
[0.03712803 0.0244858  0.23383746 0.57516952 0.17418041]
[ 0.76944979  0.07843292  0.0895187  -0.00203109  0.0539316 ]
[0.50988124 0.80601627 0.05310257 0.012608   0.06688721]
[0.03750266 0.01325166 0.3885382  0.15229162 0.41993485]
[0.48682786 0.17708294 0.30836735 0.21997838 0.26680005]
[0.00533389 0.25382587 0.47733844 0.39170385 0.2955837 ]
[0.00577483 0.00485657 0.61442793 0.01578399 0.42345503]
[0.04529098 0.27416374 0.40950693 0.01898509 0.4584992 ]
[0.03943984 0.08531871 0.20453886 0.01970875 0.57798422]
[0.00257544 0.02694564 0.56958478 0.05762583 0.49564898]
[-1.67595016e-04 -6.07047296e-04  9.27027701e-05  1.26416812e-01
  7.01426638e-01]
[0.15543088 0.04985804 0.23247951 0.49530561 0.30314456]
[0.24011038 0.08082348 0.36028209 0.14678475 0.41531891]
[0.5026566  0.03501604 0.21949452 0.44083132 0.17758831]
[0.01227753 0.01489656 0.01316611 0.0044082  0.62235176]
[0.04986441 0.13516495 0.10905234 0.01738935 0.58273233]
[0.03524371 0.00164547 0.69964423 0.11495794 0.02773077]
[ 1.26160908e-03 -4.19201579e-04  3.46643555e-04  8.66999283e-01
  1.91525639e-02]
[0.73029386 0.26432757 0.02356061 0.04493664 0.12812962]
[0.00407994 0.00468592 0.06096873 0.00987717 0.61295352]
[0.04731007 0.04373155 0.35856257 0.26834043 0.45673434]
[0.02627805 0.00214896 0.79013852 0.01008109 0.29174132]
[0.04141503 0.09103827 0.53996962 0.00289747 0.45635949]
[0.21844436 0.41679513 0.02723989 0.57795067 0.04381788]
