[0.02360875 0.02978    0.3690797  0.76407812 0.00715588]
[0.04085388 0.1022745  0.01517104 0.05733289 0.57393931]
[0.0028244  0.76825012 0.73476067 0.02261179 0.15066674]
[2.55418059e-03 5.72633610e-04 1.83961525e-03 4.02753903e-03
 6.55648907e-01]
[0.24438398 0.51205381 0.03324977 0.55765624 0.01143328]
[0.10813625 0.0314934  0.62471549 0.11257746 0.40894925]
[0.62568499 0.48344323 0.18127186 0.27697438 0.08577126]
[0.24651583 0.1949044  0.57975682 0.47575502 0.08831422]
[0.72742548 0.80781556 0.08212668 0.02165087 0.04323603]
[0.07401219 0.22310247 0.85184723 0.23708711 0.01803711]
[0.27932336 0.17261639 0.48408601 0.24584267 0.32560879]
[ 2.26191170e-04 -4.49249364e-04  9.75945381e-03  6.52354431e-01
  6.00350846e-01]
[ 5.82723815e-04 -4.49067716e-04  1.73258827e-02  8.20084707e-01
  2.88444612e-01]
[0.03499188 0.00433503 0.36404091 0.75720872 0.00708116]
[0.0077887  0.01607312 0.53355164 0.62431661 0.01284328]
[0.0115829  0.22571795 0.72460725 0.49218582 0.05022519]
[0.51649445 0.65762254 0.18579999 0.18687431 0.01734765]
[0.52024601 0.26322173 0.14221334 0.51914333 0.19054954]
[0.36030434 0.45863534 0.12961524 0.19243066 0.50010622]
[0.35982723 0.45995137 0.01685354 0.58724014 0.03123736]
[0.11732023 0.03415962 0.6198739  0.10079564 0.40566401]
[0.57148284 0.47744248 0.40061727 0.00835686 0.49701723]
[ 1.92369686e-03 -1.59360948e-04  1.94633546e-03  1.30475231e-01
  7.10690495e-01]
[0.51290344 0.65304757 0.18450824 0.21017853 0.0173685 ]
[0.50942173 0.60318905 0.17820918 0.29177456 0.19453253]
[0.00120233 0.00750096 0.12844835 0.7767924  0.12306721]
[0.0414955  0.04463067 0.86579388 0.00986247 0.06184547]
[0.08278587 0.10539306 0.27916787 0.62263275 0.34071569]
[0.17452172 0.36559977 0.02460867 0.40106871 0.35983934]
[0.25650749 0.53480115 0.1286061  0.19091635 0.46925902]
[0.02234398 0.02814203 0.40132559 0.7462705  0.00453165]
[0.04173567 0.0178295  0.02904436 1.00022198 0.05083094]
[-6.68007093e-05 -5.69472732e-04  1.66612205e-05  6.32932067e-03
  7.91019419e-01]
[0.0044778  0.02683996 0.74088561 0.10785973 0.11890078]
[0.02865713 0.87461505 0.20579741 0.04530285 0.30671977]
[0.13926186 0.82165723 0.17688539 0.17780765 0.016496  ]
[0.71426596 0.27713911 0.03946393 0.30969791 0.12560082]
[0.21698875 0.19816955 0.58282483 0.03534281 0.55908909]
[0.33189139 0.56323506 0.03112725 0.5278264  0.19373817]
[0.13501899 0.02330004 0.36341994 0.64323787 0.00484576]
[ 4.98527637e-04 -5.93060607e-04  1.91515407e-02  9.06168939e-01
  1.47666632e-01]
[0.19087061 0.03574831 0.68507682 0.11369595 0.11870095]
[0.77408158 0.20753934 0.20327477 0.10061722 0.42343114]
[0.05937926 0.23353549 0.64869631 0.03784168 0.08650024]
[0.19008399 0.39822337 0.02585494 0.43473801 0.33561555]
[0.00207978 0.00503156 0.03356012 0.06840698 0.57550279]
[0.01155227 0.00192082 0.00279244 0.53536722 0.50094727]
[0.00229816 0.38797928 0.52273102 0.33718867 0.34118137]
[ 9.72026549e-04 -1.15145573e-04  6.52439800e-03 -1.49912924e-03
  6.37200717e-01]
[0.25587444 0.01196641 0.60163647 0.28226142 0.32859515]
[0.14196824 0.11204309 0.33784043 0.53881122 0.42949712]
[0.60035965 0.16133186 0.15767898 0.07941237 0.5456845 ]
[0.03095486 0.07603196 0.77168963 0.03791597 0.01816991]
[0.09490788 0.23756813 0.60649898 0.09282162 0.31784282]
[0.01186838 0.01966942 0.00168615 0.87912161 0.11777145]
[0.71552645 0.27762915 0.03514854 0.30645454 0.12554169]
[0.55847455 0.1500368  0.22464046 0.05659193 0.50266851]
[5.34484586e-03 4.37920416e-04 1.11207672e-01 6.97660469e-01
 1.15163352e-01]
[0.12097479 0.03529911 0.69877503 0.11812516 0.38261342]
[ 5.80960191e-04 -3.03866330e-04  1.85384100e-02  4.90082261e-01
  4.51686232e-01]
[0.32637954 0.20462465 0.09321685 0.6647661  0.1795656 ]
[0.01119052 0.23237321 0.74670008 0.50721756 0.07691888]
[0.00190765 0.0112665  0.32092883 0.69216003 0.11957257]
[0.56369887 0.71776126 0.20278038 0.22384444 0.0134333 ]
[0.21798651 0.02608819 0.02702381 0.23749945 0.52828067]
[0.26516253 0.68252503 0.13933373 0.2348717  0.3276133 ]
[0.25175345 0.04645334 0.68388191 0.01637533 0.11261817]
[3.02624617e-06 2.71663111e-03 1.83589102e-03 3.94773446e-03
 6.50214768e-01]
[0.74881098 0.10475872 0.15803048 0.45255536 0.00167984]
[0.00686759 0.01692409 0.54204755 0.64497096 0.01659536]
[0.37347924 0.47964905 0.00713702 0.61120008 0.01936315]
[0.34547555 0.00099536 0.226854   0.01488618 0.56005989]
[0.27166874 0.05111536 0.17843839 0.61312648 0.42993655]
[0.11042746 0.63268008 0.41251252 0.00798088 0.44272867]
[9.25137657e-03 2.72516846e-04 4.01164855e-01 7.00369493e-02
 5.12016733e-01]
[0.00415336 1.10943334 0.20957159 0.02565624 0.14510191]
[0.62632527 0.48393844 0.18145737 0.2741568  0.08503223]
[0.00170677 0.81842274 0.17338297 0.26391465 0.08198645]
[0.75344553 0.29237092 0.04163113 0.21282454 0.12622364]
[0.00273598 0.00122756 0.00210241 0.00516754 0.58364084]
[-1.69660593e-05  1.43151857e-02  2.88017381e-01  1.13373902e+00
  2.79436203e-01]
[-1.29949476e-04 -6.07401380e-04  6.50111488e-04  4.66066333e-03
  7.36343162e-01]
[2.11185751e-04 6.71125314e-03 4.10506264e-03 1.06568645e-02
 6.08050456e-01]
[0.52576296 0.26601864 0.13823794 0.52332545 0.19208151]
[0.48438923 0.54347078 0.50388232 0.00967981 0.20502191]
[0.07175796 0.28220812 0.67092641 0.03643037 0.03968432]
[0.0069136  0.01423863 0.47488197 0.57851492 0.01665809]
[0.22174644 0.04901854 0.71828317 0.10878879 0.39370433]
[0.00876481 0.40569667 0.38636223 0.85257158 0.00654975]
[ 9.28903348e-02 -1.79076324e-04  2.77366631e-01  1.04920655e-02
  6.02487559e-01]
[0.66564475 0.74668668 0.23983066 0.15473269 0.05601583]
[0.032988   0.00655184 0.76516337 0.1820681  0.28118255]
[0.010223   0.1995308  0.64156468 0.43550379 0.12913359]
[0.07275783 0.7129696  0.37286781 0.06942802 0.27907654]
[9.11426402e-03 2.55398359e-04 2.03164384e-01 7.44371285e-01
 3.89402205e-01]
[0.08872976 0.22209136 0.56400831 0.08622182 0.51712051]
[0.2332502  0.06080491 0.63522063 0.08764737 0.53164081]
[0.17499302 0.13821754 0.41634768 0.66449933 0.08880172]
[0.40569655 0.63320557 0.39943911 0.07466954 0.10566742]
[0.03546668 0.05378383 0.99768492 0.18170855 0.05461914]
