[3.06287167e-01 6.81389199e-01 4.14522743e-01 8.58471634e-05
 5.67630942e-04]
[0.04630219 1.16418946 0.08057717 0.02224334 0.05120613]
[0.06252682 0.76558265 0.50259288 0.06455477 0.20900867]
[0.10129941 0.02787476 0.59282652 0.23497622 0.07308301]
[0.00490083 0.4346556  0.58019973 0.07394635 0.33441039]
[0.04137659 0.91330746 0.584222   0.0107451  0.05394856]
[0.74568628 0.00208879 0.19363351 0.02823167 0.01420017]
[ 2.74178571e-03 -3.39648225e-04  6.86576553e-02  7.74700478e-01
  1.79244820e-02]
[0.47966114 0.00161928 0.31494383 0.02150012 0.47045325]
[0.10037273 0.587338   0.38267874 0.00913583 0.41070439]
[0.18170097 0.00819977 0.65663084 0.0962397  0.05099669]
[1.97853437e-01 3.63334207e-04 6.44671950e-01 2.63345187e-02
 1.32880114e-02]
[0.03486146 0.07268821 0.00455499 0.08075962 0.57056719]
[0.27518488 0.70730275 0.17502715 0.17518349 0.08584858]
[0.53875621 0.68885576 0.02346074 0.18928098 0.03099951]
[0.75613987 0.00290481 0.03205094 0.01528053 0.26277858]
[0.43665626 0.002649   0.26773802 0.01903412 0.50423709]
[0.41667439 0.69626728 0.06853915 0.36563588 0.10181524]
[0.00354307 0.00893528 0.36734886 0.09637224 0.48645131]
[0.30756747 0.39280954 0.31315218 0.00974165 0.48583833]
[0.04661582 0.5966296  0.01406569 0.12252964 0.43731421]
[0.26484956 0.55495633 0.02349164 0.60301152 0.01769178]
[0.12706357 0.418175   0.05957416 0.09616115 0.48540818]
[0.35387157 0.45444686 0.00675962 0.63396813 0.02016883]
[0.49102928 0.8824835  0.06765047 0.12395781 0.04404054]
[0.96900357 0.00545717 0.0410874  0.02018666 0.12375822]
[0.24453114 0.43048811 0.31730145 0.11120282 0.331827  ]
[0.62012489 0.03846614 0.44842577 0.00772598 0.08227447]
[0.72713382 0.8074915  0.08209373 0.02501649 0.04322258]
[0.34547555 0.00099536 0.226854   0.01488618 0.56005989]
[0.02639106 0.66513168 0.63660733 0.01207291 0.04480255]
[0.78925267 0.049121   0.00319238 0.00788485 0.02146171]
[0.53745373 0.96594693 0.07404946 0.03293704 0.06757417]
[0.31646936 0.49425147 0.04278881 0.4803323  0.09661712]
[0.07275783 0.7129696  0.37286781 0.06942802 0.27907654]
[0.36116623 0.4572031  0.12952547 0.19229595 0.32821813]
[0.0515369  0.65501104 0.12406705 0.01168289 0.51741755]
[0.03095486 0.07603196 0.77168963 0.03791597 0.01816991]
[0.69605445 0.20107008 0.1717255  0.17224925 0.03221858]
[0.18775425 0.02582642 0.5635981  0.38099159 0.0034055 ]
[0.51290344 0.65304757 0.18450824 0.21017853 0.0173685 ]
[-1.50221893e-04 -6.11576302e-04 -5.26949493e-05  8.43952220e-01
  2.01910457e-02]
[0.05874944 0.01681926 0.34531645 0.58200098 0.00435337]
[ 8.99629421e-02 -1.92687727e-04  2.68639842e-01  1.00943705e-02
  5.77122230e-01]
[0.52378237 0.12576552 0.01481248 0.65304506 0.03172203]
[0.51471296 0.66353026 0.08481477 0.03864319 0.00653676]
[0.0301054  0.7261545  0.15790969 0.23458153 0.27255087]
[0.0304732  0.85817573 0.02119628 0.17589815 0.02874185]
[0.20757771 0.62813351 0.14467834 0.08617064 0.34199592]
[0.22069726 0.01023833 0.49982544 0.23536684 0.2748742 ]
[0.03451516 0.32435077 0.61982104 0.0272417  0.27037366]
[0.24160671 0.50623174 0.10060293 0.55263041 0.01131054]
[0.6327404  0.00233105 0.15157332 0.23178755 0.32022591]
[0.0069136  0.01423863 0.47488197 0.57851492 0.01665809]
[0.13926186 0.82165723 0.17688539 0.17780765 0.016496  ]
[0.60073582 0.00218224 0.39992626 0.00592062 0.30289423]
[0.01239155 0.00249037 0.66772531 0.09479855 0.05024376]
[0.51453865 0.66819753 0.19040659 0.01245179 0.01710763]
[0.57850613 0.14502891 0.63788688 0.01199013 0.12880375]
[0.06953847 0.00590214 0.72402355 0.0354407  0.0170222 ]
[0.16019138 0.62808597 0.36412939 0.09426271 0.00296041]
[0.56438507 0.71873132 0.01075838 0.11428023 0.027861  ]
[0.54866313 0.00744835 0.00071332 0.62097881 0.0192863 ]
[0.58899076 0.00212763 0.38671627 0.02688891 0.33127503]
[0.26578926 0.55692624 0.03616485 0.51665588 0.01142184]
[0.29127562 0.73031605 0.10811325 0.09687372 0.12513606]
[0.62964326 0.0879936  0.1328781  0.38020875 0.00134769]
[0.71104094 0.1776728  0.05610315 0.07224278 0.25373303]
[0.55351975 0.23079877 0.14990613 0.08735655 0.36344088]
[0.47334356 0.12410093 0.32601351 0.07835156 0.36062356]
[0.27667872 0.61561994 0.39210633 0.1205821  0.01095075]
[0.00415336 1.10943334 0.20957159 0.02565624 0.14510191]
[0.00471912 0.0186137  0.67001363 0.03875205 0.34936779]
[0.00178283 0.46306797 0.09813423 0.64722567 0.00306774]
[0.13303518 0.38797736 0.07724933 0.67898413 0.00427885]
[0.00168962 0.81093856 0.47140969 0.03108673 0.09037521]
[0.15846158 0.00668115 0.5747133  0.01980733 0.34078579]
[0.534631   0.45516314 0.48284175 0.00850753 0.04440966]
[0.00787447 0.01956229 0.6625777  0.09671296 0.12493224]
[0.00170677 0.81842274 0.17338297 0.26391465 0.08198645]
[0.14993296 0.39442838 0.41158588 0.00703636 0.35012366]
[0.67657439 0.14768509 0.13125778 0.1004449  0.09517141]
[0.48762656 0.62636534 0.00619719 0.28276334 0.01786543]
[0.44262039 0.7299236  0.07163806 0.2363668  0.10095769]
[0.37433345 0.00112954 0.24579856 0.01630857 0.53281321]
[0.58683092 0.00211758 0.39067075 0.00573385 0.33133481]
[0.00276958 0.75417381 0.72130767 0.02215844 0.04598197]
[0.51649445 0.65762254 0.18579999 0.18687431 0.01734765]
[0.15735044 0.34033601 0.06212606 0.65972297 0.00550228]
[0.29465817 0.37293713 0.33009104 0.19468609 0.33313819]
[0.54411515 0.69052131 0.05998741 0.10968454 0.03949543]
[0.45065043 0.00148439 0.29589895 0.07628651 0.42506846]
[ 3.37854960e-04  3.57637183e-05  1.28001848e-04 -1.98272569e-03
  7.08487064e-01]
[0.0549116  0.01568386 0.37085463 0.62983401 0.01226402]
[0.72742548 0.80781556 0.08212668 0.02165087 0.04323603]
[0.37347924 0.47964905 0.00713702 0.61120008 0.01936315]
[0.72989214 0.12344562 0.06635974 0.36224243 0.10988567]
[0.01264806 0.01577168 0.42809384 0.52210556 0.01158335]
[0.45424865 0.13409098 0.31501244 0.08274717 0.34470361]
[0.23721927 0.59784131 0.14136717 0.09157856 0.33391213]
