[0.02360875 0.02978    0.3690797  0.76407812 0.00715588]
[0.10424915 0.25570663 0.72058408 0.10512685 0.38676018]
[0.11966661 0.70712985 0.4506439  0.1179322  0.1191824 ]
[0.04085388 0.1022745  0.01517104 0.05733289 0.57393931]
[0.0028244  0.76825012 0.73476067 0.02261179 0.15066674]
[0.010223   0.1995308  0.64156468 0.43550379 0.12913359]
[0.11831974 0.02193522 0.64187262 0.11587028 0.41886541]
[0.10159793 0.2491987  0.70228704 0.10701407 0.38535905]
[2.55418059e-03 5.72633610e-04 1.83961525e-03 4.02753903e-03
 6.55648907e-01]
[0.03180765 0.04819878 0.89524239 0.4270782  0.05327909]
[0.01189084 0.03342467 0.50576868 0.00609314 0.64148436]
[0.24438398 0.51205381 0.03324977 0.55765624 0.01143328]
[0.49549775 0.8344168  0.07177497 0.12972317 0.11360595]
[0.10813625 0.0314934  0.62471549 0.11257746 0.40894925]
[0.62568499 0.48344323 0.18127186 0.27697438 0.08577126]
[0.10349073 0.25906895 0.65766527 0.10089515 0.3551189 ]
[0.24651583 0.1949044  0.57975682 0.47575502 0.08831422]
[0.72742548 0.80781556 0.08212668 0.02165087 0.04323603]
[0.07401219 0.22310247 0.85184723 0.23708711 0.01803711]
[0.27932336 0.17261639 0.48408601 0.24584267 0.32560879]
[0.10735916 0.63444367 0.40435643 0.10440666 0.44743306]
[0.07928194 0.31179216 0.74111362 0.04435232 0.10186606]
[ 2.26191170e-04 -4.49249364e-04  9.75945381e-03  6.52354431e-01
  6.00350846e-01]
[ 5.82723815e-04 -4.49067716e-04  1.73258827e-02  8.20084707e-01
  2.88444612e-01]
[0.03499188 0.00433503 0.36404091 0.75720872 0.00708116]
[0.00249063 0.41827669 0.56349124 0.2865167  0.35157394]
[0.20388771 0.00450486 0.83934858 0.21826364 0.02585575]
[0.07275783 0.7129696  0.37286781 0.06942802 0.27907654]
[0.0077887  0.01607312 0.53355164 0.62431661 0.01284328]
[1.03723191e-02 3.77724374e-04 2.81103821e-01 1.49165740e-01
 6.42956951e-01]
[0.0115829  0.22571795 0.72460725 0.49218582 0.05022519]
[0.51649445 0.65762254 0.18579999 0.18687431 0.01734765]
[0.64454977 0.17324852 0.16928586 0.08343839 0.5562723 ]
[0.39162384 0.32703249 0.27437633 0.00463    0.65130815]
[0.52024601 0.26322173 0.14221334 0.51914333 0.19054954]
[0.01631476 0.00123423 0.37703678 0.00206833 0.71627973]
[0.36030434 0.45863534 0.12961524 0.19243066 0.50010622]
[0.01635792 0.00123906 0.37634125 0.00292666 0.7149826 ]
[ 0.00272375  0.00649252  0.00448254 -0.00103927  0.74488376]
[ 3.44797888e-03 -2.73824777e-04  8.25915932e-02  3.70739776e-01
  7.15577487e-01]
[0.00179831 0.00448897 0.08554066 0.56126728 0.55589477]
[0.2332502  0.06080491 0.63522063 0.08764737 0.53164081]
[0.66564475 0.74668668 0.23983066 0.15473269 0.05601583]
[0.09046156 0.00164583 0.27018978 0.14432917 0.6410865 ]
[0.33373711 0.20924888 0.09168305 0.67805142 0.18315076]
[0.19572562 0.41005005 0.02662324 0.44769309 0.34557967]
[0.11901671 0.25190394 0.59510696 0.18361417 0.45447385]
[0.29072481 0.7281076  0.14930756 0.25183163 0.35108458]
[0.11856851 0.25107637 0.59309287 0.27648492 0.34516379]
[0.35982723 0.45995137 0.01685354 0.58724014 0.03123736]
[0.0059169  0.01515978 0.34750515 0.0028449  0.65788435]
[0.01679896 0.00305432 0.39155841 0.71987919 0.28938413]
[0.16245873 0.56251344 0.74177651 0.06116245 0.02019389]
[0.04516995 0.25242973 0.65940836 0.12419495 0.34488743]
[0.11732023 0.03415962 0.6198739  0.10079564 0.40566401]
[0.57148284 0.47744248 0.40061727 0.00835686 0.49701723]
[0.11126709 0.65752343 0.42294246 0.12373692 0.43786388]
[ 1.92369686e-03 -1.59360948e-04  1.94633546e-03  1.30475231e-01
  7.10690495e-01]
[0.51290344 0.65304757 0.18450824 0.21017853 0.0173685 ]
[ 1.82148588e-02 -8.13764622e-05  4.16719142e-01  4.21314310e-03
  7.91745605e-01]
[0.01352852 0.0080577  0.01011308 0.03234222 0.58824393]
[0.50942173 0.60318905 0.17820918 0.29177456 0.19453253]
[0.08872976 0.22209136 0.56400831 0.08622182 0.51712051]
[0.00120233 0.00750096 0.12844835 0.7767924  0.12306721]
[4.73289344e-06 2.74938201e-03 1.85449539e-03 4.00774004e-03
 6.56616767e-01]
[0.0414955  0.04463067 0.86579388 0.00986247 0.06184547]
[0.08278587 0.10539306 0.27916787 0.62263275 0.34071569]
[0.17452172 0.36559977 0.02460867 0.40106871 0.35983934]
[ 0.00301693  0.00729443  0.00498558 -0.00091607  0.71509651]
[0.03502088 0.04047673 0.93869425 0.39510163 0.05473497]
[0.63812847 0.1715169  0.16759925 0.08454206 0.55378784]
[0.25650749 0.53480115 0.1286061  0.19091635 0.46925902]
[0.02234398 0.02814203 0.40132559 0.7462705  0.00453165]
[0.01084915 1.07131846 0.69815641 0.02654194 0.28401304]
[ 3.99963653e-03 -1.44815996e-04  7.26115380e-02  4.98845649e-01
  6.78462977e-01]
[0.04173567 0.0178295  0.02904436 1.00022198 0.05083094]
[-6.68007093e-05 -5.69472732e-04  1.66612205e-05  6.32932067e-03
  7.91019419e-01]
[0.02255694 0.01192677 0.01669449 0.02833294 0.63868713]
[ 4.22290372e-03 -2.01447876e-04  1.00291362e-01  3.66442378e-01
  7.16021567e-01]
[0.0044778  0.02683996 0.74088561 0.10785973 0.11890078]
[0.02865713 0.87461505 0.20579741 0.04530285 0.30671977]
[0.13926186 0.82165723 0.17688539 0.17780765 0.016496  ]
[0.71426596 0.27713911 0.03946393 0.30969791 0.12560082]
[0.21698875 0.19816955 0.58282483 0.03534281 0.55908909]
[ 9.28903348e-02 -1.79076324e-04  2.77366631e-01  1.04920655e-02
  6.02487559e-01]
[0.17956634 0.46490844 0.31703932 0.08951445 0.52646454]
[0.33189139 0.56323506 0.03112725 0.5278264  0.19373817]
[0.10505083 0.25767451 0.72611677 0.10595047 0.38634249]
[0.13501899 0.02330004 0.36341994 0.64323787 0.00484576]
[0.03671338 0.08994945 0.91228753 0.06813318 0.02158831]
[ 4.98527637e-04 -5.93060607e-04  1.91515407e-02  9.06168939e-01
  1.47666632e-01]
[0.19087061 0.03574831 0.68507682 0.11369595 0.11870095]
[0.09521397 0.93269631 0.22076094 0.08007587 0.33120714]
[0.24209169 1.01182812 0.13574754 0.25096943 0.11694922]
[2.74409002e-03 3.23174938e-04 1.32845946e-01 8.09941110e-02
 8.05974584e-01]
[0.17499302 0.13821754 0.41634768 0.66449933 0.08880172]
[0.77408158 0.20753934 0.20327477 0.10061722 0.42343114]
[0.55001462 0.62169891 0.57422828 0.01133123 0.23369839]
[0.07380958 0.7232606  0.37824596 0.0704603  0.34784206]
[0.49809716 0.83879591 0.07200186 0.20001035 0.1160144 ]
