[0.09521397 0.93269631 0.22076094 0.08007587 0.33120714]
[0.00568619 0.00192856 0.00681932 0.0009831  0.86116819]
[0.00687093 0.01165021 0.00231024 1.03610075 0.42122069]
[0.18071815 0.14275511 0.4299576  0.68628846 0.09171749]
[0.02360875 0.02978    0.3690797  0.76407812 0.00715588]
[0.06608757 0.13558001 0.50972259 0.60534067 0.20562219]
[ 5.35018268e-03  1.93124471e-02  2.60620753e-02 -1.67329942e-04
  8.38216532e-01]
[0.08857693 0.12377197 0.08404035 0.75945854 0.34778752]
[0.21970151 0.00737053 0.88540961 0.23060295 0.02118723]
[0.10424915 0.25570663 0.72058408 0.10512685 0.38676018]
[0.11966661 0.70712985 0.4506439  0.1179322  0.1191824 ]
[0.5175613  0.26186067 0.13617885 0.57516669 0.18867073]
[0.00897934 0.00250761 0.10631682 1.03158088 0.21444798]
[0.0181344  0.01858417 0.72327333 0.50658667 0.32321376]
[0.00967384 0.18895576 0.75763018 0.50899875 0.15474642]
[0.64454977 0.17324852 0.16928586 0.08343839 0.5562723 ]
[0.05825203 0.02080465 0.417664   0.70492536 0.2394683 ]
[0.20217641 0.12705263 0.18308394 0.44971695 0.36885051]
[0.49809716 0.83879591 0.07200186 0.20001035 0.1160144 ]
[0.04085388 0.1022745  0.01517104 0.05733289 0.57393931]
[0.0028244  0.76825012 0.73476067 0.02261179 0.15066674]
[0.01631476 0.00123423 0.37703678 0.00206833 0.71627973]
[0.58297694 0.2546132  0.40683195 0.69334127 0.05066992]
[0.0405986  0.15566011 0.58076786 0.5957664  0.23574456]
[0.03409908 0.00340316 0.74970384 0.33740652 0.57033208]
[0.01706974 0.00493749 0.41693629 0.41490604 0.54620706]
[0.64398667 0.73060195 0.67352518 0.01366231 0.27417671]
[0.00333546 0.00527645 0.11546056 0.56212665 0.56204636]
[ 2.06271380e-02 -9.37190919e-05  6.19588959e-02  3.60031946e-01
  7.22715647e-01]
[0.00912675 0.26896642 0.37623634 0.81459627 0.24587559]
[0.26709451 0.23135895 0.70280089 0.04306019 0.42769068]
[0.06238627 0.46496642 0.27115408 0.81172643 0.23385923]
[0.43164637 0.02541813 0.01723541 1.028747   0.37077164]
[0.36030434 0.45863534 0.12961524 0.19243066 0.50010622]
[0.25456496 0.28217107 0.90736287 0.16499939 0.03370384]
[0.01526083 0.009154   0.01142437 0.03485968 0.63820268]
[0.35834862 0.22256976 0.06331645 0.28182172 0.55577811]
[0.31485076 0.21612    0.56011234 0.28478591 0.34946353]
[0.00753128 0.00097301 0.00565163 0.90652033 0.48881125]
[0.07983308 0.1005551  0.35237472 1.09672406 0.00632453]
[0.13186364 0.27912206 0.65925816 0.20598267 0.36696767]
[0.02256981 0.01193387 0.01670397 0.02835019 0.63904894]
[0.010223   0.1995308  0.64156468 0.43550379 0.12913359]
[0.20930467 0.00462761 0.84331056 0.21953678 0.02600745]
[0.24074346 0.0627765  0.65946626 0.09101589 0.57451143]
[0.11831974 0.02193522 0.64187262 0.11587028 0.41886541]
[ 2.16643864e-03 -1.06918479e-04  2.17830346e-03  1.45848707e-01
  8.14368897e-01]
[0.00936004 0.00673529 0.02262707 0.56209529 0.60273534]
[0.10159793 0.2491987  0.70228704 0.10701407 0.38535905]
[0.39162384 0.32703249 0.27437633 0.00463    0.65130815]
[0.11129004 0.65765893 0.42302955 0.12376284 0.43795412]
[0.03976042 0.00615328 0.01718482 0.31466262 0.61393959]
[0.00350306 0.00885535 0.00662017 0.79198896 0.42716676]
[2.55418059e-03 5.72633610e-04 1.83961525e-03 4.02753903e-03
 6.55648907e-01]
[0.01378373 0.1186797  0.11073602 0.7245861  0.51139051]
[0.0071881  0.00189693 0.08549253 0.8292081  0.4906016 ]
[0.26849336 0.21232313 0.62998649 0.51737647 0.09604114]
[0.66408772 0.73744137 0.07497272 0.20908033 0.0405577 ]
[0.03180765 0.04819878 0.89524239 0.4270782  0.05327909]
[0.2822381  0.21281024 0.87800249 0.18760326 0.11225763]
[0.01189084 0.03342467 0.50576868 0.00609314 0.64148436]
[0.01395891 0.03592247 0.36286763 0.63235921 0.36932872]
[0.33373711 0.20924888 0.09168305 0.67805142 0.18315076]
[0.24438398 0.51205381 0.03324977 0.55765624 0.01143328]
[0.03394062 0.01043372 0.73137829 0.32914117 0.55643937]
[0.02808156 0.00843535 0.56999435 0.36101395 0.60636486]
[0.04591981 0.11495808 0.40503026 0.27538345 0.51505711]
[0.66564475 0.74668668 0.23983066 0.15473269 0.05601583]
[0.06879989 0.01158744 0.45772356 0.77326264 0.26265178]
[ 3.44797888e-03 -2.73824777e-04  8.25915932e-02  3.70739776e-01
  7.15577487e-01]
[0.01344036 0.00495797 0.0030199  1.16655116 0.4671851 ]
[0.18291574 0.03422692 0.70271024 0.1149788  0.12123973]
[0.09046156 0.00164583 0.27018978 0.14432917 0.6410865 ]
[1.85519602e-03 6.69879908e-03 3.41163587e-02 5.79603915e-05
 9.33484484e-01]
[0.00302268 0.00232822 0.07149748 0.56233262 0.55495636]
[0.10056127 0.98501803 0.23313999 0.05311221 0.34755287]
[0.24270933 0.15058319 0.03799705 0.37119272 0.52629667]
[0.16425601 0.27627667 0.85105275 0.31622956 0.10607868]
[0.37295411 0.97100598 0.13003822 0.12193857 0.4474343 ]
[0.41827015 0.03301403 0.96957041 0.66219695 0.11921593]
[0.11103548 0.07083117 0.40275605 0.83926073 0.14236936]
[0.08843718 0.03200192 0.20705172 0.20415413 0.6903214 ]
[0.17254908 0.50924065 0.02953136 0.76144736 0.50840746]
[0.5161633  0.47819235 0.25285655 0.49512891 0.33292836]
[0.62324483 0.73805471 0.23995163 0.36585574 0.2675907 ]
[0.84403833 0.41621549 0.13856765 0.2495159  0.15483113]
[0.11770918 0.08452214 0.51269788 0.71062802 0.38727409]
[0.02291566 0.00318795 0.48663394 0.42309656 0.64354936]
[0.32548421 0.2177464  0.57465504 0.2913789  0.23739916]
[0.66915252 0.25934578 0.17154894 0.29652835 0.48611233]
[0.00846112 0.00740817 0.02069033 0.26059467 0.65959741]
[0.04175343 0.10624457 0.30367622 0.94488223 0.49461846]
[0.3898434  0.30850156 0.25397989 0.73232188 0.09787757]
[0.02889966 0.10020514 0.13273608 0.00792951 0.84316729]
[0.0718713  0.05910383 0.24994004 0.42608573 0.6174307 ]
[0.44042358 0.76996755 0.21931064 0.43500872 0.29336811]
[1.0318147  0.276186   0.27092549 0.16222581 0.33319113]
[0.01881203 0.00251254 0.33116911 0.28738806 0.71997492]
[0.02371097 0.00129494 0.17591643 0.16771942 0.7790433 ]
[0.13564084 0.12667509 0.28415916 0.00500155 0.88005989]
