[0.02730643 0.68334584 0.6589094  0.03548553 0.11904979]
[0.003723   0.02238226 0.84729577 0.1400416  0.00343585]
[0.03784765 0.01180489 0.66000055 0.1058766  0.42606957]
[0.37347924 0.47964905 0.00713702 0.61120008 0.01936315]
[0.00490083 0.4346556  0.58019973 0.07394635 0.33441039]
[0.06134968 0.6345969  0.33469347 0.33493597 0.28893299]
[0.36116623 0.4572031  0.12952547 0.19229595 0.32821813]
[0.0044778  0.02683996 0.74088561 0.10785973 0.11890078]
[0.45424865 0.13409098 0.31501244 0.08274717 0.34470361]
[0.24438398 0.51205381 0.03324977 0.55765624 0.01143328]
[0.04085388 0.1022745  0.01517104 0.05733289 0.57393931]
[0.72742548 0.80781556 0.08212668 0.02165087 0.04323603]
[0.0069136  0.01423863 0.47488197 0.57851492 0.01665809]
[ 9.28903348e-02 -1.79076324e-04  2.77366631e-01  1.04920655e-02
  6.02487559e-01]
[0.00415336 1.10943334 0.20957159 0.02565624 0.14510191]
[0.05937926 0.23353549 0.64869631 0.03784168 0.08650024]
[0.07275783 0.7129696  0.37286781 0.06942802 0.27907654]
[0.34547555 0.00099536 0.226854   0.01488618 0.56005989]
[0.00412212 0.02473938 0.64435443 0.09353317 0.30546803]
[0.05376172 0.68784939 0.15638956 0.07800799 0.54113177]
[0.25175345 0.04645334 0.68388191 0.01637533 0.11261817]
[9.25137657e-03 2.72516846e-04 4.01164855e-01 7.00369493e-02
 5.12016733e-01]
[0.09490788 0.23756813 0.60649898 0.09282162 0.31784282]
[-1.29949476e-04 -6.07401380e-04  6.50111488e-04  4.66066333e-03
  7.36343162e-01]
[0.15392178 0.39612015 0.08089512 0.66534087 0.00760721]
[0.29818256 0.50599687 0.02796184 0.47766715 0.17879348]
[0.47966114 0.00161928 0.31494383 0.02150012 0.47045325]
[0.00170677 0.81842274 0.17338297 0.26391465 0.08198645]
[0.48438923 0.54347078 0.50388232 0.00967981 0.20502191]
[0.13926186 0.82165723 0.17688539 0.17780765 0.016496  ]
[0.72256092 0.20874845 0.17826547 0.17888895 0.03346072]
[0.00718888 0.0148157  0.49333755 0.55377604 0.01156578]
[0.16746291 0.41218083 0.60686866 0.33244298 0.02109709]
[0.04125584 0.04437044 0.86081356 0.00661028 0.05501923]
[0.40569655 0.63320557 0.39943911 0.07466954 0.10566742]
[0.03095486 0.07603196 0.77168963 0.03791597 0.01816991]
[0.74881098 0.10475872 0.15803048 0.45255536 0.00167984]
[-1.51921519e-04 -5.73005481e-04  5.10849410e-01  5.92535667e-01
  2.13115360e-02]
[0.19087061 0.03574831 0.68507682 0.11369595 0.11870095]
[0.07949732 0.19952976 0.70125106 0.10292508 0.04111709]
[0.01335264 0.00302378 0.75962394 0.10034627 0.42111556]
[ 1.37848745e-03  6.15473034e-05  6.35943487e-03 -1.18328114e-03
  6.33060452e-01]
[0.0028244  0.76825012 0.73476067 0.02261179 0.15066674]
[0.51290344 0.65304757 0.18450824 0.21017853 0.0173685 ]
[0.35387157 0.45444686 0.00675962 0.63396813 0.02016883]
[ 8.33330676e-05 -2.85459749e-04  1.94771151e-04  2.74544511e-02
  7.32721039e-01]
[0.03635753 0.21236636 0.67967556 0.11278268 0.11776196]
[0.51649445 0.65762254 0.18579999 0.18687431 0.01734765]
[0.05922547 0.2329308  0.6470209  0.03915441 0.09542186]
[ 5.83208561e-03 -1.61272740e-04  3.42553895e-03 -1.17243712e-03
  7.25149217e-01]
[ 2.23814502e-05 -6.02378123e-04  4.38195086e-03  2.85334589e-03
  7.25240087e-01]
[0.02153586 0.03567667 0.0034984  0.7340488  0.09449591]
[0.06953847 0.00590214 0.72402355 0.0354407  0.0170222 ]
[0.34092528 0.43534687 0.01595703 0.5559899  0.0295595 ]
[0.46659787 0.78556844 0.067437   0.01739645 0.27972014]
[0.22098219 0.05504767 0.67631153 0.01580211 0.11020551]
[0.29465817 0.37293713 0.33009104 0.19468609 0.33313819]
[0.04043246 0.00828564 0.71240026 0.11757346 0.10109154]
[0.29843901 0.37981852 0.10976272 0.05832359 0.54835765]
[0.58899076 0.00212763 0.38671627 0.02688891 0.33127503]
[0.24160671 0.50623174 0.10060293 0.55263041 0.01131054]
[0.07109557 0.41935931 0.07985391 0.65675532 0.00513871]
[0.10037273 0.587338   0.38267874 0.00913583 0.41070439]
[0.53875621 0.68885576 0.02346074 0.18928098 0.03099951]
[0.46997142 0.00157423 0.30858274 0.02078906 0.48724087]
[0.05874944 0.01681926 0.34531645 0.58200098 0.00435337]
[0.07199021 0.18490693 0.64754272 0.17704791 0.03884577]
[0.24106729 0.04922951 0.65681531 0.20309847 0.11258101]
[0.02699766 0.00742862 0.66705766 0.03568866 0.4251931 ]
[0.03353754 0.81643247 0.17314838 0.26355477 0.08187501]
[0.00471912 0.0186137  0.67001363 0.03875205 0.34936779]
[0.287288   0.63923488 0.40713455 0.10423384 0.01133266]
[0.21213793 0.54862025 0.3825318  0.00629358 0.4107968 ]
[0.00429565 0.01039898 0.4515688  0.07910595 0.52734899]
[0.03167487 0.21090976 0.67213794 0.19246529 0.11914576]
[0.02730996 0.68816328 0.66354149 0.03718896 0.04616558]
[0.43665626 0.002649   0.26773802 0.01903412 0.50423709]
[-1.48054115e-04 -6.10854093e-04  3.17651349e-04  8.44181458e-01
  4.20137427e-02]
[-1.54307263e-04 -5.78006778e-04  4.93179030e-01  6.42145713e-01
  1.77031760e-02]
[0.00185308 0.02495078 0.64072068 0.09299362 0.30374323]
[0.78095839 0.23093706 0.2096721  0.13662594 0.02303336]
[0.03493557 0.32828957 0.62693446 0.02758197 0.27350847]
[ 6.84114998e-04 -4.27047311e-04  4.39638962e-03  7.93763243e-02
  6.44910865e-01]
[0.31427713 0.10015021 0.63856735 0.17767532 0.03323368]
[0.02547068 0.0017948  0.7594064  0.20970876 0.01259077]
[0.22069726 0.01023833 0.49982544 0.23536684 0.2748742 ]
[0.76194887 0.10660702 0.05843338 0.45938267 0.00180525]
[ 8.03131909e-05 -2.82499796e-04  1.94771151e-04  2.74544511e-02
  7.32721039e-01]
[0.00979953 0.02508536 0.74364841 0.10826994 0.12193179]
[0.01876674 0.0237143  0.33779662 0.60982823 0.08236747]
[0.05470995 0.6999538  0.15914013 0.07968317 0.52095744]
[0.45662411 0.08974069 0.3109386  0.11267637 0.34375292]
[0.03512959 0.07341949 0.00455243 0.07992846 0.56944924]
[0.01303443 0.00261495 0.73827771 0.09746621 0.42772022]
[0.05375984 0.06453969 0.433193   0.5347593  0.01537211]
[0.07059159 0.21692047 0.81721004 0.01605982 0.01669468]
[0.23721927 0.59784131 0.14136717 0.09157856 0.33391213]
[0.00502848 0.01066418 0.33693129 0.73173072 0.0067245 ]
[0.11560598 0.20480125 0.50636839 0.23722939 0.27650286]
[1.80375211e-03 1.62616088e-04 6.47602436e-02 1.65261313e-02
 7.47229190e-01]
