[0.09521397 0.93269631 0.22076094 0.08007587 0.33120714]
[0.02360875 0.02978    0.3690797  0.76407812 0.00715588]
[0.10424915 0.25570663 0.72058408 0.10512685 0.38676018]
[0.11966661 0.70712985 0.4506439  0.1179322  0.1191824 ]
[0.04085388 0.1022745  0.01517104 0.05733289 0.57393931]
[0.0028244  0.76825012 0.73476067 0.02261179 0.15066674]
[0.25456496 0.28217107 0.90736287 0.16499939 0.03370384]
[0.010223   0.1995308  0.64156468 0.43550379 0.12913359]
[0.11831974 0.02193522 0.64187262 0.11587028 0.41886541]
[ 2.16643864e-03 -1.06918479e-04  2.17830346e-03  1.45848707e-01
  8.14368897e-01]
[0.10159793 0.2491987  0.70228704 0.10701407 0.38535905]
[2.55418059e-03 5.72633610e-04 1.83961525e-03 4.02753903e-03
 6.55648907e-01]
[0.66408772 0.73744137 0.07497272 0.20908033 0.0405577 ]
[0.03180765 0.04819878 0.89524239 0.4270782  0.05327909]
[0.01189084 0.03342467 0.50576868 0.00609314 0.64148436]
[0.24438398 0.51205381 0.03324977 0.55765624 0.01143328]
[0.18291574 0.03422692 0.70271024 0.1149788  0.12123973]
[1.85519602e-03 6.69879908e-03 3.41163587e-02 5.79603915e-05
 9.33484484e-01]
[0.10056127 0.98501803 0.23313999 0.05311221 0.34755287]
[0.16425601 0.27627667 0.85105275 0.31622956 0.10607868]
[0.84403833 0.41621549 0.13856765 0.2495159  0.15483113]
[0.32548421 0.2177464  0.57465504 0.2913789  0.23739916]
[1.0318147  0.276186   0.27092549 0.16222581 0.33319113]
[0.49549775 0.8344168  0.07177497 0.12972317 0.11360595]
[2.11384219e-03 3.36333713e-03 7.12036812e-04 3.34500837e-01
 9.03133317e-01]
[0.10813625 0.0314934  0.62471549 0.11257746 0.40894925]
[0.62568499 0.48344323 0.18127186 0.27697438 0.08577126]
[0.10349073 0.25906895 0.65766527 0.10089515 0.3551189 ]
[0.24651583 0.1949044  0.57975682 0.47575502 0.08831422]
[0.72742548 0.80781556 0.08212668 0.02165087 0.04323603]
[0.07401219 0.22310247 0.85184723 0.23708711 0.01803711]
[0.26122004 0.23831903 0.70115282 0.04295418 0.42668687]
[0.27932336 0.17261639 0.48408601 0.24584267 0.32560879]
[0.10735916 0.63444367 0.40435643 0.10440666 0.44743306]
[0.07928194 0.31179216 0.74111362 0.04435232 0.10186606]
[ 2.26191170e-04 -4.49249364e-04  9.75945381e-03  6.52354431e-01
  6.00350846e-01]
[ 5.82723815e-04 -4.49067716e-04  1.73258827e-02  8.20084707e-01
  2.88444612e-01]
[1.0213969  0.27339175 0.2372199  0.24309077 0.33248754]
[0.15151532 0.02621786 0.39362234 0.69961252 0.02868824]
[0.03499188 0.00433503 0.36404091 0.75720872 0.00708116]
[0.00249063 0.41827669 0.56349124 0.2865167  0.35157394]
[0.66587964 0.75545371 0.68757974 0.01411917 0.15844998]
[0.20388771 0.00450486 0.83934858 0.21826364 0.02585575]
[0.00267682 0.73036086 0.6985492  0.22324439 0.14727605]
[0.06773946 0.1660864  0.81401235 0.12038884 0.43262292]
[0.18373219 0.02902857 0.70308202 0.11504076 0.12130408]
[0.07275783 0.7129696  0.37286781 0.06942802 0.27907654]
[0.0077887  0.01607312 0.53355164 0.62431661 0.01284328]
[1.03723191e-02 3.77724374e-04 2.81103821e-01 1.49165740e-01
 6.42956951e-01]
[2.74409002e-03 3.23174938e-04 1.32845946e-01 8.09941110e-02
 8.05974584e-01]
[0.0115829  0.22571795 0.72460725 0.49218582 0.05022519]
[0.51649445 0.65762254 0.18579999 0.18687431 0.01734765]
[0.77465822 0.30032302 0.19859893 0.34523502 0.13328796]
[0.64454977 0.17324852 0.16928586 0.08343839 0.5562723 ]
[0.39162384 0.32703249 0.27437633 0.00463    0.65130815]
[0.52024601 0.26322173 0.14221334 0.51914333 0.19054954]
[1.33908221e-02 8.74101168e-05 1.71523909e-01 1.81742781e-01
 7.98028132e-01]
[0.01631476 0.00123423 0.37703678 0.00206833 0.71627973]
[0.36030434 0.45863534 0.12961524 0.19243066 0.50010622]
[0.01526083 0.009154   0.01142437 0.03485968 0.63820268]
[0.02256981 0.01193387 0.01670397 0.02835019 0.63904894]
[0.00547608 0.03765198 0.53520396 0.00657286 0.67883786]
[2.84247301e-03 6.97957388e-04 2.04006883e-03 4.68124513e-03
 7.25066926e-01]
[0.01635792 0.00123906 0.37634125 0.00292666 0.7149826 ]
[ 0.00272375  0.00649252  0.00448254 -0.00103927  0.74488376]
[0.11402924 0.12616175 1.02747938 0.1775838  0.3091713 ]
[0.37295411 0.97100598 0.13003822 0.12193857 0.4474343 ]
[0.44042358 0.76996755 0.21931064 0.43500872 0.29336811]
[0.35396325 0.61546694 0.36332086 0.39059029 0.26351843]
[0.26709451 0.23135895 0.70280089 0.04306019 0.42769068]
[0.49809716 0.83879591 0.07200186 0.20001035 0.1160144 ]
[0.2500077  0.19767194 0.5866359  0.48549023 0.08965442]
[0.11129004 0.65765893 0.42302955 0.12376284 0.43795412]
[ 2.06271380e-02 -9.37190919e-05  6.19588959e-02  3.60031946e-01
  7.22715647e-01]
[ 3.44797888e-03 -2.73824777e-04  8.25915932e-02  3.70739776e-01
  7.15577487e-01]
[0.00182614 0.00173633 0.06558273 0.29143504 0.76783227]
[0.00179831 0.00448897 0.08554066 0.56126728 0.55589477]
[ 5.99659986e-03 -3.52924395e-04  1.83375323e-02  4.30712678e-01
  8.50647936e-01]
[0.58297694 0.2546132  0.40683195 0.69334127 0.05066992]
[0.17499302 0.13821754 0.41634768 0.66449933 0.08880172]
[0.20930467 0.00462761 0.84331056 0.21953678 0.02600745]
[0.39532746 0.3570731  0.81057951 0.04061763 0.40218002]
[0.19486777 0.07337747 0.9265358  0.4170097  0.17318357]
[0.12871475 0.73015222 0.50070995 0.14155758 0.41579407]
[0.00967384 0.18895576 0.75763018 0.50899875 0.15474642]
[0.31485076 0.21612    0.56011234 0.28478591 0.34946353]
[0.13186364 0.27912206 0.65925816 0.20598267 0.36696767]
[0.12473408 0.43188677 0.56969585 0.04647591 0.61984052]
[0.11975665 0.25359484 0.59902809 0.27085545 0.34701878]
[0.2332502  0.06080491 0.63522063 0.08764737 0.53164081]
[0.64398667 0.73060195 0.67352518 0.01366231 0.27417671]
[0.66564475 0.74668668 0.23983066 0.15473269 0.05601583]
[0.62324483 0.73805471 0.23995163 0.36585574 0.2675907 ]
[0.58896476 0.69743726 0.32233571 0.35894306 0.23573723]
[0.66915252 0.25934578 0.17154894 0.29652835 0.48611233]
[0.2822381  0.21281024 0.87800249 0.18760326 0.11225763]
[0.09046156 0.00164583 0.27018978 0.14432917 0.6410865 ]
[0.33373711 0.20924888 0.09168305 0.67805142 0.18315076]
[0.19572562 0.41005005 0.02662324 0.44769309 0.34557967]
[0.02844498 0.32998791 0.07884883 0.00432214 0.71963106]
