[0.05289768 0.67226506 0.12733356 0.01407067 0.5310942 ]
[0.75613987 0.00290481 0.03205094 0.01528053 0.26277858]
[0.41667439 0.69626728 0.06853915 0.36563588 0.10181524]
[0.29465817 0.37293713 0.33009104 0.19468609 0.33313819]
[0.29818256 0.50599687 0.02796184 0.47766715 0.17879348]
[0.287288   0.63923488 0.40713455 0.10423384 0.01133266]
[0.05470995 0.6999538  0.15914013 0.07968317 0.52095744]
[0.03095486 0.07603196 0.77168963 0.03791597 0.01816991]
[0.07275783 0.7129696  0.37286781 0.06942802 0.27907654]
[ 6.84114998e-04 -4.27047311e-04  4.39638962e-03  7.93763243e-02
  6.44910865e-01]
[0.62964326 0.0879936  0.1328781  0.38020875 0.00134769]
[0.0304732  0.85817573 0.02119628 0.17589815 0.02874185]
[0.74568628 0.00208879 0.19363351 0.02823167 0.01420017]
[0.56438507 0.71873132 0.01075838 0.11428023 0.027861  ]
[0.19632699 0.25191735 0.07256459 0.34189671 0.54436004]
[0.36116623 0.4572031  0.12952547 0.19229595 0.32821813]
[0.05603721 0.38840173 0.07360257 0.62389755 0.00392746]
[0.16345559 0.3519592  0.07432294 0.68726336 0.00527111]
[0.69605445 0.20107008 0.1717255  0.17224925 0.03221858]
[0.22069726 0.01023833 0.49982544 0.23536684 0.2748742 ]
[0.23721927 0.59784131 0.14136717 0.09157856 0.33391213]
[0.31646936 0.49425147 0.04278881 0.4803323  0.09661712]
[0.10037273 0.587338   0.38267874 0.00913583 0.41070439]
[0.66478501 0.73821612 0.22636827 0.02025667 0.02041731]
[0.30756747 0.39280954 0.31315218 0.00974165 0.48583833]
[0.01054184 0.00200586 0.59890774 0.02002637 0.34418937]
[0.13926186 0.82165723 0.17688539 0.17780765 0.016496  ]
[0.00365698 1.11677693 0.2531814  0.12864596 0.13906613]
[0.29127562 0.73031605 0.10811325 0.09687372 0.12513606]
[0.51649445 0.65762254 0.18579999 0.18687431 0.01734765]
[ 9.28903348e-02 -1.79076324e-04  2.77366631e-01  1.04920655e-02
  6.02487559e-01]
[9.25137657e-03 2.72516846e-04 4.01164855e-01 7.00369493e-02
 5.12016733e-01]
[0.49205598 0.03039794 0.35518729 0.00568145 0.38705235]
[0.00170677 0.81842274 0.17338297 0.26391465 0.08198645]
[0.58899076 0.00212763 0.38671627 0.02688891 0.33127503]
[0.24160671 0.50623174 0.10060293 0.55263041 0.01131054]
[0.49102928 0.8824835  0.06765047 0.12395781 0.04404054]
[0.47966114 0.00161928 0.31494383 0.02150012 0.47045325]
[0.43665626 0.002649   0.26773802 0.01903412 0.50423709]
[0.54866313 0.00744835 0.00071332 0.62097881 0.0192863 ]
[0.00415336 1.10943334 0.20957159 0.02565624 0.14510191]
[0.06953847 0.00590214 0.72402355 0.0354407  0.0170222 ]
[0.00573189 0.03380196 0.10977833 0.06991095 0.60613259]
[0.46659787 0.78556844 0.067437   0.01739645 0.27972014]
[0.68725101 0.15002469 0.13611288 0.10215333 0.096763  ]
[0.52378237 0.12576552 0.01481248 0.65304506 0.03172203]
[0.01521265 0.01892244 0.00498828 0.66666722 0.04149249]
[0.44574049 0.08758794 0.31516197 0.11077717 0.3399729 ]
[0.18170097 0.00819977 0.65663084 0.0962397  0.05099669]
[0.00502848 0.01066418 0.33693129 0.73173072 0.0067245 ]
[0.18775425 0.02582642 0.5635981  0.38099159 0.0034055 ]
[0.534631   0.45516314 0.48284175 0.00850753 0.04440966]
[0.03506232 0.07473687 0.00336322 0.08114388 0.57729695]
[0.29843901 0.37981852 0.10976272 0.05832359 0.54835765]
[0.53875621 0.68885576 0.02346074 0.18928098 0.03099951]
[0.47334356 0.12410093 0.32601351 0.07835156 0.36062356]
[0.90398899 0.22694609 0.07135196 0.01959453 0.13147108]
[0.37347924 0.47964905 0.00713702 0.61120008 0.01936315]
[6.17261714e-05 3.88114716e-04 6.52737419e-03 7.40087085e-01
 1.02551938e-01]
[0.02639106 0.66513168 0.63660733 0.01207291 0.04480255]
[0.34547555 0.00099536 0.226854   0.01488618 0.56005989]
[0.03451516 0.32435077 0.61982104 0.0272417  0.27037366]
[ 6.28053765e-03 -1.47115287e-04  3.28220099e-04 -1.82036278e-04
  6.87810607e-01]
[0.04085388 0.1022745  0.01517104 0.05733289 0.57393931]
[0.04558675 0.05840986 0.01653313 0.77425705 0.00689558]
[0.40569655 0.63320557 0.39943911 0.07466954 0.10566742]
[0.38165986 0.6472215  0.39742418 0.07428208 0.19604913]
[0.00185308 0.02495078 0.64072068 0.09299362 0.30374323]
[0.00354307 0.00893528 0.36734886 0.09637224 0.48645131]
[0.45424865 0.13409098 0.31501244 0.08274717 0.34470361]
[0.00276958 0.75417381 0.72130767 0.02215844 0.04598197]
[0.04043246 0.00828564 0.71240026 0.11757346 0.10109154]
[0.50345606 0.63525931 0.1785506  0.27570832 0.08558681]
[0.24438398 0.51205381 0.03324977 0.55765624 0.01143328]
[0.20757771 0.62813351 0.14467834 0.08617064 0.34199592]
[ 4.19941318e-05 -6.01421918e-04  4.09739473e-03  2.78496213e-03
  6.99180299e-01]
[0.00490083 0.4346556  0.58019973 0.07394635 0.33441039]
[0.24773517 0.51907899 0.03199426 0.55532967 0.01136756]
[0.0069136  0.01423863 0.47488197 0.57851492 0.01665809]
[0.46997142 0.00157423 0.30858274 0.02078906 0.48724087]
[0.34092528 0.43534687 0.01595703 0.5559899  0.0295595 ]
[0.03353754 0.81643247 0.17314838 0.26355477 0.08187501]
[0.29088975 0.37020072 0.11201315 0.05697952 0.53616103]
[0.0549116  0.01568386 0.37085463 0.62983401 0.01226402]
[0.00260595 0.02819628 0.0151086  0.67205433 0.27217686]
[0.03512959 0.07341949 0.00455243 0.07992846 0.56944924]
[0.45662411 0.08974069 0.3109386  0.11267637 0.34375292]
[0.51290344 0.65304757 0.18450824 0.21017853 0.0173685 ]
[-1.48054115e-04 -6.10854093e-04  3.17651349e-04  8.44181458e-01
  4.20137427e-02]
[0.21213793 0.54862025 0.3825318  0.00629358 0.4107968 ]
[0.58683092 0.00211758 0.39067075 0.00573385 0.33133481]
[0.72742548 0.80781556 0.08212668 0.02165087 0.04323603]
[0.27932067 0.69871791 0.50110549 0.06435738 0.20454316]
[0.44262039 0.7299236  0.07163806 0.2363668  0.10095769]
[0.05874944 0.01681926 0.34531645 0.58200098 0.00435337]
[0.00471912 0.0186137  0.67001363 0.03875205 0.34936779]
[0.0041257  0.43457241 0.58007469 0.08337758 0.33486312]
[0.03462789 0.07236732 0.01448059 0.08041859 0.57285214]
[0.35387157 0.45444686 0.00675962 0.63396813 0.02016883]
[ 5.83208561e-03 -1.61272740e-04  3.42553895e-03 -1.17243712e-03
  7.25149217e-01]
