[0.02730643 0.68334584 0.6589094  0.03548553 0.11904979]
[0.003723   0.02238226 0.84729577 0.1400416  0.00343585]
[0.03784765 0.01180489 0.66000055 0.1058766  0.42606957]
[0.37347924 0.47964905 0.00713702 0.61120008 0.01936315]
[0.00490083 0.4346556  0.58019973 0.07394635 0.33441039]
[0.01935357 0.00052461 0.00428663 0.48850588 0.45141185]
[0.04074446 0.01490982 0.02787043 1.11180323 0.00829079]
[0.06134968 0.6345969  0.33469347 0.33493597 0.28893299]
[0.36116623 0.4572031  0.12952547 0.19229595 0.32821813]
[ 5.82723815e-04 -4.49067716e-04  1.73258827e-02  8.20084707e-01
  2.88444612e-01]
[0.0044778  0.02683996 0.74088561 0.10785973 0.11890078]
[0.45424865 0.13409098 0.31501244 0.08274717 0.34470361]
[0.24438398 0.51205381 0.03324977 0.55765624 0.01143328]
[0.04085388 0.1022745  0.01517104 0.05733289 0.57393931]
[0.00229816 0.38797928 0.52273102 0.33718867 0.34118137]
[0.72742548 0.80781556 0.08212668 0.02165087 0.04323603]
[0.0069136  0.01423863 0.47488197 0.57851492 0.01665809]
[ 9.28903348e-02 -1.79076324e-04  2.77366631e-01  1.04920655e-02
  6.02487559e-01]
[0.00415336 1.10943334 0.20957159 0.02565624 0.14510191]
[0.27932336 0.17261639 0.48408601 0.24584267 0.32560879]
[0.05937926 0.23353549 0.64869631 0.03784168 0.08650024]
[0.07275783 0.7129696  0.37286781 0.06942802 0.27907654]
[-1.46745074e-04 -6.10800017e-04  3.39455331e-04  8.93722772e-01
  4.72412573e-02]
[0.01092952 0.00634039 0.44326597 0.49930828 0.34365969]
[0.34547555 0.00099536 0.226854   0.01488618 0.56005989]
[ 1.34324750e-04 -9.83940754e-05  1.85145514e-02  8.15262818e-01
  2.87317861e-01]
[0.00412212 0.02473938 0.64435443 0.09353317 0.30546803]
[3.85441174e-03 1.54089964e-04 9.85787858e-02 6.32118447e-01
 3.99004127e-01]
[0.05376172 0.68784939 0.15638956 0.07800799 0.54113177]
[0.25175345 0.04645334 0.68388191 0.01637533 0.11261817]
[0.0076358  0.00936332 0.24576691 0.58780761 0.31352694]
[0.00993615 0.00304233 0.00262706 0.78347564 0.08654377]
[9.25137657e-03 2.72516846e-04 4.01164855e-01 7.00369493e-02
 5.12016733e-01]
[0.09490788 0.23756813 0.60649898 0.09282162 0.31784282]
[0.79393872 0.31891624 0.20104349 0.22920137 0.03243142]
[0.00139145 0.3642938  0.34688351 0.75318228 0.04415175]
[-1.29949476e-04 -6.07401380e-04  6.50111488e-04  4.66066333e-03
  7.36343162e-01]
[0.02914792 0.01027107 0.71781824 0.03894424 0.47524416]
[0.17452172 0.36559977 0.02460867 0.40106871 0.35983934]
[0.15392178 0.39612015 0.08089512 0.66534087 0.00760721]
[0.29818256 0.50599687 0.02796184 0.47766715 0.17879348]
[0.01961153 0.02465234 0.35261229 0.62743464 0.08505169]
[0.47966114 0.00161928 0.31494383 0.02150012 0.47045325]
[0.00170677 0.81842274 0.17338297 0.26391465 0.08198645]
[0.0677022  0.20803808 0.78383904 0.23214958 0.01664921]
[0.07064832 0.17716744 0.45006616 0.07759748 0.41376167]
[0.56369887 0.71776126 0.20278038 0.22384444 0.0134333 ]
[5.34484586e-03 4.37920416e-04 1.11207672e-01 6.97660469e-01
 1.15163352e-01]
[0.26516253 0.68252503 0.13933373 0.2348717  0.3276133 ]
[0.48438923 0.54347078 0.50388232 0.00967981 0.20502191]
[0.13926186 0.82165723 0.17688539 0.17780765 0.016496  ]
[0.72256092 0.20874845 0.17826547 0.17888895 0.03346072]
[0.02865713 0.87461505 0.20579741 0.04530285 0.30671977]
[0.13501899 0.02330004 0.36341994 0.64323787 0.00484576]
[0.00718888 0.0148157  0.49333755 0.55377604 0.01156578]
[0.16746291 0.41218083 0.60686866 0.33244298 0.02109709]
[0.0103803  0.00135064 0.31988608 0.6899045  0.1191828 ]
[0.04125584 0.04437044 0.86081356 0.00661028 0.05501923]
[0.21798651 0.02608819 0.02702381 0.23749945 0.52828067]
[0.25650749 0.53480115 0.1286061  0.19091635 0.46925902]
[0.40569655 0.63320557 0.39943911 0.07466954 0.10566742]
[ 1.92369686e-03 -1.59360948e-04  1.94633546e-03  1.30475231e-01
  7.10690495e-01]
[0.03095486 0.07603196 0.77168963 0.03791597 0.01816991]
[0.74881098 0.10475872 0.15803048 0.45255536 0.00167984]
[0.11042746 0.63268008 0.41251252 0.00798088 0.44272867]
[9.11426402e-03 2.55398359e-04 2.03164384e-01 7.44371285e-01
 3.89402205e-01]
[0.05905328 0.07506661 0.57130038 0.36682679 0.33963603]
[0.032988   0.00655184 0.76516337 0.1820681  0.28118255]
[0.19008399 0.39822337 0.02585494 0.43473801 0.33561555]
[0.010223   0.1995308  0.64156468 0.43550379 0.12913359]
[0.25587444 0.01196641 0.60163647 0.28226142 0.32859515]
[0.01186838 0.01966942 0.00168615 0.87912161 0.11777145]
[ 2.26191170e-04 -4.49249364e-04  9.75945381e-03  6.52354431e-01
  6.00350846e-01]
[0.10813625 0.0314934  0.62471549 0.11257746 0.40894925]
[0.28961593 0.17899565 0.50191487 0.22261892 0.33134443]
[0.00738893 0.00537954 0.01791542 0.83897149 0.03547397]
[0.35982723 0.45995137 0.01685354 0.58724014 0.03123736]
[0.00190765 0.0112665  0.32092883 0.69216003 0.11957257]
[-1.51921519e-04 -5.73005481e-04  5.10849410e-01  5.92535667e-01
  2.13115360e-02]
[0.00207978 0.00503156 0.03356012 0.06840698 0.57550279]
[0.19087061 0.03574831 0.68507682 0.11369595 0.11870095]
[0.07949732 0.19952976 0.70125106 0.10292508 0.04111709]
[0.01335264 0.00302378 0.75962394 0.10034627 0.42111556]
[0.00357879 0.00609239 0.11764931 0.78720565 0.1093332 ]
[ 1.37848745e-03  6.15473034e-05  6.35943487e-03 -1.18328114e-03
  6.33060452e-01]
[0.0028244  0.76825012 0.73476067 0.02261179 0.15066674]
[0.03499188 0.00433503 0.36404091 0.75720872 0.00708116]
[0.02128834 0.03114393 1.0156167  0.06978523 0.16874527]
[0.51290344 0.65304757 0.18450824 0.21017853 0.0173685 ]
[0.35387157 0.45444686 0.00675962 0.63396813 0.02016883]
[0.11732023 0.03415962 0.6198739  0.10079564 0.40566401]
[ 8.33330676e-05 -2.85459749e-04  1.94771151e-04  2.74544511e-02
  7.32721039e-01]
[ 5.80960191e-04 -3.03866330e-04  1.85384100e-02  4.90082261e-01
  4.51686232e-01]
[0.00395582 0.02313675 0.0016711  0.87150477 0.11664749]
[0.03635753 0.21236636 0.67967556 0.11278268 0.11776196]
[0.02234398 0.02814203 0.40132559 0.7462705  0.00453165]
[0.51649445 0.65762254 0.18579999 0.18687431 0.01734765]
[0.05922547 0.2329308  0.6470209  0.03915441 0.09542186]
[ 5.83208561e-03 -1.61272740e-04  3.42553895e-03 -1.17243712e-03
  7.25149217e-01]
[0.02880123 0.00565124 0.00153685 0.53346297 0.49972598]
