[0.25088972 0.04922541 0.53715275 0.63431039 0.28691112]
[0.26747041 0.79229574 0.30694905 0.13447869 0.10398892]
[0.19379991 0.01167138 0.52640218 0.76948874 0.00293461]
[0.00364704 0.02234708 0.04830899 0.77561068 0.53483556]
[0.00471375 0.01822379 0.14952004 0.95086768 0.30004021]
[0.06332366 0.17762689 0.77417925 0.14250404 0.29366333]
[0.08151121 0.07587619 0.15009107 0.50545859 0.52914832]
[0.05749875 0.71855623 0.32908959 0.05710279 0.23358685]
[0.01336094 0.00105697 0.0115736  0.07013807 0.79827044]
[0.1274184  0.01997361 0.06638699 0.86227085 0.27371333]
[0.0508183  0.12237536 0.87831657 0.0423394  0.11264212]
[0.61852688 0.05932734 0.31939396 0.09283838 0.53156305]
[0.09588811 0.09592739 0.64473414 0.34845052 0.21647829]
[0.03511946 0.12677399 1.0284067  0.33489373 0.09484755]
[0.06823422 0.05578688 0.02227838 0.940035   0.43379185]
[0.02941088 0.02598447 0.16159832 0.46691876 0.48885408]
[0.75050366 0.01263232 0.17859731 0.14279389 0.05464659]
[0.36354172 0.06776102 0.27119734 0.83447271 0.0023656 ]
[0.02180905 0.0437583  0.09129032 1.06228726 0.17068981]
[0.05700389 0.00143721 0.88025989 0.24022744 0.10514668]
[0.55397312 0.99717443 0.01962746 0.38671911 0.08473971]
[0.22025079 0.2016778  0.07783068 0.77327623 0.13009329]
[0.0935431  0.01320578 0.0186786  0.59739377 0.56398303]
[0.76014588 0.14231705 0.59495271 0.03012956 0.06364213]
[0.02022323 0.01517123 0.09834557 1.16888941 0.06669966]
[0.00205005 0.00904182 0.47996957 0.59199001 0.36307352]
[0.05305272 0.37136382 0.73044072 0.04806057 0.10158496]
[0.56178316 0.00288197 0.08668611 0.7318808  0.30438383]
[0.06507182 0.2042144  0.5890313  0.39411273 0.26068368]
[0.01291268 0.61524759 0.07107579 0.78214208 0.30001446]
[0.05704958 0.26991496 0.0150579  0.86138276 0.47441328]
[0.2912939  0.0267463  0.22223487 0.87319684 0.05894466]
[0.56858188 0.1061637  0.44492926 0.01530906 0.55245578]
[0.29249968 0.17700944 0.67339609 0.10479809 0.29550719]
[0.10748264 0.10757994 0.39023989 0.21857155 0.46266984]
[0.18280487 0.17353705 0.59513161 0.45289707 0.03785883]
[0.30362099 0.20547772 0.33479526 0.64468546 0.17437833]
[0.19699859 0.12882769 0.11444524 0.85138059 0.11554205]
[0.14778105 0.6811748  0.58750391 0.15764542 0.18486421]
[0.01436649 0.00577838 0.75821073 0.20984439 0.25000333]
[0.20308279 0.01702636 0.15484931 0.58455958 0.49207099]
[0.21176424 0.11194725 0.07801521 0.46560322 0.59043914]
[0.08909179 0.30933084 0.67635435 0.12881728 0.10017911]
[0.04519196 0.04017639 0.24706319 0.71501346 0.12028791]
[0.58031256 0.50525122 0.16842479 0.07590452 0.09473262]
[0.47484541 0.45148996 0.26747066 0.45125267 0.03719168]
[0.00409146 0.00225366 0.09181132 0.00173962 0.59457288]
[0.0096308  0.00749697 0.0648477  0.7614292  0.3024069 ]
[0.41628175 0.27573368 0.04700793 0.683932   0.47621686]
[0.00264895 0.01164555 0.60943935 0.75223862 0.06711851]
[0.37386807 0.50603713 0.03248799 0.06713816 0.53005592]
[0.88894298 0.0089781  0.04885363 0.1076025  0.30447582]
[-7.81284969e-05 -1.45975409e-04  7.71140334e-03  3.93599988e-01
  7.30502325e-01]
[-1.56882185e-04 -5.30650911e-04  1.16083265e-04  1.59841997e-03
  9.28755765e-01]
[0.07852024 0.03171973 0.93583472 0.09279798 0.10874134]
[0.50528022 0.20552938 0.19635194 0.05160091 0.44843208]
[0.0615983  0.00411369 0.01582438 0.76709194 0.60909657]
[0.05574781 0.00424076 0.20663101 0.51095657 0.42487351]
[0.14602803 1.21332903 0.1274466  0.09016272 0.08839125]
[0.62229461 1.01433534 0.33687237 0.12326875 0.04800394]
[0.45222901 0.08409279 0.10906944 0.61139275 0.05576048]
[0.23794325 0.26497033 0.45536776 0.77769107 0.03852511]
[0.07893732 0.22219431 0.77616266 0.05592158 0.29366333]
[0.03032976 0.00431447 0.03051165 0.98296754 0.28940393]
[0.49021199 0.12599617 0.18235963 0.95947671 0.03465593]
[0.46997188 0.40924467 0.11860618 0.05833956 0.47186399]
[0.20891928 0.33879544 0.08794576 0.44220721 0.55676683]
[0.6870242  0.41929783 0.00305843 0.57208421 0.03136972]
[0.06575328 0.53016379 0.3785533  0.6853019  0.04644279]
[0.23496849 0.35142723 0.57659049 0.61285563 0.03270826]
[0.10029113 0.08736377 0.54172679 0.49137848 0.32763593]
[0.0155604  0.17609098 0.42635329 0.88003379 0.01849212]
[0.04032394 0.03517068 0.21907317 0.63008459 0.29100071]
[0.06235847 0.00442852 0.00219224 0.02006284 0.75487678]
[0.52561519 0.2622913  0.54322465 0.14560298 0.17090186]
[0.14234845 0.06214327 0.24882448 0.97409604 0.05029888]
[0.03019183 0.01796536 0.54431127 0.432254   0.56624928]
[0.61362169 0.11477255 0.48028596 0.02536159 0.3119358 ]
[0.19887547 0.18883243 0.59381103 0.45703817 0.03820707]
[ 5.08391812e-04 -5.21096085e-05  6.40216817e-02  7.40767035e-01
  6.26795479e-01]
[0.64045639 0.55766367 0.16110351 0.08336375 0.11410155]
[0.22125744 0.2993204  0.06851073 0.45365485 0.5247178 ]
[0.01304277 0.17114605 0.4138956  0.8542604  0.02509677]
[1.19875181e-02 4.97685016e-04 1.03653988e-02 6.26272204e-02
 8.05599184e-01]
[0.09690886 0.05878618 0.54645073 0.21465621 0.48688781]
[0.37040028 0.50133987 0.03829309 0.06654745 0.52553355]
[0.20368194 0.13336147 0.10932396 0.88028236 0.12159952]
[0.00453035 0.00331058 0.16339439 1.03389477 0.32871885]
[0.31234889 0.14931052 0.19248088 0.67961642 0.36723408]
[0.01444428 0.00581257 0.76226813 0.20811793 0.24713828]
[0.7720048  0.47184364 0.00170817 0.64328319 0.07501688]
[0.01073051 0.05341312 0.15574378 1.0305107  0.09796934]
[0.00676605 0.01106175 0.00834831 0.00117934 0.81464207]
[0.22447968 0.13463688 0.53171986 0.62268759 0.31032651]
[0.07497676 1.2182013  0.12507387 0.09036246 0.08813029]
[0.07703982 0.21685001 0.77734444 0.05592212 0.29366608]
[0.54199893 0.9756138  0.01692622 0.49752147 0.08226118]
[0.1407448  0.33974536 0.72828206 0.04791219 0.10128357]
[0.04711205 0.13911364 0.82453949 0.14802955 0.09843311]
[0.00413978 0.00228615 0.09178628 0.00178178 0.59415847]
