[0.26154143 0.25228285 0.25634359 0.28031378 0.67662372]
[0.12989782 0.00109965 0.11122795 0.14103235 0.71043488]
[0.01444428 0.00581257 0.76226813 0.20811793 0.24713828]
[0.12491214 0.09154367 0.04986197 0.47803799 0.71425913]
[0.34640595 0.85195407 0.39304363 0.69055482 0.09148879]
[-4.72117401e-05  2.13507167e-01  2.63859362e-01  9.58606926e-01
  3.65812730e-01]
[0.03113778 0.09660095 0.27460654 0.18290675 0.61299209]
[0.00578325 0.10831166 0.12146842 0.01623977 0.73896363]
[0.01993061 0.0391714  0.08223985 0.95682288 0.41880365]
[0.54199893 0.9756138  0.01692622 0.49752147 0.08226118]
[0.00210479 0.04897152 0.07940918 0.05998441 0.64131562]
[0.10961712 0.08480338 0.06500728 0.11002862 0.63832518]
[0.00330494 0.17962387 0.28462156 0.69488928 0.66942779]
[0.00139991 0.06155238 0.08177777 0.02681644 0.64768121]
[0.60479743 0.30188397 0.62044672 0.16721578 0.19596035]
[0.32445063 0.14796774 0.19392961 0.30510756 0.68633066]
[0.67278473 0.36869089 0.49127727 0.53328108 0.23328627]
[0.11219504 0.01082816 0.04726707 0.23175207 0.74120749]
[ 1.87854186e-03 -2.86496519e-04  4.76615116e-02  3.95586989e-01
  7.65851499e-01]
[1.90867571e-02 7.31884507e-04 2.23679044e-02 1.95792153e-01
 7.90120330e-01]
[0.02299185 0.19030873 0.04373837 0.51146692 0.72897899]
[0.07703982 0.21685001 0.77734444 0.05592212 0.29366608]
[0.65915702 0.49275166 0.07309927 0.06880853 0.60447867]
[0.1407448  0.33974536 0.72828206 0.04791219 0.10128357]
[0.17748735 0.34419079 0.14220751 0.04992701 0.59719261]
[0.0155604  0.17609098 0.42635329 0.88003379 0.01849212]
[0.03019183 0.01796536 0.54431127 0.432254   0.56624928]
[0.39751293 0.4456906  0.17271458 0.77083042 0.34782572]
[0.09963597 0.55522407 0.40057183 0.72528173 0.0529752 ]
[0.20308279 0.01702636 0.15484931 0.58455958 0.49207099]
[0.00364704 0.02234708 0.04830899 0.77561068 0.53483556]
[0.61852688 0.05932734 0.31939396 0.09283838 0.53156305]
[0.14599032 0.27143807 0.44548686 0.20920836 0.78638791]
[0.21748771 1.08842527 0.16574492 0.18872326 0.55874186]
[-7.81284969e-05 -1.45975409e-04  7.71140334e-03  3.93599988e-01
  7.30502325e-01]
[0.06299773 0.05132262 0.20726398 0.06434843 0.85991336]
[0.41268028 0.33320433 0.0703103  0.13984551 0.68440556]
[0.0537316  0.01877342 0.07342043 0.19455193 0.75794891]
[0.01726185 0.00130716 0.00502945 0.00432115 0.71661573]
[0.03032976 0.00431447 0.03051165 0.98296754 0.28940393]
[0.00676605 0.01106175 0.00834831 0.00117934 0.81464207]
[0.25379963 0.28797809 0.09950333 0.35478366 0.67372766]
[0.20209177 0.1719231  0.39514486 0.209633   0.65374499]
[0.37531805 0.54698823 0.41098357 0.44305635 0.62887072]
[0.09588811 0.09592739 0.64473414 0.34845052 0.21647829]
[0.36354172 0.06776102 0.27119734 0.83447271 0.0023656 ]
[0.05104084 0.04211929 0.14497164 0.98913486 0.31449971]
[0.39539811 0.31342015 0.04791378 0.68481898 0.47683305]
[0.00978903 0.08029039 0.28530112 0.01855518 0.73886372]
[0.20082508 0.42007227 0.57993966 0.92312992 0.04605817]
[0.37386807 0.50603713 0.03248799 0.06713816 0.53005592]
[0.20891928 0.33879544 0.08794576 0.44220721 0.55676683]
[0.22447968 0.13463688 0.53171986 0.62268759 0.31032651]
[ 4.79882206e-02 -3.77348364e-04  2.39720360e-01  8.59844338e-02
  8.05374317e-01]
[0.50033085 0.11154347 0.62585346 0.72426562 0.13520677]
[0.01989176 0.09324961 0.00480911 0.11782175 0.84643497]
[0.0985393  0.0607452  0.04336121 0.14200248 0.72498031]
[0.01822288 0.07951989 0.04690854 0.18464002 0.87959903]
[0.01125277 0.05600142 0.16320799 1.07998485 0.0933946 ]
[0.21176424 0.11194725 0.07801521 0.46560322 0.59043914]
[0.03538472 0.1277315  1.03613723 0.33769448 0.09557056]
[0.5189374  0.13028504 0.19282343 1.01463832 0.03666728]
[0.15618452 0.06917619 0.27200908 1.06644763 0.05509566]
[0.04711205 0.13911364 0.82453949 0.14802955 0.09843311]
[0.02586542 0.07490778 0.11024296 0.71720999 0.64368845]
[0.14252087 0.18544096 0.32827672 0.8161208  0.39007472]
[0.09681884 0.0205626  0.07946136 0.30485992 0.67191573]
[0.2800974  0.04700121 0.16745785 0.00571455 0.78668425]
[0.00397786 0.05780842 0.07025864 0.0725266  0.63112298]
[0.05867867 0.00490772 0.19949757 0.35673578 0.76831849]
[0.15155684 0.11510068 0.66026506 0.71618174 0.40723503]
[0.09596781 0.0127054  0.09988421 0.92316359 0.56339362]
[0.07131655 0.1564614  0.01464795 0.03526426 0.66937978]
[0.45222901 0.08409279 0.10906944 0.61139275 0.05576048]
[0.00576862 0.02525895 0.52104978 0.64912183 0.39928942]
[0.37206558 0.01272825 0.21630395 0.11073361 0.74956218]
[0.04519196 0.04017639 0.24706319 0.71501346 0.12028791]
[0.29063572 0.08290021 0.5185953  0.21208732 0.61461059]
[0.0451228  0.0651771  0.04690452 0.10968665 0.73098932]
[0.19699859 0.12882769 0.11444524 0.85138059 0.11554205]
[0.48462253 0.42182735 0.12228343 0.06256936 0.48670719]
[0.23256972 0.59475998 0.73909716 0.16411073 0.30516916]
[0.00791408 0.37994875 0.40721425 0.7736482  0.29848268]
[0.22377422 0.29907986 0.1968955  0.69524853 0.55570591]
[0.09876833 0.20198778 0.54815038 0.39404239 0.68897039]
[0.50881841 0.58989123 0.0856839  0.02203517 0.74598815]
[0.32826543 0.00765018 0.42803098 0.3020874  0.61862881]
[0.00423228 0.00245686 0.16981795 0.00511647 0.72192918]
[0.18452678 0.03653773 0.33623134 0.24408635 0.75964736]
[0.01336094 0.00105697 0.0115736  0.07013807 0.79827044]
[0.18280487 0.17353705 0.59513161 0.45289707 0.03785883]
[0.18216849 0.27237752 0.44710585 0.47496214 0.53043031]
[0.07852024 0.03171973 0.93583472 0.09279798 0.10874134]
[3.06871841e-02 1.75527751e-05 1.71646644e-01 8.68351032e-01
 3.16157001e-01]
[0.14490841 0.23271655 0.06302292 0.91271311 0.5026377 ]
[0.05227742 0.11431623 0.25613863 0.50118646 0.7061104 ]
[0.56371939 0.00088016 0.11131349 0.74076523 0.30807291]
[0.00075989 0.12243328 0.06093643 0.06208873 0.7130412 ]
[0.01123328 0.00872971 0.08311753 0.97380097 0.3877958 ]
[0.01517029 0.05046172 0.00165796 0.05365453 0.82044782]
