[0.006918   0.00498198 0.46977252 0.84251766 0.04770836]
[0.00409146 0.00225366 0.09181132 0.00173962 0.59457288]
[0.14778105 0.6811748  0.58750391 0.15764542 0.18486421]
[0.00561653 0.1639949  0.01903289 0.86019136 0.27304545]
[0.01059554 0.00412074 0.63765396 0.17613208 0.21018192]
[0.06687871 0.32446374 0.27711951 0.58735299 0.153407  ]
[0.56858188 0.1061637  0.44492926 0.01530906 0.55245578]
[0.01902195 0.025316   0.03075596 0.97437166 0.10612253]
[0.45332864 0.39440882 0.11437019 0.05618017 0.45522637]
[0.10499945 0.06365217 0.62774713 0.62352764 0.03033142]
[0.00264895 0.01164555 0.60943935 0.75223862 0.06711851]
[0.75050366 0.01263232 0.17859731 0.14279389 0.05464659]
[0.37386807 0.50603713 0.03248799 0.06713816 0.53005592]
[0.83779916 0.00842647 0.04604031 0.07912709 0.28569995]
[0.03750274 0.0332892  0.24301853 0.37619178 0.44401051]
[0.14602803 1.21332903 0.1274466  0.09016272 0.08839125]
[0.10030043 1.14616876 0.13402948 0.11014846 0.00144467]
[0.55267479 0.33764657 0.0012074  0.63106175 0.28071362]
[0.0817076  0.06449727 0.00236482 0.72856331 0.29064757]
[0.06639513 0.19368507 0.83951271 0.15471066 0.03450064]
[0.04424354 0.0489257  0.46758151 0.66562594 0.03293037]
[0.19803646 0.00418383 0.53717927 0.65190487 0.00264016]
[0.06507182 0.2042144  0.5890313  0.39411273 0.26068368]
[0.23706583 0.04247176 0.66140762 0.0282778  0.29079914]
[0.0920667  0.01298809 0.01675986 0.58575165 0.58102664]
[0.02199045 0.01870875 0.21981353 0.53099064 0.44147846]
[0.57219206 0.08609239 0.48204355 0.64903841 0.00246212]
[0.12339828 0.00934443 0.08567107 0.3418746  0.53917296]
[0.01670141 0.00255568 0.76090729 0.01701336 0.52402696]
[0.0821505  0.07340212 0.44980488 0.36987945 0.48217986]
[0.03019183 0.01796536 0.54431127 0.432254   0.56624928]
[0.49772922 0.20244981 0.23055178 0.01198565 0.44621073]
[0.50272008 0.68057191 0.33661038 0.09755812 0.0398999 ]
[-7.81284969e-05 -1.45975409e-04  7.71140334e-03  3.93599988e-01
  7.30502325e-01]
[0.0072035  0.00354803 0.40063178 0.71488282 0.25491967]
[0.34074207 0.47880355 0.03420484 0.96909549 0.03500666]
[0.07438395 0.03279655 0.89641732 0.08879898 0.03267571]
[0.79361912 0.1287929  0.32730403 0.09879956 0.2454047 ]
[0.07730986 0.77302549 0.16533312 0.5227154  0.07645795]
[0.36354172 0.06776102 0.27119734 0.83447271 0.0023656 ]
[0.5728751  0.54589036 0.37654537 0.34359143 0.0419655 ]
[0.2848115  0.38954819 0.12522423 0.02129854 0.50900438]
[0.03266517 0.0191566  0.53557601 0.58434735 0.2890109 ]
[0.03525102 0.02951153 0.921351   0.09016781 0.0648432 ]
[0.00753303 0.00409541 0.73846371 0.52260794 0.03161683]
[0.17019603 0.53424896 0.26100034 0.3431974  0.22631358]
[0.33189046 0.44917691 0.02883577 0.05936203 0.58279275]
[0.1168463  0.67995268 0.09532651 0.70891024 0.31172351]
[1.68197969e-03 2.20196961e-04 2.51245206e-01 9.36879825e-01
 2.98026144e-01]
[0.26747041 0.79229574 0.30694905 0.13447869 0.10398892]
[0.26918182 0.04982013 0.07876291 0.74919287 0.05872593]
[0.72355557 0.44162028 0.00322393 0.53722977 0.03173428]
[0.00211766 0.02913086 0.07194644 0.86979824 0.01493399]
[0.00970831 0.00724374 0.06736625 0.73124767 0.29062373]
[0.87536835 0.54776968 0.00375808 0.35990437 0.03396176]
[0.12887961 1.0908863  0.16579537 0.08154567 0.06310926]
[0.17973854 0.17061863 0.58515736 0.46731359 0.03784122]
[0.00194713 0.00859437 0.45771995 0.56645335 0.34695643]
[0.00364704 0.02234708 0.04830899 0.77561068 0.53483556]
[0.55307484 0.10114328 0.43265337 0.02263338 0.28096251]
[0.90131033 0.0091115  0.04953394 0.02102681 0.30620788]
[0.05829795 0.47013815 0.33573635 0.60755762 0.04114445]
[0.47484541 0.45148996 0.26747066 0.45125267 0.03719168]
[0.81315783 0.47434794 0.101496   0.09827973 0.11012876]
[0.7720048  0.47184364 0.00170817 0.64328319 0.07501688]
[0.33165052 0.02040076 0.0846629  0.43316424 0.6103149 ]
[ 5.28759530e-04 -3.53167107e-05  6.59443034e-02  7.31986896e-01
  6.19588174e-01]
[0.20834537 0.1870255  0.00459711 0.3747722  0.44226485]
[0.21082836 0.12748871 0.70594334 0.10980321 0.01491188]
[0.13411493 0.12753344 0.56870125 0.52441131 0.04090638]
[0.34829354 0.33104278 0.00785984 0.3014922  0.49025641]
[0.02620945 0.01712453 0.66494038 0.02000667 0.22367994]
[0.03032976 0.00431447 0.03051165 0.98296754 0.28940393]
[0.01591261 0.0377297  0.69599437 0.03180403 0.08979761]
[0.76014588 0.14231705 0.59495271 0.03012956 0.06364213]
[0.31213789 0.1492093  0.19176806 0.67911618 0.36689865]
[0.04032394 0.03517068 0.21907317 0.63008459 0.29100071]
[0.03564134 0.29674676 0.73266451 0.07595291 0.06439776]
[0.07322276 0.03227621 0.88245466 0.15963299 0.07937387]
[0.2334771  0.01989206 0.58269905 0.4653415  0.3406356 ]
[0.00304708 0.08844249 0.21290326 0.75960694 0.01318258]
[0.02628552 0.17063027 0.00616702 0.90293972 0.13283332]
[ 1.69021321e-04 -4.41825874e-05  3.36777285e-03 -1.33914497e-03
  7.11271336e-01]
[0.45159048 0.27579814 0.00188973 0.59982072 0.6694846 ]
[0.00743488 0.09423071 0.04251818 0.00156611 0.61415922]
[0.06799432 0.05962135 0.36880655 0.5245074  0.28226938]
[0.16896162 0.73469737 0.01062227 0.76633977 0.06755861]
[0.02708243 0.07750774 0.4628095  0.71680226 0.09845079]
[0.06172871 0.54250179 0.12200945 0.57545872 0.09896159]
[0.1219638  0.01028571 0.52195182 0.47336473 0.31566238]
[0.1274184  0.01997361 0.06638699 0.86227085 0.27371333]
[0.27253069 0.4076636  0.66870653 0.06253539 0.00996219]
[0.04519196 0.04017639 0.24706319 0.71501346 0.12028791]
[0.09690886 0.05878618 0.54645073 0.21465621 0.48688781]
[0.08151121 0.07587619 0.15009107 0.50545859 0.52914832]
[0.3762238  0.22790274 0.11945727 0.05739289 0.48972475]
[0.0352009  0.29308957 0.72365286 0.13726088 0.06753067]
[0.12013764 0.69909494 0.09002878 0.70581583 0.31421556]
[0.40194033 0.56486489 0.00314837 1.04305094 0.03850885]
[0.19717789 0.12864966 0.09818319 0.74707837 0.10172947]
