[0.55267479 0.33764657 0.0012074  0.63106175 0.28071362]
[0.05829795 0.47013815 0.33573635 0.60755762 0.04114445]
[0.35380043 0.63024604 0.01142119 0.85003422 0.09334327]
[0.04519196 0.04017639 0.24706319 0.71501346 0.12028791]
[0.04032394 0.03517068 0.21907317 0.63008459 0.29100071]
[0.07438395 0.03279655 0.89641732 0.08879898 0.03267571]
[0.50272008 0.68057191 0.33661038 0.09755812 0.0398999 ]
[0.20187647 0.13202997 0.11727792 0.8414204  0.11465466]
[0.76014588 0.14231705 0.59495271 0.03012956 0.06364213]
[0.14778105 0.6811748  0.58750391 0.15764542 0.18486421]
[0.6870242  0.41929783 0.00305843 0.57208421 0.03136972]
[0.45222901 0.08409279 0.10906944 0.61139275 0.05576048]
[0.06507182 0.2042144  0.5890313  0.39411273 0.26068368]
[0.45332864 0.39440882 0.11437019 0.05618017 0.45522637]
[0.3762238  0.22790274 0.11945727 0.05739289 0.48972475]
[0.11650309 0.37489872 0.04964973 0.45730794 0.5289433 ]
[0.00211786 0.02913348 0.07163368 0.86962985 0.02271431]
[0.37386807 0.50603713 0.03248799 0.06713816 0.53005592]
[0.04711205 0.13911364 0.82453949 0.14802955 0.09843311]
[0.00364704 0.02234708 0.04830899 0.77561068 0.53483556]
[0.47484541 0.45148996 0.26747066 0.45125267 0.03719168]
[0.1407448  0.33974536 0.72828206 0.04791219 0.10128357]
[0.07893732 0.22219431 0.77616266 0.05592158 0.29366333]
[0.0920667  0.01298809 0.01675986 0.58575165 0.58102664]
[0.59105416 0.29316365 0.61021582 0.11246947 0.19024639]
[0.06332366 0.17762689 0.77417925 0.14250404 0.29366333]
[0.00409146 0.00225366 0.09181132 0.00173962 0.59457288]
[0.72355557 0.44162028 0.00322393 0.53722977 0.03173428]
[0.26747041 0.79229574 0.30694905 0.13447869 0.10398892]
[0.54199893 0.9756138  0.01692622 0.49752147 0.08226118]
[0.36354172 0.06776102 0.27119734 0.83447271 0.0023656 ]
[0.75050366 0.01263232 0.17859731 0.14279389 0.05464659]
[0.1168463  0.67995268 0.09532651 0.70891024 0.31172351]
[0.19803646 0.00418383 0.53717927 0.65190487 0.00264016]
[0.09588811 0.09592739 0.64473414 0.34845052 0.21647829]
[0.30362099 0.20547772 0.33479526 0.64468546 0.17437833]
[0.00387202 0.11127524 0.26750387 0.95130142 0.01852279]
[0.5021966  0.20427177 0.19515372 0.04636376 0.44531454]
[0.1219638  0.01028571 0.52195182 0.47336473 0.31566238]
[0.10030043 1.14616876 0.13402948 0.11014846 0.00144467]
[0.06823422 0.05578688 0.02227838 0.940035   0.43379185]
[0.23496849 0.35142723 0.57659049 0.61285563 0.03270826]
[0.34074207 0.47880355 0.03420484 0.96909549 0.03500666]
[0.17973854 0.17061863 0.58515736 0.46731359 0.03784122]
[0.02199045 0.01870875 0.21981353 0.53099064 0.44147846]
[0.03750274 0.0332892  0.24301853 0.37619178 0.44401051]
[-1.56882185e-04 -5.30650911e-04  1.16083265e-04  1.59841997e-03
  9.28755765e-01]
[0.27015762 0.17859628 0.0389447  0.82552614 0.51027104]
[0.35050935 0.3331517  0.03108989 0.30419535 0.50482323]
[0.05749875 0.71855623 0.32908959 0.05710279 0.23358685]
[0.56858188 0.1061637  0.44492926 0.01530906 0.55245578]
[0.01670141 0.00255568 0.76090729 0.01701336 0.52402696]
[0.03266517 0.0191566  0.53557601 0.58434735 0.2890109 ]
[0.14602803 1.21332903 0.1274466  0.09016272 0.08839125]
[0.57219206 0.08609239 0.48204355 0.64903841 0.00246212]
[0.29249968 0.17700944 0.67339609 0.10479809 0.29550719]
[0.03525102 0.02951153 0.921351   0.09016781 0.0648432 ]
[0.02941088 0.02598447 0.16159832 0.46691876 0.48885408]
[0.00970831 0.00724374 0.06736625 0.73124767 0.29062373]
[1.19875181e-02 4.97685016e-04 1.03653988e-02 6.26272204e-02
 8.05599184e-01]
[0.19379991 0.01167138 0.52640218 0.76948874 0.00293461]
[0.06639513 0.19368507 0.83951271 0.15471066 0.03450064]
[0.06235847 0.00442852 0.00219224 0.02006284 0.75487678]
[0.02628552 0.17063027 0.00616702 0.90293972 0.13283332]
[0.03032976 0.00431447 0.03051165 0.98296754 0.28940393]
[0.0352009  0.29308957 0.72365286 0.13726088 0.06753067]
[0.03019183 0.01796536 0.54431127 0.432254   0.56624928]
[0.49150966 0.23444402 0.31826403 0.49514572 0.36698667]
[0.05700389 0.00143721 0.88025989 0.24022744 0.10514668]
[0.1369632  0.21880299 0.35115382 0.79227152 0.03174811]
[-7.81284969e-05 -1.45975409e-04  7.71140334e-03  3.93599988e-01
  7.30502325e-01]
[0.7720048  0.47184364 0.00170817 0.64328319 0.07501688]
[0.55397312 0.99717443 0.01962746 0.38671911 0.08473971]
[0.00561653 0.1639949  0.01903289 0.86019136 0.27304545]
[0.41628175 0.27573368 0.04700793 0.683932   0.47621686]
[0.31234889 0.14931052 0.19248088 0.67961642 0.36723408]
[0.06092126 0.53541702 0.12041716 0.57795694 0.09870277]
[0.08151121 0.07587619 0.15009107 0.50545859 0.52914832]
[0.0155604  0.17609098 0.42635329 0.88003379 0.01849212]
[0.58031256 0.50525122 0.16842479 0.07590452 0.09473262]
[0.55307484 0.10114328 0.43265337 0.02263338 0.28096251]
[0.13114623 0.01078377 0.09108316 0.36359377 0.56342291]
[0.05704958 0.26991496 0.0150579  0.86138276 0.47441328]
[0.01436649 0.00577838 0.75821073 0.20984439 0.25000333]
[ 5.28759530e-04 -3.53167107e-05  6.59443034e-02  7.31986896e-01
  6.19588174e-01]
[0.04019032 0.40238854 0.08628212 0.43376141 0.58925586]
[0.03901565 0.03422141 0.38271325 0.59177178 0.22458741]
[0.09814232 0.20136835 0.4141653  0.62676769 0.17006857]
[0.04584362 0.11037622 0.79261892 0.03677994 0.10114342]
[0.0095804  0.00693831 0.64227447 0.83155255 0.05212052]
[0.88894298 0.0089781  0.04885363 0.1076025  0.30447582]
[0.09690886 0.05878618 0.54645073 0.21465621 0.48688781]
[0.22125744 0.2993204  0.06851073 0.45365485 0.5247178 ]
[0.23794325 0.26497033 0.45536776 0.77769107 0.03852511]
[0.00194713 0.00859437 0.45771995 0.56645335 0.34695643]
[0.01444428 0.00581257 0.76226813 0.20811793 0.24713828]
[0.00264895 0.01164555 0.60943935 0.75223862 0.06711851]
[0.00561407 0.00908606 0.00868051 0.00087825 0.74094256]
[0.1274184  0.01997361 0.06638699 0.86227085 0.27371333]
[0.04939555 0.09944733 0.01776644 1.00947463 0.14846285]
