[0.0821505  0.07340212 0.44980488 0.36987945 0.48217986]
[0.00778549 0.03457091 0.81856176 0.01725423 0.18117383]
[0.00646854 0.00313341 0.3606949  0.64341531 0.244175  ]
[0.2137746  0.03824194 0.58808625 0.02494407 0.27466735]
[0.1963363  0.25794076 0.81783838 0.02309451 0.00266686]
[0.08151121 0.07587619 0.15009107 0.50545859 0.52914832]
[0.03750274 0.0332892  0.24301853 0.37619178 0.44401051]
[0.00409146 0.00225366 0.09181132 0.00173962 0.59457288]
[0.00304708 0.08844249 0.21290326 0.75960694 0.01318258]
[0.03266517 0.0191566  0.53557601 0.58434735 0.2890109 ]
[ 1.55217860e-04 -9.92930668e-05  9.71374761e-04 -2.10042487e-03
  6.52039347e-01]
[0.38057181 0.38503595 0.42588501 0.58534703 0.01124997]
[0.57333156 0.36095836 0.00312247 0.04157878 0.54734862]
[0.28315104 0.01300315 0.07924147 0.33009966 0.50082478]
[0.34829354 0.33104278 0.00785984 0.3014922  0.49025641]
[0.0817076  0.06449727 0.00236482 0.72856331 0.29064757]
[0.26747041 0.79229574 0.30694905 0.13447869 0.10398892]
[-7.81284969e-05 -1.45975409e-04  7.71140334e-03  3.93599988e-01
  7.30502325e-01]
[0.02199045 0.01870875 0.21981353 0.53099064 0.44147846]
[ 0.64280311  0.42053033  0.320011   -0.00175914  0.09981935]
[0.02811242 0.0166704  0.5229594  0.37005524 0.56056167]
[0.0809027  0.47296239 0.11944925 0.05738889 0.48969185]
[0.33189046 0.44917691 0.02883577 0.05936203 0.58279275]
[0.0352009  0.29308957 0.72365286 0.13726088 0.06753067]
[0.03564134 0.29674676 0.73266451 0.07595291 0.06439776]
[0.55307484 0.10114328 0.43265337 0.02263338 0.28096251]
[0.69691103 0.42819759 0.00310804 0.5262975  0.03075757]
[0.79361912 0.1287929  0.32730403 0.09879956 0.2454047 ]
[0.12339828 0.00934443 0.08567107 0.3418746  0.53917296]
[0.05000917 0.04557685 0.17532511 0.62608102 0.27674935]
[0.02493279 0.01659669 0.63602711 0.00213772 0.21382721]
[0.006918   0.00498198 0.46977252 0.84251766 0.04770836]
[0.72634352 0.00453304 0.17282974 0.13811453 0.05241145]
[-9.56282445e-05 -7.40225326e-05  2.65662279e-02  6.72314892e-01
  2.10547252e-01]
[-1.54952607e-04 -5.33725605e-04  8.14465160e-03  4.15164523e-01
  7.26592757e-01]
[0.00753303 0.00409541 0.73846371 0.52260794 0.03161683]
[0.12887961 1.0908863  0.16579537 0.08154567 0.06310926]
[0.05829795 0.47013815 0.33573635 0.60755762 0.04114445]
[0.00211766 0.02913086 0.07194644 0.86979824 0.01493399]
[0.26918182 0.04982013 0.07876291 0.74919287 0.05872593]
[0.81315783 0.47434794 0.101496   0.09827973 0.11012876]
[0.04424354 0.0489257  0.46758151 0.66562594 0.03293037]
[0.00923993 0.00514595 0.77526943 0.52340268 0.00943236]
[0.18306056 0.03519319 0.00745729 0.88752131 0.15043906]
[0.55267479 0.33764657 0.0012074  0.63106175 0.28071362]
[0.04519196 0.04017639 0.24706319 0.71501346 0.12028791]
[0.18090565 0.17383815 0.69734675 0.10849872 0.01473337]
[0.2848115  0.38954819 0.12522423 0.02129854 0.50900438]
[0.36354172 0.06776102 0.27119734 0.83447271 0.0023656 ]
[0.21082836 0.12748871 0.70594334 0.10980321 0.01491188]
[0.05931855 0.05713856 0.87688464 0.08681734 0.04643103]
[0.01670141 0.00255568 0.76090729 0.01701336 0.52402696]
[0.16896162 0.73469737 0.01062227 0.76633977 0.06755861]
[0.01591261 0.0377297  0.69599437 0.03180403 0.08979761]
[0.07730986 0.77302549 0.16533312 0.5227154  0.07645795]
[0.45332864 0.39440882 0.11437019 0.05618017 0.45522637]
[0.01059554 0.00412074 0.63765396 0.17613208 0.21018192]
[2.06414965e-03 2.99559656e-04 2.25334071e-03 5.41688667e-01
 4.42875024e-01]
[0.02708243 0.07750774 0.4628095  0.71680226 0.09845079]
[0.07163625 0.62943225 0.07401949 0.51217124 0.09833609]
[0.47917523 0.440698   0.27078713 0.45113212 0.04527055]
[0.03768768 0.02219708 0.60860718 0.64797526 0.11351616]
[0.75467274 0.66472689 0.11289107 0.07930565 0.07794749]
[0.07322276 0.03227621 0.88245466 0.15963299 0.07937387]
[0.01902195 0.025316   0.03075596 0.97437166 0.10612253]
[0.20834537 0.1870255  0.00459711 0.3747722  0.44226485]
[0.2992     0.44734669 0.25765684 0.33877431 0.22340982]
[0.04032394 0.03517068 0.21907317 0.63008459 0.29100071]
[0.09690886 0.05878618 0.54645073 0.21465621 0.48688781]
[0.100877   0.01797326 0.07897711 0.65261192 0.33803611]
[0.10499945 0.06365217 0.62774713 0.62352764 0.03033142]
[0.83487204 0.09737751 0.42271123 0.37476622 0.00244752]
[0.10030043 1.14616876 0.13402948 0.11014846 0.00144467]
[0.02954969 0.14348077 0.36453636 0.55804011 0.14757505]
[0.55836087 0.48550566 0.30259396 0.08738856 0.03578881]
[0.00184242 0.00813914 0.43508348 0.57744119 0.34425776]
[0.15297276 0.48057412 0.66870653 0.06253539 0.00996219]
[0.87536835 0.54776968 0.00375808 0.35990437 0.03396176]
[0.40156348 0.5626912  0.00315677 1.04022466 0.01790524]
[0.16558529 0.01725688 0.51562283 0.4763676  0.30839692]
[0.02764049 0.80919046 0.03944252 0.06749349 0.24909542]
[0.06172871 0.54250179 0.12200945 0.57545872 0.09896159]
[0.06687871 0.32446374 0.27711951 0.58735299 0.153407  ]
[0.56858188 0.1061637  0.44492926 0.01530906 0.55245578]
[0.00743488 0.09423071 0.04251818 0.00156611 0.61415922]
[0.17973854 0.17061863 0.58515736 0.46731359 0.03784122]
[0.47484541 0.45148996 0.26747066 0.45125267 0.03719168]
[0.50544884 0.30635718 0.55651558 0.12857231 0.05024659]
[0.00381527 0.07294213 0.27635593 0.79429936 0.0216145 ]
[0.90131033 0.0091115  0.04953394 0.02102681 0.30620788]
[0.06799432 0.05962135 0.36880655 0.5245074  0.28226938]
[0.03525102 0.02951153 0.921351   0.09016781 0.0648432 ]
[0.07438395 0.03279655 0.89641732 0.08879898 0.03267571]
[0.49772922 0.20244981 0.23055178 0.01198565 0.44621073]
[0.76014588 0.14231705 0.59495271 0.03012956 0.06364213]
[0.06337394 0.20415225 0.58713835 0.39283939 0.25984469]
[0.06639513 0.19368507 0.83951271 0.15471066 0.03450064]
[0.21254498 0.31889163 0.67630718 0.05946102 0.00699926]
[0.57219206 0.08609239 0.48204355 0.64903841 0.00246212]
[0.12161991 1.02948421 0.15646548 0.08344106 0.04222143]
