[0.01444428 0.00581257 0.76226813 0.20811793 0.24713828]
[0.01993061 0.0391714  0.08223985 0.95682288 0.41880365]
[0.54199893 0.9756138  0.01692622 0.49752147 0.08226118]
[0.07703982 0.21685001 0.77734444 0.05592212 0.29366608]
[0.1407448  0.33974536 0.72828206 0.04791219 0.10128357]
[0.0155604  0.17609098 0.42635329 0.88003379 0.01849212]
[0.03019183 0.01796536 0.54431127 0.432254   0.56624928]
[0.20308279 0.01702636 0.15484931 0.58455958 0.49207099]
[0.00364704 0.02234708 0.04830899 0.77561068 0.53483556]
[0.61852688 0.05932734 0.31939396 0.09283838 0.53156305]
[-7.81284969e-05 -1.45975409e-04  7.71140334e-03  3.93599988e-01
  7.30502325e-01]
[0.01726185 0.00130716 0.00502945 0.00432115 0.71661573]
[0.03032976 0.00431447 0.03051165 0.98296754 0.28940393]
[0.00676605 0.01106175 0.00834831 0.00117934 0.81464207]
[0.09588811 0.09592739 0.64473414 0.34845052 0.21647829]
[0.36354172 0.06776102 0.27119734 0.83447271 0.0023656 ]
[0.39539811 0.31342015 0.04791378 0.68481898 0.47683305]
[0.37386807 0.50603713 0.03248799 0.06713816 0.53005592]
[0.20891928 0.33879544 0.08794576 0.44220721 0.55676683]
[0.22447968 0.13463688 0.53171986 0.62268759 0.31032651]
[0.01125277 0.05600142 0.16320799 1.07998485 0.0933946 ]
[0.21176424 0.11194725 0.07801521 0.46560322 0.59043914]
[0.15618452 0.06917619 0.27200908 1.06644763 0.05509566]
[0.04711205 0.13911364 0.82453949 0.14802955 0.09843311]
[0.45222901 0.08409279 0.10906944 0.61139275 0.05576048]
[0.04519196 0.04017639 0.24706319 0.71501346 0.12028791]
[0.19699859 0.12882769 0.11444524 0.85138059 0.11554205]
[0.48462253 0.42182735 0.12228343 0.06256936 0.48670719]
[0.01336094 0.00105697 0.0115736  0.07013807 0.79827044]
[0.18280487 0.17353705 0.59513161 0.45289707 0.03785883]
[0.07852024 0.03171973 0.93583472 0.09279798 0.10874134]
[3.06871841e-02 1.75527751e-05 1.71646644e-01 8.68351032e-01
 3.16157001e-01]
[0.01123328 0.00872971 0.08311753 0.97380097 0.3877958 ]
[0.01517029 0.05046172 0.00165796 0.05365453 0.82044782]
[0.02180905 0.0437583  0.09129032 1.06228726 0.17068981]
[0.56178316 0.00288197 0.08668611 0.7318808  0.30438383]
[0.00413978 0.00228615 0.09178628 0.00178178 0.59415847]
[0.26747041 0.79229574 0.30694905 0.13447869 0.10398892]
[0.05700389 0.00143721 0.88025989 0.24022744 0.10514668]
[0.37040028 0.50133987 0.03829309 0.06654745 0.52553355]
[0.00205005 0.00904182 0.47996957 0.59199001 0.36307352]
[0.96500444 0.00194189 0.05303535 0.11229663 0.31900893]
[ 5.58893602e-05 -5.12297829e-04  1.17496216e-02  2.34691370e-03
  6.26942097e-01]
[0.02043543 0.06799081 0.00224582 0.03079489 0.78744318]
[0.09336662 0.40383287 0.20993434 0.74141894 0.40056099]
[0.52561519 0.2622913  0.54322465 0.14560298 0.17090186]
[0.64045639 0.55766367 0.16110351 0.08336375 0.11410155]
[0.04040432 0.03524171 0.21950816 0.63504571 0.29286877]
[0.07893732 0.22219431 0.77616266 0.05592158 0.29366333]
[0.01291268 0.61524759 0.07107579 0.78214208 0.30001446]
[0.06823422 0.05578688 0.02227838 0.940035   0.43379185]
[0.01304277 0.17114605 0.4138956  0.8542604  0.02509677]
[0.03511946 0.12677399 1.0284067  0.33489373 0.09484755]
[0.0558785  0.03340426 0.12922166 0.89731721 0.28533145]
[0.76014588 0.14231705 0.59495271 0.03012956 0.06364213]
[0.67807509 0.06490492 0.35013273 0.10197863 0.25012348]
[0.19887547 0.18883243 0.59381103 0.45703817 0.03820707]
[0.20368194 0.13336147 0.10932396 0.88028236 0.12159952]
[0.7720048  0.47184364 0.00170817 0.64328319 0.07501688]
[0.00453035 0.00331058 0.16339439 1.03389477 0.32871885]
[0.49021199 0.12599617 0.18235963 0.95947671 0.03465593]
[0.22125744 0.2993204  0.06851073 0.45365485 0.5247178 ]
[0.88570042 0.09690474 0.25831765 0.23616377 0.26929259]
[0.10748264 0.10757994 0.39023989 0.21857155 0.46266984]
[0.14602803 1.21332903 0.1274466  0.09016272 0.08839125]
[0.06575328 0.53016379 0.3785533  0.6853019  0.04644279]
[0.16347421 0.13898132 0.24477542 0.85252597 0.26761933]
[0.10391911 0.5201928  0.70411388 0.16835363 0.50605655]
[0.02941088 0.02598447 0.16159832 0.46691876 0.48885408]
[0.05704958 0.26991496 0.0150579  0.86138276 0.47441328]
[0.00397786 0.05780842 0.07025864 0.0725266  0.63112298]
[0.18216849 0.27237752 0.44710585 0.47496214 0.53043031]
[0.19650227 0.41102461 0.56759794 0.90337504 0.04506611]
[0.00748614 0.0538448  0.28831333 0.91536234 0.38176789]
[0.09596781 0.0127054  0.09988421 0.92316359 0.56339362]
[0.14490841 0.23271655 0.06302292 0.91271311 0.5026377 ]
[0.10961712 0.08480338 0.06500728 0.11002862 0.63832518]
[0.01348239 0.00963297 0.11946332 0.38413426 0.77467599]
[0.00431245 0.00746003 0.66979484 0.35326396 0.6244482 ]
[0.17748735 0.34419079 0.14220751 0.04992701 0.59719261]
[0.23256972 0.59475998 0.73909716 0.16411073 0.30516916]
[0.01412508 0.01858922 0.48896724 0.60902534 0.55381711]
[0.26936569 0.05289302 0.57414398 0.6786213  0.30692757]
[0.50342092 0.8220389  0.27287215 0.09944503 0.46377096]
[0.17307982 0.0283884  0.63150991 0.6849003  0.38948329]
[0.04546214 0.05028488 0.53010049 0.75389063 0.36887172]
[0.21748771 1.08842527 0.16574492 0.18872326 0.55874186]
[0.0384715  0.03248259 0.01238687 0.5353398  0.72846837]
[0.37646843 0.17177636 0.22501399 0.02487336 0.62735076]
[0.05281859 0.10763154 0.04216016 0.13801467 0.67770228]
[-4.72117401e-05  2.13507167e-01  2.63859362e-01  9.58606926e-01
  3.65812730e-01]
[0.28257165 0.72266974 0.60039629 0.1588952  0.29558336]
[0.67278473 0.36869089 0.49127727 0.53328108 0.23328627]
[0.00791408 0.37994875 0.40721425 0.7736482  0.29848268]
[0.3914326  0.69542157 0.06750126 0.27078671 0.59518798]
[0.03113778 0.09660095 0.27460654 0.18290675 0.61299209]
[0.34640595 0.85195407 0.39304363 0.69055482 0.09148879]
[ 4.13379139e-02 -4.09721131e-04  2.06609403e-01  7.89266210e-02
  6.99324979e-01]
[0.22642226 0.02060174 0.17272001 0.6522461  0.5488864 ]
[0.20728366 0.17128133 0.58555838 0.67704384 0.33735807]
