[0.1873752  0.01549463 0.34537373 0.01471003 0.58504249]
[0.28862729 0.39477228 0.12690167 0.01614727 0.5155275 ]
[ 6.48587271e-04 -4.61143408e-04  2.53413602e-02  7.01598069e-01
  2.19288662e-01]
[0.01180853 0.01112238 0.83484371 0.2311609  0.04545705]
[0.20834537 0.1870255  0.00459711 0.3747722  0.44226485]
[0.37298154 0.32835397 0.19005311 0.65444156 0.03855259]
[0.08048871 0.2525536  0.63687219 0.43815238 0.00846927]
[0.09268268 0.08376595 0.34019862 0.56134103 0.09531098]
[0.04127433 0.00629922 0.77576599 0.01929149 0.05577096]
[0.11650261 0.56670788 0.01802688 0.47928587 0.1476288 ]
[0.1389343  1.06015362 0.1712355  0.34858147 0.03236402]
[0.00208678 0.0011673  0.00753189 0.80469473 0.06568935]
[0.0821505  0.07340212 0.44980488 0.36987945 0.48217986]
[0.2137746  0.03824194 0.58808625 0.02494407 0.27466735]
[0.00646854 0.00313341 0.3606949  0.64341531 0.244175  ]
[0.0083371  0.00722818 0.61065026 0.40328402 0.05107376]
[0.50027676 0.30321713 0.55082232 0.12729297 0.04972905]
[-5.26737480e-05 -2.35264931e-04  1.02774192e-03 -2.10119622e-03
  6.41992192e-01]
[0.01359002 0.13726911 0.03019761 0.00276656 0.61323978]
[0.17484916 0.67520831 0.0027542  0.03937822 0.51302315]
[0.18792886 0.01966554 0.64268429 0.59010198 0.00264886]
[0.16966062 0.16102685 0.36178545 0.26974713 0.48952798]
[0.24789817 0.73431141 0.28449824 0.12448717 0.09985462]
[0.10397915 0.09972663 0.40558282 0.61502714 0.01513321]
[0.0594913  0.05309414 0.32510288 0.46210758 0.38670267]
[0.01919866 0.00301461 0.24013667 0.69806177 0.23106562]
[ 0.6419809   0.42276644  0.32013431 -0.00175899  0.09723943]
[0.00874387 0.00716328 0.21201686 0.46617217 0.40991862]
[0.55307484 0.10114328 0.43265337 0.02263338 0.28096251]
[0.01471936 0.1064506  0.07577177 0.60649965 0.31482084]
[0.02161569 0.18181182 0.69600274 0.01037236 0.11710744]
[0.17488672 0.27629509 0.5527882  0.3963353  0.26214809]
[0.01186567 0.00161206 0.40634093 0.07746324 0.49980099]
[0.00300077 0.14648355 0.71239117 0.13014982 0.02083604]
[0.51171906 0.31016392 0.56341765 0.01841263 0.04941817]
[0.05829795 0.47013815 0.33573635 0.60755762 0.04114445]
[0.55836087 0.48550566 0.30259396 0.08738856 0.03578881]
[0.76030675 0.46468619 0.00168146 0.07826683 0.26464733]
[0.40083352 0.88282728 0.04832287 0.03762357 0.10335927]
[0.35503391 0.53655751 0.17138564 0.37579908 0.1867808 ]
[0.72634352 0.00453304 0.17282974 0.13811453 0.05241145]
[0.34829354 0.33104278 0.00785984 0.3014922  0.49025641]
[0.0050564  0.24214712 0.15722912 0.87420176 0.00226823]
[0.02367662 0.30937509 0.75036455 0.3365016  0.01493499]
[0.01007321 0.00844945 0.55773217 0.37600205 0.29978839]
[0.83487204 0.09737751 0.42271123 0.37476622 0.00244752]
[0.01591261 0.0377297  0.69599437 0.03180403 0.08979761]
[0.45449308 0.3954231  0.09656016 0.05594794 0.46149933]
[0.1405917  0.68385116 0.00982082 0.71327002 0.05834507]
[0.10030043 1.14616876 0.13402948 0.11014846 0.00144467]
[0.12339828 0.00934443 0.08567107 0.3418746  0.53917296]
[0.04032394 0.03517068 0.21907317 0.63008459 0.29100071]
[0.0809027  0.47296239 0.11944925 0.05738889 0.48969185]
[0.38057181 0.38503595 0.42588501 0.58534703 0.01124997]
[0.16569937 0.15725669 0.32681262 0.27543634 0.58968028]
[0.00304708 0.08844249 0.21290326 0.75960694 0.01318258]
[5.58512709e-03 4.10105814e-03 1.16947618e-04 7.40227193e-01
 2.87142148e-01]
[0.04736261 0.0206881  0.75206313 0.07404471 0.02730875]
[0.33189046 0.44917691 0.02883577 0.05936203 0.58279275]
[0.54046221 0.32309691 0.00553118 0.20339356 0.49017376]
[6.15363427e-04 6.28279353e-03 2.53815922e-03 8.34808335e-01
 1.03839734e-02]
[0.0462534  0.57580692 0.25477065 0.42629882 0.08553991]
[0.17969471 0.24309467 0.01559689 0.66211222 0.31348166]
[0.03750274 0.0332892  0.24301853 0.37619178 0.44401051]
[0.04533797 0.04030768 0.24785865 0.72659716 0.05031227]
[0.64042883 0.39345258 0.00285176 0.43162544 0.02724841]
[0.24384633 0.58111707 0.56222479 0.1197885  0.05401702]
[0.90131033 0.0091115  0.04953394 0.02102681 0.30620788]
[0.01379495 0.42309096 0.18657719 0.32081893 0.54722077]
[0.03564134 0.29674676 0.73266451 0.07595291 0.06439776]
[0.0161538  0.01249266 0.08835217 0.0009929  0.62967315]
[0.21951981 0.21621168 0.75213327 0.01424478 0.00169701]
[0.97165775 0.12652471 0.0537591  0.02300161 0.06341226]
[2.14159303e-03 3.18201204e-04 2.32957201e-03 5.59649860e-01
 4.37625444e-01]
[0.14951207 0.02336099 0.35227175 0.71596025 0.01352058]
[0.23446112 1.03697803 0.07393653 0.019462   0.19429361]
[0.11684337 0.10278635 0.62351719 0.08185951 0.28361044]
[0.55267479 0.33764657 0.0012074  0.63106175 0.28071362]
[0.28830623 0.2542117  0.00633533 0.51561152 0.25803665]
[0.87536835 0.54776968 0.00375808 0.35990437 0.03396176]
[0.14553633 0.01509558 0.48125966 0.44241962 0.28648909]
[0.0817076  0.06449727 0.00236482 0.72856331 0.29064757]
[0.06687871 0.32446374 0.27711951 0.58735299 0.153407  ]
[0.00194434 0.00890818 0.73551947 0.54654631 0.04392903]
[0.78077577 0.12669916 0.32200744 0.09710642 0.24142535]
[3.81674905e-04 4.23237044e-03 1.03388412e-03 8.25878645e-01
 1.09839547e-01]
[0.28315104 0.01300315 0.07924147 0.33009966 0.50082478]
[0.36354172 0.06776102 0.27119734 0.83447271 0.0023656 ]
[0.01059554 0.00412074 0.63765396 0.17613208 0.21018192]
[0.05181263 0.64764699 0.29017303 0.01216977 0.28936138]
[0.2992     0.44734669 0.25765684 0.33877431 0.22340982]
[0.1927428  0.85087025 0.03945612 0.0876187  0.03633459]
[0.07917586 0.07255108 0.14649715 0.49169509 0.51478974]
[0.11163743 0.94505287 0.15134351 0.07656759 0.04271451]
[0.79183369 0.14858712 0.34385221 0.01223223 0.19237976]
[0.09690886 0.05878618 0.54645073 0.21465621 0.48688781]
[0.46928767 0.19085031 0.21737882 0.01117815 0.459329  ]
[0.80535197 0.52103046 0.00303524 0.08216158 0.10244045]
[0.00743488 0.09423071 0.04251818 0.00156611 0.61415922]
[0.47484541 0.45148996 0.26747066 0.45125267 0.03719168]
