[0.57774117 0.10342891 0.28693866 0.11320652 0.27467039]
[0.42243607 0.63848861 0.2039175  0.02475849 0.1867808 ]
[0.40083352 0.88282728 0.04832287 0.03762357 0.10335927]
[0.04321389 0.03839778 0.23628737 0.70738795 0.04886128]
[0.1927428  0.85087025 0.03945612 0.0876187  0.03633459]
[0.10030043 1.14616876 0.13402948 0.11014846 0.00144467]
[0.02006477 0.09510586 0.43981082 0.44838213 0.26012992]
[0.23446112 1.03697803 0.07393653 0.019462   0.19429361]
[2.65151862e-04 5.98180846e-03 3.18233090e-03 8.80437789e-02
 6.13878091e-01]
[0.01936227 0.16294303 0.71857156 0.01047879 0.12024962]
[0.08048871 0.2525536  0.63687219 0.43815238 0.00846927]
[0.50372577 0.20489542 0.23332913 0.48333076 0.0142219 ]
[0.00646854 0.00313341 0.3606949  0.64341531 0.244175  ]
[0.00194434 0.00890818 0.73551947 0.54654631 0.04392903]
[ 1.64478174e-04 -5.94344120e-04  2.31301872e-02  7.18849941e-01
  2.24642944e-01]
[0.01059554 0.00412074 0.63765396 0.17613208 0.21018192]
[0.01347737 0.41345576 0.18194417 0.31332325 0.53451105]
[0.03750274 0.0332892  0.24301853 0.37619178 0.44401051]
[5.58512709e-03 4.10105814e-03 1.16947618e-04 7.40227193e-01
 2.87142148e-01]
[0.50376782 0.68931455 0.22581512 0.02721361 0.04376787]
[0.0083371  0.00722818 0.61065026 0.40328402 0.05107376]
[0.39077642 0.15664204 0.40438193 0.08110808 0.44671878]
[0.17019461 0.13366676 0.5725647  0.42213962 0.07293063]
[0.04014267 0.00374245 0.1331141  0.33113422 0.53555133]
[0.0329263  0.01421909 0.52363659 0.05090338 0.42062311]
[0.05498027 1.10281454 0.1285384  0.39250534 0.01698494]
[0.92961025 0.16752409 0.00862234 0.08333954 0.10387738]
[0.36332343 0.06771289 0.27103379 0.83396826 0.00236393]
[0.00304708 0.08844249 0.21290326 0.75960694 0.01318258]
[0.03585109 0.03180293 0.25262356 0.36763501 0.44224857]
[0.01591261 0.0377297  0.69599437 0.03180403 0.08979761]
[0.00203452 0.00592052 0.74287875 0.13169823 0.1055638 ]
[ 0.07259715  0.83782756  0.32592354 -0.00175652  0.09807464]
[0.64042883 0.39345258 0.00285176 0.43162544 0.02724841]
[0.72634352 0.00453304 0.17282974 0.13811453 0.05241145]
[0.01007321 0.00844945 0.55773217 0.37600205 0.29978839]
[0.16966062 0.16102685 0.36178545 0.26974713 0.48952798]
[0.55307484 0.10114328 0.43265337 0.02263338 0.28096251]
[0.65577068 0.48156193 0.31423728 0.0043488  0.03787946]
[0.03391113 0.28238014 0.69726382 0.07217941 0.06126674]
[0.0042605  0.03617983 0.09014045 0.77162194 0.06347246]
[0.01186567 0.00161206 0.40634093 0.07746324 0.49980099]
[0.17484916 0.67520831 0.0027542  0.03937822 0.51302315]
[0.10397915 0.09972663 0.40558282 0.61502714 0.01513321]
[0.31061852 0.20353775 0.26359306 0.812698   0.00229342]
[0.00627811 0.07980513 0.03440857 0.04714243 0.61415922]
[0.87536835 0.54776968 0.00375808 0.35990437 0.03396176]
[0.50027676 0.30321713 0.55082232 0.12729297 0.04972905]
[0.33189046 0.44917691 0.02883577 0.05936203 0.58279275]
[0.2992     0.44734669 0.25765684 0.33877431 0.22340982]
[0.32269017 0.25638066 0.00064406 0.5721305  0.09714376]
[0.17216473 0.01796615 0.58881793 0.01457654 0.5353665 ]
[0.0817076  0.06449727 0.00236482 0.72856331 0.29064757]
[0.15339455 0.14554543 0.31652933 0.23626544 0.56089302]
[0.05073388 0.40542713 0.28785293 0.55562069 0.03853483]
[0.46928767 0.19085031 0.21737882 0.01117815 0.459329  ]
[0.17968749 0.2427114  0.01558211 0.66148474 0.31318515]
[0.34175136 0.30661712 0.00753377 0.28834468 0.46969745]
[0.05003861 0.23947995 0.15972782 0.888124   0.00136206]
[0.28830623 0.2542117  0.00633533 0.51561152 0.25803665]
[0.78835518 0.09149032 0.33404677 0.34129552 0.00219397]
[0.1389343  1.06015362 0.1712355  0.34858147 0.03236402]
[0.01359002 0.13726911 0.03019761 0.00276656 0.61323978]
[0.17233484 0.10411872 0.18983374 0.69017378 0.04695614]
[0.02367662 0.30937509 0.75036455 0.3365016  0.01493499]
[0.90131033 0.0091115  0.04953394 0.02102681 0.30620788]
[0.76030675 0.46468619 0.00168146 0.07826683 0.26464733]
[0.47911431 0.44106466 0.10458068 0.38302077 0.04850076]
[2.14159303e-03 3.18201204e-04 2.32957201e-03 5.59649860e-01
 4.37625444e-01]
[0.55836087 0.48550566 0.30259396 0.08738856 0.03578881]
[0.28315104 0.01300315 0.07924147 0.33009966 0.50082478]
[0.0050564  0.24214712 0.15722912 0.87420176 0.00226823]
[0.0594913  0.05309414 0.32510288 0.46210758 0.38670267]
[0.43388672 0.03427074 0.30106876 0.44391026 0.29361683]
[0.12339828 0.00934443 0.08567107 0.3418746  0.53917296]
[0.35503391 0.53655751 0.17138564 0.37579908 0.1867808 ]
[0.18792886 0.01966554 0.64268429 0.59010198 0.00264886]
[0.04127433 0.00629922 0.77576599 0.01929149 0.05577096]
[0.64338943 0.49301828 0.00115429 0.06812611 0.2818183 ]
[0.09390757 0.79582579 0.19678422 0.06663743 0.0419877 ]
[0.52933871 0.27399194 0.54106873 0.01658876 0.04845042]
[0.11163743 0.94505287 0.15134351 0.07656759 0.04271451]
[0.0809027  0.47296239 0.11944925 0.05738889 0.48969185]
[0.45449308 0.3954231  0.09656016 0.05594794 0.46149933]
[0.00874387 0.00716328 0.21201686 0.46617217 0.40991862]
[6.15363427e-04 6.28279353e-03 2.53815922e-03 8.34808335e-01
 1.03839734e-02]
[0.04032394 0.03517068 0.21907317 0.63008459 0.29100071]
[0.37298154 0.32835397 0.19005311 0.65444156 0.03855259]
[0.00743488 0.09423071 0.04251818 0.00156611 0.61415922]
[0.2137746  0.03824194 0.58808625 0.02494407 0.27466735]
[0.20834537 0.1870255  0.00459711 0.3747722  0.44226485]
[0.00869735 0.01895642 0.36058024 0.66770108 0.09798227]
[-5.34996053e-05 -2.37905814e-04  1.00424056e-03 -2.10220608e-03
  6.28838189e-01]
[0.01919866 0.00301461 0.24013667 0.69806177 0.23106562]
[0.11684337 0.10278635 0.62351719 0.08185951 0.28361044]
[0.0462534  0.57580692 0.25477065 0.42629882 0.08553991]
[0.03237756 0.10446199 0.0024377  0.71837663 0.09845853]
[0.97165775 0.12652471 0.0537591  0.02300161 0.06341226]
[0.05147247 0.64340499 0.28827387 0.00671738 0.2874179 ]
[0.28862729 0.39477228 0.12690167 0.01614727 0.5155275 ]
