[0.00381527 0.07294213 0.27635593 0.79429936 0.0216145 ]
[0.2002924  0.90180877 0.09928218 0.5702918  0.04582339]
[0.03564134 0.29674676 0.73266451 0.07595291 0.06439776]
[0.36354172 0.06776102 0.27119734 0.83447271 0.0023656 ]
[0.01471936 0.1064506  0.07577177 0.60649965 0.31482084]
[0.61398735 0.53598372 0.03935263 0.08738358 0.0357868 ]
[0.0809027  0.47296239 0.11944925 0.05738889 0.48969185]
[1.59876057e-02 1.31475623e-03 1.55993414e-02 8.75958015e-01
 2.79996475e-04]
[0.12339828 0.00934443 0.08567107 0.3418746  0.53917296]
[0.49175297 0.29393181 0.00315247 0.33160108 0.54893084]
[0.07163625 0.62943225 0.07401949 0.51217124 0.09833609]
[0.55836087 0.48550566 0.30259396 0.08738856 0.03578881]
[-1.54952607e-04 -5.33725605e-04  8.14465160e-03  4.15164523e-01
  7.26592757e-01]
[0.50544884 0.30635718 0.55651558 0.12857231 0.05024659]
[0.2137746  0.03824194 0.58808625 0.02494407 0.27466735]
[0.14515844 0.13547648 0.00489295 0.48729386 0.48556691]
[0.76030675 0.46468619 0.00168146 0.07826683 0.26464733]
[0.02954969 0.14348077 0.36453636 0.55804011 0.14757505]
[0.14553633 0.01509558 0.48125966 0.44241962 0.28648909]
[0.05333593 0.04801065 0.36944707 0.57185648 0.09794559]
[0.03726842 0.02194448 0.60186644 0.64077532 0.04203751]
[0.55267479 0.33764657 0.0012074  0.63106175 0.28071362]
[0.00743488 0.09423071 0.04251818 0.00156611 0.61415922]
[0.21376974 0.21053664 0.73244584 0.0925697  0.00165608]
[0.03750274 0.0332892  0.24301853 0.37619178 0.44401051]
[0.04519196 0.04017639 0.24706319 0.71501346 0.12028791]
[0.02811242 0.0166704  0.5229594  0.37005524 0.56056167]
[0.87536835 0.54776968 0.00375808 0.35990437 0.03396176]
[ 1.55217860e-04 -9.92930668e-05  9.71374761e-04 -2.10042487e-03
  6.52039347e-01]
[0.0817076  0.06449727 0.00236482 0.72856331 0.29064757]
[0.97165775 0.12652471 0.0537591  0.02300161 0.06341226]
[0.04533797 0.04030768 0.24785865 0.72659716 0.05031227]
[0.26918182 0.04982013 0.07876291 0.74919287 0.05872593]
[0.11684337 0.10278635 0.62351719 0.08185951 0.28361044]
[0.02199045 0.01870875 0.21981353 0.53099064 0.44147846]
[0.05435676 0.6793738  0.30517791 0.0128797  0.29956622]
[0.55307484 0.10114328 0.43265337 0.02263338 0.28096251]
[0.06687871 0.32446374 0.27711951 0.58735299 0.153407  ]
[0.07412634 0.03268111 0.89331968 0.08848472 0.03256139]
[0.51171906 0.31016392 0.56341765 0.01841263 0.04941817]
[0.10397915 0.09972663 0.40558282 0.61502714 0.01513321]
[0.00595117 0.00421902 0.40569046 0.70620071 0.04029607]
[0.38057181 0.38503595 0.42588501 0.58534703 0.01124997]
[ 6.48587271e-04 -4.61143408e-04  2.53413602e-02  7.01598069e-01
  2.19288662e-01]
[0.2992     0.44734669 0.25765684 0.33877431 0.22340982]
[5.64807666e-03 4.01506339e-03 1.17114069e-04 7.40946532e-01
 2.93164469e-01]
[0.1963363  0.25794076 0.81783838 0.02309451 0.00266686]
[0.00923993 0.00514595 0.77526943 0.52340268 0.00943236]
[0.90131033 0.0091115  0.04953394 0.02102681 0.30620788]
[0.47484541 0.45148996 0.26747066 0.45125267 0.03719168]
[0.01591261 0.0377297  0.69599437 0.03180403 0.08979761]
[0.09690886 0.05878618 0.54645073 0.21465621 0.48688781]
[0.20834537 0.1870255  0.00459711 0.3747722  0.44226485]
[0.00778549 0.03457091 0.81856176 0.01725423 0.18117383]
[0.28315104 0.01300315 0.07924147 0.33009966 0.50082478]
[-1.68707373e-04 -6.03149294e-04  1.69771806e-02  8.64671016e-01
  8.15092231e-02]
[0.69691103 0.42819759 0.00310804 0.5262975  0.03075757]
[0.00184242 0.00813914 0.43508348 0.57744119 0.34425776]
[0.34829354 0.33104278 0.00785984 0.3014922  0.49025641]
[0.06799432 0.05962135 0.36880655 0.5245074  0.28226938]
[0.24789817 0.73431141 0.28449824 0.12448717 0.09985462]
[0.40156348 0.5626912  0.00315677 1.04022466 0.01790524]
[0.06456833 0.64580189 0.13813529 0.43588656 0.06378879]
[0.01180853 0.01112238 0.83484371 0.2311609  0.04545705]
[0.83487204 0.09737751 0.42271123 0.37476622 0.00244752]
[0.02764049 0.80919046 0.03944252 0.06749349 0.24909542]
[0.02493279 0.01659669 0.63602711 0.00213772 0.21382721]
[0.33189046 0.44917691 0.02883577 0.05936203 0.58279275]
[0.72634352 0.00453304 0.17282974 0.13811453 0.05241145]
[2.06414965e-03 2.99559656e-04 2.25334071e-03 5.41688667e-01
 4.42875024e-01]
[0.10030043 1.14616876 0.13402948 0.11014846 0.00144467]
[0.04032394 0.03517068 0.21907317 0.63008459 0.29100071]
[0.05829795 0.47013815 0.33573635 0.60755762 0.04114445]
[0.01920839 0.56366316 0.02746715 0.50668405 0.25823456]
[0.06337394 0.20415225 0.58713835 0.39283939 0.25984469]
[0.79361912 0.1287929  0.32730403 0.09879956 0.2454047 ]
[0.0821505  0.07340212 0.44980488 0.36987945 0.48217986]
[0.14122983 0.44367708 0.60784311 0.05691013 0.00906039]
[ 0.64280311  0.42053033  0.320011   -0.00175914  0.09981935]
[0.08151121 0.07587619 0.15009107 0.50545859 0.52914832]
[0.1405917  0.68385116 0.00982082 0.71327002 0.05834507]
[0.0083371  0.00722818 0.61065026 0.40328402 0.05107376]
[0.45332864 0.39440882 0.11437019 0.05618017 0.45522637]
[0.08048871 0.2525536  0.63687219 0.43815238 0.00846927]
[0.00646854 0.00313341 0.3606949  0.64341531 0.244175  ]
[0.00409146 0.00225366 0.09181132 0.00173962 0.59457288]
[0.01686527 0.04000081 0.73722394 0.03381529 0.05121005]
[0.47917523 0.440698   0.27078713 0.45113212 0.04527055]
[0.17484916 0.67520831 0.0027542  0.03937822 0.51302315]
[0.11163743 0.94505287 0.15134351 0.07656759 0.04271451]
[0.19857232 0.18854389 0.37189094 0.3191701  0.54364585]
[0.01059554 0.00412074 0.63765396 0.17613208 0.21018192]
[0.10499945 0.06365217 0.62774713 0.62352764 0.03033142]
[0.00211766 0.02913086 0.07194644 0.86979824 0.01493399]
[3.81674905e-04 4.23237044e-03 1.03388412e-03 8.25878645e-01
 1.09839547e-01]
[0.01670141 0.00255568 0.76090729 0.01701336 0.52402696]
[0.49772922 0.20244981 0.23055178 0.01198565 0.44621073]
[0.00304708 0.08844249 0.21290326 0.75960694 0.01318258]
[0.2848115  0.38954819 0.12522423 0.02129854 0.50900438]
[0.00361192 0.17483178 0.70723989 0.12999738 0.02592781]
