[0.01444428 0.00581257 0.76226813 0.20811793 0.24713828]
[0.12880309 0.12214023 0.4194733  0.34192631 0.48971813]
[0.08554701 0.20783095 0.10215319 0.75975054 0.16754088]
[0.04743576 0.09347484 0.00252817 0.9721247  0.42535701]
[-8.61571151e-05 -1.86497821e-04  5.79036271e-03  2.95884633e-01
  5.94919946e-01]
[0.08065034 0.07205925 0.44022783 0.03353584 0.52054548]
[0.49271589 0.88687517 0.01538265 0.46070445 0.07505247]
[0.10460175 0.20273262 0.08384318 0.54861876 0.45413544]
[0.43174243 0.0805818  0.12781825 0.80045642 0.00226169]
[0.26164988 0.17127061 0.15226254 0.70358283 0.05928112]
[0.12560101 0.30316806 0.65000958 0.04253208 0.09035506]
[0.29640308 0.33563356 0.30601648 0.7972894  0.00235946]
[0.45376196 0.24155781 0.16729622 0.05568811 0.53676192]
[0.18772333 0.5471997  0.03102236 0.03277998 0.45011052]
[0.63353857 0.12685078 0.44767167 0.48201439 0.01292958]
[0.59037076 1.09856605 0.00453751 0.43143987 0.0844473 ]
[0.00835405 0.02585691 0.10532409 0.28241713 0.53980907]
[0.16556154 0.09916572 0.38616277 0.45283297 0.48888219]
[ 2.55177777e-02 -8.78755757e-05  1.42882428e-01  7.22520635e-01
  2.63124626e-01]
[0.24168651 0.22957832 0.55905319 0.40823849 0.02636766]
[0.03102567 0.02363093 0.69692139 0.5519852  0.09570264]
[0.53710299 0.04951614 0.2772792  0.08031545 0.46143029]
[0.34676833 0.6532026  0.00529491 0.25614217 0.55012186]
[-1.05211524e-04 -2.82670115e-04  4.46853744e-03  2.64274277e-01
  6.10979447e-01]
[0.11208028 0.11220058 0.56159662 0.41083472 0.25833566]
[0.64650732 0.0705744  0.47623696 0.34653253 0.07855183]
[0.00911135 0.02704336 0.11059896 0.28055404 0.54033855]
[0.10082599 0.10088998 0.69092596 0.25004346 0.22184087]
[0.36889634 0.19713164 0.31687677 0.05568316 0.53671592]
[0.74489107 0.56041025 0.04982799 0.10405769 0.07868469]
[0.18961671 0.10018465 0.06998827 0.41676213 0.52875806]
[0.4795697  0.0892119  0.5952107  0.09823451 0.36994021]
[0.00838249 0.00217391 0.00595191 0.00468324 0.67970987]
[0.00152515 0.02962938 0.59131095 0.70340896 0.04858854]
[0.0264709  0.07525179 0.62437943 0.6620484  0.08178494]
[0.02425112 0.01642571 0.11371811 0.00765646 0.62428231]
[3.98132885e-02 8.34098282e-02 1.02328095e+00 1.01617526e-01
 7.69878327e-04]
[0.01225384 0.02960082 0.22016073 0.76960906 0.14531895]
[0.41528584 0.03828215 0.09587729 0.51858089 0.38182296]
[0.67433861 0.6413599  0.10456784 0.27096306 0.03047907]
[0.06584245 0.04539848 0.05137383 0.06032424 0.57179298]
[0.13145468 0.01081053 0.26180191 0.69331922 0.10133127]
[0.78265591 0.13414332 0.46821823 0.0198276  0.05022426]
[0.53150897 0.50433522 0.15173176 0.47000936 0.0355897 ]
[0.36682888 0.28491518 0.43048293 0.485358   0.00989551]
[0.60966549 0.05032261 0.05718524 0.07996341 0.45950161]
[0.01258485 0.02414396 0.17522892 0.46218207 0.3828003 ]
[0.30033721 0.05587945 0.22406018 0.8707213  0.00210039]
[0.03390056 0.62272254 0.58393046 0.05967179 0.1474875 ]
[0.00266519 0.37443431 0.64412964 0.38748746 0.06491769]
[0.91770039 0.13364541 0.01534091 0.52957206 0.07704591]
[ 2.30513509e-05 -1.86683918e-04 -1.50430643e-05 -2.04965228e-03
  8.22258919e-01]
[0.00845159 0.54759392 0.6823063  0.09351477 0.05059127]
[0.3295251  0.06076941 0.01855525 0.42575957 0.48240638]
[0.01648129 0.00122124 0.00480179 0.00450206 0.69115229]
[0.05585728 0.62699463 0.72297961 0.10418532 0.01245534]
[0.04754055 0.03646477 0.75199907 0.03098944 0.08156919]
[0.40180553 0.07495408 0.186418   0.79279742 0.01075388]
[2.27299268e-02 2.08914528e-04 1.60571986e-01 7.71432296e-01
 2.71029326e-01]
[0.03396659 0.027373   0.01011877 0.55867942 0.46190331]
[0.10799357 0.26064024 0.69858605 0.05400362 0.09453474]
[0.03290897 0.00391774 0.67110548 0.18313357 0.43238498]
[0.01614937 1.03703458 0.0465016  0.09739664 0.36226898]
[0.03518955 0.32804454 0.36612027 0.7110731  0.03021655]
[0.38037989 0.10968009 0.17972972 0.76052964 0.01031267]
[0.04121121 0.01483416 0.68694025 0.54607202 0.08326252]
[0.47755538 0.89077098 0.00366689 0.34923947 0.28914786]
[ 3.22640803e-03 -7.48556590e-05  1.19721903e-01  9.49226446e-01
  1.48801153e-02]
[0.06724269 0.00180414 0.47005361 0.64239418 0.27601524]
[0.00528396 0.00184191 0.6496771  0.49780978 0.17723767]
[0.00757794 0.04253993 0.58260434 0.68939649 0.0503911 ]
[0.01051713 0.04594369 0.87325127 0.08887065 0.19446505]
[0.07487762 0.23723413 0.84314906 0.07329626 0.02191537]
[0.39961849 0.31025022 0.00451158 0.35346139 0.53508798]
[9.98479280e-03 4.63921020e-02 5.70949983e-04 7.15015426e-01
 4.92770427e-01]
[0.0754317  0.09775346 0.25315612 0.5798692  0.37309662]
[0.44046443 1.07545352 0.00391396 0.0855983  0.29429768]
[0.36528215 0.68672816 0.00557217 0.49051713 0.08763566]
[0.1062359  0.20590422 0.08048534 0.55242214 0.45727434]
[0.25056633 0.23802979 0.57869922 0.17793457 0.21264394]
[3.57438399e-03 9.55822864e-05 6.02207035e-01 6.52818160e-02
 5.05742663e-01]
[0.06989859 0.02434768 0.03958684 1.03699917 0.00277558]
[0.00527791 0.01132978 0.18301842 0.68360756 0.2563759 ]
[0.01819573 0.01351812 0.31974206 0.71791872 0.0839553 ]
[0.5216273  0.12843618 0.00194207 0.61291163 0.37103689]
[0.02026936 0.00321524 0.24584432 0.34775363 0.56308562]
[0.02660866 0.01504957 0.58734916 0.80247549 0.01273339]
[ 4.33428572e-01  4.97867080e-01  5.54692499e-02 -3.68415693e-04
  6.29989058e-01]
[0.05620164 0.05586189 0.41891126 0.15478557 0.51953043]
[0.02241863 0.03605615 0.16444203 0.50616433 0.52585232]
[0.53344652 0.00217745 0.2638219  0.45750298 0.23825144]
[0.00214786 0.04073569 0.58733522 0.70585045 0.06266583]
[0.0954961  0.08215322 0.23904332 0.64605319 0.25446936]
[-6.06436678e-05 -6.06402916e-04  3.55221813e-03  3.77947668e-02
  6.56349779e-01]
[0.19486827 0.1491894  0.12365308 0.70794453 0.11909647]
[0.01839453 0.00808846 0.83754053 0.04076972 0.29539395]
[0.61578267 0.47062217 0.03566777 0.09747089 0.28658139]
[0.03958007 0.74636595 0.55068168 0.06345137 0.15652926]
[0.09915358 0.07522668 0.59822806 0.32422471 0.20069465]
[0.10390848 0.40011193 0.08799019 0.65159332 0.05486382]
[0.17234731 0.17914217 0.58380222 0.44423522 0.03713043]
[0.02695108 0.00524847 0.02149245 0.46317975 0.52664197]
[0.01940371 0.01805118 0.01946178 0.72132215 0.21243053]
[0.03792321 0.0915274  0.19706561 0.6644084  0.12060639]
[0.00954295 0.01066415 0.4637231  0.02637468 0.49495426]
[0.05716656 0.02974855 0.26740316 0.07250102 0.52295979]
[0.51763511 0.66105222 0.02459332 0.38941726 0.08981976]
[0.05109261 0.00833079 0.73717723 0.28144851 0.00940452]
[1.23605731e-02 2.19936087e-02 5.43801659e-03 4.53853837e-04
 6.52226600e-01]
[0.06949878 0.11883578 0.51926088 0.32666242 0.46283135]
[6.21968771e-05 1.62459083e-02 1.76451122e-01 4.62716567e-01
 3.83241410e-01]
[0.01131649 0.21061796 0.65846008 0.52092426 0.0698121 ]
[4.42090112e-03 1.03939881e-04 2.95739880e-03 7.72824257e-01
 1.40845650e-02]
[0.09632252 0.24642016 0.72892499 0.10509871 0.01448122]
[0.00213689 0.0025118  0.472964   0.65370014 0.09149443]
[0.20336043 1.07097781 0.01609775 0.47706537 0.0783668 ]
[1.62176079e-04 9.58088981e-03 2.74103502e-01 5.21921674e-01
 5.41257004e-01]
[0.0826137  0.46468907 0.33519671 0.57854153 0.00640603]
[0.13054574 0.6511804  0.06173905 0.13961588 0.32385922]
[0.02353697 0.56046137 0.0019519  0.90732385 0.04993682]
[0.35455915 0.7853033  0.06832781 0.1846047  0.04925344]
[0.10033028 0.24213085 0.64908819 0.04749908 0.11062874]
[0.01351385 0.00540357 0.72343936 0.46873088 0.02916832]
[0.07661887 0.21566443 0.76866822 0.05529301 0.06485063]
[0.38833196 0.83709211 0.08235526 0.02326034 0.32328608]
[0.14981609 0.35186106 0.60612912 0.04125241 0.29492024]
[0.02922607 0.41337886 0.49082779 0.54671892 0.08665076]
[0.73859555 0.0133224  0.12932424 0.02374877 0.04698244]
[0.08865627 0.90487824 0.11243819 0.15993823 0.15935355]
[0.05406452 0.0098984  0.11792075 0.85181289 0.01240715]
[ 1.12004505e-01  1.23870589e-01 -4.89905870e-05  6.34295544e-02
  7.36829507e-01]
[0.01092322 0.00943449 0.54290645 0.02101545 0.4543933 ]
[0.12574955 0.36737756 0.42102384 0.55261546 0.22277523]
[0.3490938  0.0643904  0.24195379 0.80559828 0.00225113]
[0.02480839 0.00666766 0.16263442 0.80802385 0.0136954 ]
[0.50348104 0.28033035 0.72673923 0.08410643 0.01249146]
[0.02075783 0.01431422 0.13767692 0.69868532 0.25441976]
[0.15086683 0.01229515 0.56594835 0.49879547 0.10177594]
[0.8928274  0.09991635 0.40413378 0.00768134 0.03862226]
[0.10110023 0.14732423 0.54606969 0.42604955 0.05288392]
[0.2800077  0.03744449 0.14030399 0.71662376 0.05949104]
[0.23245622 0.06507003 0.41158444 0.16814415 0.48856193]
[0.25810661 0.00698596 0.69136095 0.08304562 0.03687883]
[0.01674579 0.04746148 0.1372969  0.26539948 0.52967651]
[0.09336619 0.9051056  0.08795399 0.17198667 0.15935343]
[0.0613157  0.16856298 0.61340168 0.40871843 0.02539893]
[0.22690168 0.53153133 0.00937931 0.1546919  0.54886735]
[0.07618774 0.48853114 0.61806964 0.08464396 0.05711741]
[0.55930799 0.0853177  0.13430571 0.38280043 0.03640025]
[0.01766508 0.36843978 0.13177035 0.04610632 0.55334931]
[0.5227954  0.15656297 0.70131317 0.10093708 0.01538084]
[0.06237241 0.05959531 0.70667971 0.46073903 0.2973998 ]
[0.09837564 0.23641559 0.73494615 0.0463355  0.09808086]
[0.67981211 0.64656937 0.11788492 0.27373913 0.0300457 ]
[4.21765637e-01 3.38498627e-04 8.82288657e-02 5.61262604e-01
 2.56150856e-02]
[0.11823405 0.09210786 0.48038974 0.05399902 0.42436381]
[0.65008495 0.0704919  0.14903759 0.53914437 0.03148915]
[0.18458449 0.45776128 0.03599938 0.57815491 0.30224902]
[1.01320415e-04 7.71590309e-03 2.23939829e-01 5.23385297e-01
 5.10005822e-01]
[0.80827032 0.60813403 0.04331669 0.20485878 0.08683792]
[0.51855373 0.00184304 0.39035079 0.54228027 0.00711444]
[0.46153637 0.0323592  0.59548077 0.02361682 0.26867549]
[0.1047927  0.26810471 0.7929151  0.16163727 0.00855775]
[0.87221739 0.6521811  0.08880796 0.06056506 0.2920054 ]
[0.08503743 0.2006593  0.15770881 0.61737286 0.20215739]
[0.0162808  0.00100862 0.32524421 0.42279275 0.57111377]
[0.45314654 0.24189009 0.1671528  0.05563854 0.53986355]
[0.01519065 0.0368108  0.16564662 0.67399115 0.11999512]
[0.69301568 0.02423032 0.07167057 0.21735758 0.23693129]
[0.35963111 0.29892621 0.01072229 0.2163965  0.47621089]
[0.0122065  0.02587814 0.2417659  0.70357865 0.06398809]
[0.56481378 0.0023414  0.13162078 0.44025274 0.22929484]
[2.05954778e-02 2.21723148e-03 5.07953624e-04 9.84850404e-01
 4.29164307e-01]
[ 8.71116517e-04  4.55005172e-03  5.15425619e-02  8.72811614e-01
 -2.55286720e-04]
[0.00998191 0.04361223 0.82951695 0.15907782 0.17478328]
[7.58303837e-04 3.81980156e-03 5.40153270e-03 9.79447803e-01
 3.86503911e-02]
[0.03874308 0.02922681 0.86564751 0.23301321 0.09330521]
[0.1455318  0.02210102 0.93959239 0.19982701 0.01807082]
[0.21074467 0.18873542 0.03020747 0.63539426 0.40006361]
[0.00865102 0.82692934 0.48977018 0.24843434 0.04186505]
[0.00300802 0.13235935 0.29976855 0.5974347  0.24677146]
[0.02934479 0.25471371 0.00781814 0.64085799 0.44668689]
[0.01556056 0.00410953 0.10259638 0.50904112 0.51444115]
[0.04545865 0.05015307 0.18787818 0.24294634 0.56039064]
[0.77219353 0.12103313 0.06402775 0.07315972 0.23755093]
[0.27675913 0.15486428 0.94042906 0.0681417  0.01293873]
[0.05102398 0.04877557 0.12027868 0.33586597 0.51412085]
[0.05106997 0.32881334 0.15705037 0.54050094 0.42381536]
[0.06712653 0.05831177 0.74170954 0.05366188 0.27746485]
[2.49860863e-04 1.66638940e-03 7.91876465e-01 4.65998050e-02
 4.30774322e-01]
[0.75893236 0.07713668 0.34173167 0.05144978 0.03278712]
[-1.55674243e-04 -6.05297286e-04  7.14165979e-04 -1.93853748e-03
  7.05927137e-01]
[0.34296529 0.32120621 0.81704237 0.07158374 0.00223714]
[0.02532986 0.01900673 0.43846972 0.64887996 0.08390187]
[0.07544999 0.46038334 0.33112803 0.59848019 0.00092044]
[0.02509508 0.01601144 0.64042502 0.15121995 0.39945586]
[0.42337761 0.74022187 0.19355301 0.15107802 0.03791481]
[1.15335526e-02 2.26778962e-04 8.67064228e-01 1.76336210e-01
 6.31880287e-02]
[0.0578948  0.17097796 0.93973077 0.07659173 0.01931569]
[0.04597934 0.20880431 0.71603674 0.15493672 0.27563226]
[ 6.42453976e-05 -9.55127496e-05  7.85369265e-03  7.96555918e-01
  1.81267720e-02]
[1.43201773e-03 3.04877409e-04 8.87038993e-01 1.41445262e-01
 7.22440159e-02]
[0.02243177 0.01551511 0.14871188 0.75483576 0.16579495]
[0.74192558 0.0244891  0.00620696 0.51284138 0.09162517]
[0.68342054 0.79672145 0.19611269 0.01807526 0.05128606]
[1.72694753e-02 4.14729714e-02 4.35374394e-01 7.39579100e-01
 5.61819182e-04]
[0.21913375 0.04044943 0.64087572 0.09260749 0.3492055 ]
[0.00254544 0.01219986 0.4903991  0.43239484 0.49990787]
[0.02289859 0.01964604 0.58672711 0.3553287  0.32548085]
[0.79285814 0.87728017 0.12054827 0.10676608 0.04412801]
[0.48901199 0.94950732 0.00950349 0.1161648  0.10434059]
[0.15663775 0.01664964 0.38893042 0.56098221 0.33035019]
[0.32926251 0.06106928 0.07923746 0.42613986 0.45099064]
[0.45537551 0.18462672 0.59521428 0.01915337 0.14524571]
[0.39291924 0.00781989 0.53288563 0.56898934 0.05558604]
[ 1.37157613e-04 -1.60315985e-04  4.87949005e-01  5.92038992e-01
  2.39576075e-01]
[0.0311329  0.3500392  0.40132956 0.7808757  0.00211966]
[0.15075253 0.86611324 0.06220595 0.18473367 0.04640381]
[0.09271385 0.21926646 0.64936159 0.02010396 0.28250916]
[0.03945339 0.01653763 0.73391229 0.19678746 0.23792658]
[2.24519334e-04 6.93048866e-04 4.55016649e-03 9.24081054e-03
 7.03094607e-01]
[0.5881144  0.13011909 0.45526062 0.24451796 0.21795604]
[0.04634843 0.1752619  0.85414286 0.19802007 0.07306284]
[ 9.04690893e-04  2.27919881e-03  1.38341033e-02 -6.00185698e-04
  6.37501166e-01]
[0.01502126 0.03566306 0.06231196 0.68183812 0.28994183]
[0.21877394 0.98996327 0.01654968 0.43833137 0.08333214]
[0.00921889 0.00668472 0.42841584 0.34478332 0.52168881]
[0.10860116 0.01770991 0.92504411 0.1571137  0.05913725]
[0.03530538 0.05672972 0.26163078 0.07088986 0.5251903 ]
[0.00250463 0.02084341 0.74667767 0.10603197 0.39202321]
[0.59913362 0.11159834 0.08448556 0.4257514  0.05284682]
[0.01364495 0.00617809 0.75071299 0.06812877 0.37143224]
[0.01888426 0.04682914 0.62656355 0.15983535 0.38937373]
[0.29050339 0.30305743 0.50412207 0.44182394 0.02121488]
[0.0894695  0.08947667 0.6016495  0.32222017 0.20161273]
[0.13062523 0.01590846 0.03269703 0.59657799 0.35471142]
[0.19639533 0.02450649 0.04071159 0.28088623 0.55648683]
[0.0104654  0.64372896 0.00785163 0.72674099 0.10125755]
[0.18382888 0.70467446 0.42908482 0.08155497 0.00443901]
[0.00698964 0.06593801 0.45353158 0.71355213 0.030323  ]
[0.05588113 0.87442266 0.05695897 0.13772187 0.16095377]
[0.09596487 0.082765   0.43713689 0.47493366 0.24819945]
[0.02253038 0.0155784  0.13668986 0.69546258 0.25324795]
[0.01333059 0.08124848 0.03921694 1.03772296 0.0048728 ]
[0.25702351 0.08770941 0.44121082 0.02671194 0.46914046]
[1.76881236e-04 5.54072864e-02 1.35669121e-01 8.23030852e-03
 6.10880140e-01]
[0.0864815  0.01125336 0.74300024 0.20273801 0.04270735]
[0.36099246 0.67866014 0.00550612 0.48737185 0.10334893]
[0.00228181 0.53194348 0.2332874  0.73503172 0.01705827]
[0.10247251 0.14836272 0.54034554 0.3537378  0.29143173]
[0.00438481 0.00139062 0.78377555 0.09429761 0.25272905]
[0.09224945 0.47392638 0.04487184 0.30719756 0.38949282]
[0.04918942 0.57070014 0.00099107 0.92724981 0.07638032]
[-2.92883978e-05 -7.76897006e-05  2.40184118e-04  9.49004247e-03
  5.77812793e-01]
[0.05934049 0.13050839 0.01228575 0.02692655 0.57114685]
[5.40980075e-04 1.29438970e-03 9.25405880e-03 9.27286590e-03
 6.58395767e-01]
[0.69792983 0.82666204 0.10616654 0.03149827 0.04693521]
[4.72806890e-04 2.19013572e-03 8.86185971e-01 6.89309153e-02
 4.30290262e-01]
[0.47987587 0.80304897 0.04777369 0.23143716 0.06341193]
[0.64641754 0.75501336 0.33479551 0.01784261 0.05093943]
[0.00808138 0.5240549  0.65300687 0.08919915 0.08984587]
[ 6.54841413e-03 -2.87235265e-05  2.52222045e-01  6.29207767e-01
  3.47547848e-01]
[0.34854327 0.18403455 0.51543588 0.1685708  0.21747395]
[0.33573903 0.04334979 0.40923006 0.57822528 0.08110345]
[0.05555949 0.16215389 0.63721    0.1779255  0.2126332 ]
[0.1249725  0.18674636 0.37597459 0.37992913 0.4123157 ]
[2.90304384e-03 2.31976185e-03 1.99789818e-04 7.10411869e-04
 6.94240706e-01]
[0.00774784 0.04348612 0.6449899  0.55121033 0.30244307]
[0.00854962 0.38819375 0.26236936 0.60950437 0.01506713]
[0.0058292  0.08526468 0.42419162 0.14832832 0.51798079]
[0.15836061 0.02410084 0.10395285 0.68057625 0.25134864]
[0.33747649 0.00737006 0.42988255 0.72430583 0.01145672]
[0.61112515 0.45661425 0.05367263 0.14962292 0.2515539 ]
[0.0918626  0.06964481 0.47121466 0.50704641 0.10613845]
[0.03496903 0.02678244 0.00261072 0.64286972 0.45177168]
[0.26039722 0.54010297 0.67845015 0.11160792 0.00524345]
[0.1826497  0.45456024 0.37931918 0.15708956 0.36514022]
[0.234239   0.56556495 0.53629603 0.05152529 0.12037317]
[0.03946395 0.08413991 0.69998272 0.4789442  0.31564983]
[0.00906918 0.00088056 0.00913294 0.60697654 0.48905107]
[0.06109988 1.18392737 0.00391775 0.06405951 0.29728887]
[0.04549261 0.00968932 0.11262984 0.71859256 0.26269032]
[0.01168307 0.46862882 0.6176513  0.216504   0.08492392]
[0.23903562 0.46627397 0.18136161 0.0664379  0.38848677]
[0.05932639 0.11806667 0.23959761 0.63434644 0.29876757]
[0.02686534 0.02150856 1.03498058 0.06441311 0.00153981]
[0.18717683 0.45189417 0.57800532 0.05063497 0.09070576]
[0.87867201 0.17615628 0.13068532 0.30525295 0.01299227]
[0.0544408  0.08819284 0.13740192 0.48710546 0.48904296]
[0.07301626 0.22293984 0.78895161 0.0929692  0.02055226]
[0.02900944 0.35979722 0.43646409 0.30371784 0.27734421]
[0.02967969 0.01794232 0.44528727 0.36680561 0.4946425 ]
[0.00317744 0.00792586 0.01333078 0.0015666  0.68083135]
[0.37534505 0.06771353 0.01248134 0.14830725 0.52788661]
[ 1.08880921e-03 -5.56909973e-04  3.96269403e-02  9.07806199e-04
  6.63701056e-01]
[0.15142364 0.01358006 0.03505865 0.56478482 0.33937755]
[0.5059191  0.00569692 0.64560998 0.14680866 0.06511364]
[0.89347206 0.09998892 0.40442556 0.00768844 0.1493366 ]
[0.86053166 0.14754879 0.81964893 0.02671806 0.06655796]
[0.38232935 0.2092955  0.27343035 0.6025825  0.17699376]
[0.23699783 0.02319588 0.26152033 0.37721702 0.54609194]
[0.54525841 0.15490527 0.08092988 0.18924195 0.54231503]
[0.00333461 0.25976655 0.53598641 0.50373942 0.24863874]
[0.05334482 0.13586178 0.21391328 0.83228834 0.04360604]
[0.04252019 0.57908965 0.05635606 0.93196956 0.01939853]
[0.03692047 0.32024825 0.0098389  0.80589933 0.24917819]
[0.22703471 0.53184308 0.02324527 0.1155117  0.57178548]
[0.29724489 0.71774514 0.30019529 0.06494147 0.08729953]
[ 5.41883534e-02  6.77901516e-02  5.98370417e-02  1.04111389e+00
 -2.24242103e-04]
[0.70362021 0.52602271 0.06181022 0.14979157 0.1737014 ]
[0.72976225 0.06100437 0.38495447 0.10465004 0.19081754]
[0.3908819  0.11880722 0.28017843 0.29946823 0.53765991]
[ 0.69114713  0.06071818  0.08338421 -0.00080978  0.70762168]
[0.01046731 0.04572668 0.0300774  0.90630847 0.19762795]
[2.00832322e-02 1.01661070e-04 1.25638574e-01 8.50405148e-01
 9.84129869e-02]
[0.70848449 0.15686818 0.29422768 0.19991962 0.21253708]
[0.0099453  0.1702685  0.13323198 0.78912273 0.04641142]
[0.25952747 0.23705264 0.7498313  0.04939428 0.26614207]
[0.0465015  0.192496   0.75769676 0.01552157 0.59600728]
[0.45788279 0.03525902 0.30993285 0.13876645 0.54942319]
[0.00678327 0.00423941 0.00083635 0.12081816 0.64410955]
[0.01927511 0.02513895 0.14739918 0.70879656 0.49536324]
[0.19927078 0.90671809 0.05933104 0.43987907 0.43236356]
[0.00269397 0.78790224 0.20700946 0.38437271 0.17369345]
[0.32302467 0.696274   0.06537537 0.56528903 0.35472627]
[0.07265333 0.20439899 1.03945151 0.03391365 0.12267448]
[0.01351446 0.00115052 0.00373246 0.46887056 0.62713057]
[0.75768142 0.08281243 0.22097972 0.30075894 0.16251804]
[ 3.36181496e-05 -3.09864187e-04  1.44446739e-01  1.12912313e-01
  6.59776055e-01]
[0.3176145  0.75631777 0.134569   0.02422792 0.08924182]
[0.21662305 0.49527215 0.43567946 0.52174805 0.25090793]
[0.09959714 0.00677295 0.89121388 0.11063074 0.15698329]
[0.06597072 0.19484328 1.07043952 0.18913704 0.02231852]
[0.01199914 0.25429272 0.49476661 0.76238074 0.06355713]
[0.25220473 0.79374134 0.22457516 0.03517281 0.26738298]
[0.44635878 0.51809549 0.7733261  0.0342695  0.30484714]
[0.03400776 0.00473081 0.53712746 0.4265396  0.50122277]
[0.06830388 0.11053989 0.49858536 0.06958911 0.51486836]
[0.45222901 0.08409279 0.10906944 0.61139275 0.05576048]
[0.07248383 0.05591352 0.04358199 0.01113904 0.62862101]
[0.64121917 0.01279179 0.12930364 0.58305285 0.27520932]
[0.43152238 0.75446801 0.56747499 0.18978331 0.02680007]
[0.09643091 0.58036536 0.38741515 0.39444523 0.51129172]
[0.69822401 0.13015143 0.16840645 0.08972801 0.44355637]
[0.00149698 0.00617017 0.00815205 0.18861529 0.66698212]
[0.08151437 0.19466258 0.44748204 0.64406667 0.27167216]
[0.45726338 0.89559741 0.05098349 0.13051016 0.080826  ]
[0.71326398 0.82327072 0.11914505 0.03207233 0.51569781]
[0.03851557 0.38824174 0.93946855 0.30460168 0.01967561]
[0.39973242 0.24399125 0.42649247 0.11427584 0.49898646]
[0.17167068 0.33290166 0.13754972 0.0607593  0.5808907 ]
[0.43478463 0.21687424 0.44606851 0.39106025 0.3960433 ]
[0.02196048 0.05260115 0.11390898 0.38247856 0.54639847]
[0.52409978 0.29422432 0.03256777 0.05473661 0.50415832]
[0.54153648 0.97041722 0.01685727 0.48272673 0.19162304]
[0.08518535 0.08186831 0.30754264 0.22246201 0.55701189]
[0.31034624 0.65135293 0.46837852 0.34633696 0.08209238]
[0.06860387 0.19385423 0.66608279 0.52601101 0.04287116]
[0.02673025 0.00349993 0.39270356 0.60042726 0.41820574]
[0.04369669 0.09577427 0.00904007 0.016407   0.59469052]
[0.15013392 0.70980715 0.16340557 0.38287184 0.43460233]
[0.00167725 0.50801836 0.10282616 0.24635489 0.54742531]
[0.64735588 0.00091919 0.42935664 0.47425856 0.31605663]
[0.07116302 0.13793626 0.85807846 0.03333683 0.36469617]
[0.0928163  0.07012131 0.07254572 0.78114328 0.18221433]
[0.20555191 0.33391827 0.08663148 0.43557081 0.56234419]
[0.27761252 0.15182926 0.27116244 0.49738961 0.52065565]
[0.85410132 0.015501   0.14955261 0.04865711 0.10279669]
[0.00758893 0.07079973 0.27155852 0.78620355 0.02076914]
[0.00525543 0.00627974 0.42125941 0.83459614 0.04644509]
[0.00691338 0.00666409 0.00977125 0.63710207 0.57911907]
[0.32693922 0.30936133 0.14600087 0.52707459 0.3049204 ]
[0.83535267 0.6042988  0.09715533 0.06547149 0.36189311]
[0.47006329 0.00126514 0.09708284 0.65805494 0.0337274 ]
[0.02913565 0.10517425 0.85401911 0.27839013 0.07871288]
[ 2.04927659e-02 -3.53496668e-04  8.15130130e-01  6.12334240e-01
  3.67279031e-02]
[0.04890149 0.11745076 0.20718564 0.67736387 0.32061512]
[0.02105247 0.01588068 0.37067145 0.73635486 0.08806882]
[0.04154785 0.08041592 0.92792366 0.09199538 0.1078187 ]
[0.31441354 0.0309671  0.26975034 0.43887694 0.53206272]
[0.92237094 1.09263281 0.140317   0.04210018 0.06215573]
[0.31606522 0.53714017 0.03179447 0.05338812 0.52729975]
[6.39924816e-03 2.97499837e-04 1.78813865e-02 9.91469610e-01
 2.91964665e-01]
[0.10536825 0.15355894 0.56908591 0.50149041 0.05742115]
[0.81096602 0.12713967 0.06724469 0.076739   0.25521447]
[0.24813638 0.59913175 0.46188534 0.06467809 0.09133146]
[0.081471   0.23534105 0.49844404 0.76599045 0.04664993]
[0.01161665 0.16433191 0.39963028 0.8211276  0.01617222]
[0.38425888 0.34505279 0.12053435 0.59897775 0.02958608]
[0.78160785 0.18125652 0.45452253 0.0429132  0.05013751]
[0.93385144 0.70982709 0.10397713 0.06128183 0.3347165 ]
[0.3174879  0.26262817 0.52956442 0.37046995 0.30172702]
[0.02191553 0.18811538 0.00745053 0.48812187 0.58169414]
[0.71746134 0.06596648 0.51092934 0.38788709 0.08907065]
[0.01433924 0.00964156 0.00233236 0.11998225 0.64411016]
[0.21125568 0.11004982 0.2203068  0.87773296 0.02870424]
[0.00285854 0.40000821 0.68207776 0.41111051 0.04951195]
[0.02531005 0.01716447 0.11865138 0.00808169 0.6513693 ]
[ 3.28072645e-03 -6.62697672e-05  8.03464992e-02  8.10666133e-01
  4.00234934e-01]
[2.03223082e-04 1.01581582e-03 5.14750461e-01 6.40279485e-01
 3.93962660e-01]
[ 1.63813414e-02 -3.74180649e-04  2.11750408e-01  7.66061107e-01
  3.81140469e-01]
[0.04762003 0.57644853 0.02524073 0.9375102  0.17711554]
[0.0153298  0.03710109 0.91395469 0.29615553 0.08221289]
[0.24180083 0.02367802 0.20747353 0.50993352 0.53272324]
[0.01492569 0.18180024 0.44295461 0.37694244 0.52372852]
[0.06638389 0.05384217 0.0604184  1.0512407  0.00154146]
[0.04078807 0.00317949 0.63380176 0.1083025  0.46374547]
[0.85059617 0.08491702 0.17679194 0.04889521 0.10048733]
[0.23341179 0.07865322 0.12506009 0.81552672 0.18158822]
[0.07814319 0.58323201 0.526249   0.48317972 0.27724223]
[-7.80050892e-06 -6.03815481e-04  5.83510042e-03  6.30713508e-02
  7.46074835e-01]
[0.0153363  0.00795264 0.61523906 0.50530098 0.39002885]
[0.71750314 0.08338348 0.17076218 0.49038219 0.03714292]
[0.26085505 0.29800233 0.52060423 0.54527498 0.04545249]
[0.76794455 0.89530935 0.3971281  0.02157511 0.06052538]
[0.30254718 0.10089959 0.01291124 0.74474988 0.46835864]
[0.42516064 0.79105946 0.00325275 0.80168787 0.08142656]
[0.08084192 0.09343285 0.4830676  0.02830414 0.5238545 ]
[0.58664361 0.10925978 0.14149189 0.42570919 0.05284156]
[0.24744766 0.06999108 0.4413791  0.18019177 0.52315443]
[0.39738965 0.33036053 0.01185328 0.23933141 0.52622852]
[0.05638555 0.18552936 0.63223172 0.52027262 0.30540278]
[0.79364973 0.14933392 0.1611162  0.09873209 0.05020709]
[0.07703982 0.21685001 0.77734444 0.05592212 0.29366608]
[0.21410904 0.11221724 0.67798507 0.05598481 0.50896509]
[0.52460763 0.09803915 0.53794373 0.49049567 0.03331416]
[0.10117499 0.25244518 0.36567904 0.48451145 0.49092208]
[0.56602938 0.64132706 0.58793387 0.12027997 0.01351024]
[0.06592784 0.00175702 0.22686052 0.71975252 0.2609568 ]
[0.24039633 0.51505345 0.26629674 0.07688734 0.44223165]
[0.01645427 0.65279988 0.61119948 0.22083222 0.15395299]
[0.38107988 0.34219436 0.11953715 0.59400678 0.11902546]
[0.39237148 0.24007158 0.40565165 0.18736257 0.49761258]
[0.17632528 0.38718955 0.71180604 0.16440786 0.05352788]
[0.0277637  0.01195457 0.64974559 0.49830044 0.17741201]
[0.03250425 0.32781873 0.79347829 0.27041518 0.08045847]
[0.13282114 0.93707973 0.08063828 0.14969157 0.17564229]
[0.06735821 0.59423583 0.02358929 0.11146524 0.57875106]
[0.01124572 0.01045145 0.56901248 0.02533753 0.52550923]
[0.06859944 0.38237728 0.41672953 0.59258593 0.25361967]
[0.202259   0.03976206 0.15247853 0.33805966 0.54778253]
[0.03047398 0.33806285 0.81734869 0.54303576 0.01926306]
[0.17955658 0.44355763 0.48850175 0.08197263 0.51358131]
[0.01307695 0.06795758 1.02166467 0.15517054 0.17657154]
[0.01052515 0.03383721 0.12185396 0.52435698 0.54957391]
[0.01593425 0.00097449 0.6287536  0.08894778 0.50977431]
[ 9.85991457e-04 -2.42001434e-04  2.18934135e-02  1.09227386e+00
  1.75626221e-01]
[0.02830873 0.386623   0.13853507 0.04858265 0.5817658 ]
[0.00634655 0.03217685 0.14111269 0.97799838 0.08441832]
[0.0016248  0.49357868 0.09990544 0.24075261 0.56010175]
[0.15047868 0.71143669 0.16029204 0.38218602 0.43465202]
[0.19117723 0.03420406 0.33037565 0.14243814 0.56436356]
[0.16416039 0.3947532  0.6471286  0.04466087 0.3181125 ]
[0.00355292 0.00368798 0.95383826 0.05657058 0.51919621]
[0.0308072  0.06277689 0.8320332  0.11901939 0.28758623]
