[0.01444428 0.00581257 0.76226813 0.20811793 0.24713828]
[0.00139991 0.06155238 0.08177777 0.02681644 0.64768121]
[0.07703982 0.21685001 0.77734444 0.05592212 0.29366608]
[0.0155604  0.17609098 0.42635329 0.88003379 0.01849212]
[0.09963597 0.55522407 0.40057183 0.72528173 0.0529752 ]
[0.20308279 0.01702636 0.15484931 0.58455958 0.49207099]
[0.01726185 0.00130716 0.00502945 0.00432115 0.71661573]
[0.03032976 0.00431447 0.03051165 0.98296754 0.28940393]
[0.09588811 0.09592739 0.64473414 0.34845052 0.21647829]
[0.36354172 0.06776102 0.27119734 0.83447271 0.0023656 ]
[0.04711205 0.13911364 0.82453949 0.14802955 0.09843311]
[0.45222901 0.08409279 0.10906944 0.61139275 0.05576048]
[0.04519196 0.04017639 0.24706319 0.71501346 0.12028791]
[0.19699859 0.12882769 0.11444524 0.85138059 0.11554205]
[0.00423228 0.00245686 0.16981795 0.00511647 0.72192918]
[0.01336094 0.00105697 0.0115736  0.07013807 0.79827044]
[0.18280487 0.17353705 0.59513161 0.45289707 0.03785883]
[0.07852024 0.03171973 0.93583472 0.09279798 0.10874134]
[0.01517029 0.05046172 0.00165796 0.05365453 0.82044782]
[0.12880309 0.12214023 0.4194733  0.34192631 0.48971813]
[0.08554701 0.20783095 0.10215319 0.75975054 0.16754088]
[ 5.94787901e-04  2.95960145e-03  2.88011439e-04 -1.78099773e-03
  9.40885692e-01]
[0.09756484 0.23806547 0.89853112 0.08152941 0.27767976]
[0.20291715 0.01919329 0.15484258 0.58453411 0.49204961]
[5.72587183e-04 9.94058161e-02 5.08808754e-02 2.68117889e-02
 6.47577058e-01]
[0.12689751 0.05610413 0.22693393 0.91211574 0.05049044]
[0.38284653 0.84096385 0.0787206  0.19831251 0.05280423]
[0.04743576 0.09347484 0.00252817 0.9721247  0.42535701]
[0.61269704 0.78252457 0.05150602 0.10763046 0.08134531]
[0.01373371 0.00091879 0.01018585 0.00538933 0.71494464]
[0.02913565 0.10517425 0.85401911 0.27839013 0.07871288]
[2.55743542e-04 3.67734543e-02 2.65728848e-02 1.02000028e-01
 6.18009210e-01]
[0.03545585 0.39312137 0.95023442 0.31453805 0.0199415 ]
[0.07557543 0.18151631 0.39000095 0.75740963 0.11068742]
[0.00834615 0.05060835 0.10769656 0.73154052 0.50981886]
[0.75205011 0.11664815 0.49345557 0.19561241 0.07153528]
[0.01203218 0.05586852 0.00209098 0.75484639 0.52040545]
[0.00314229 0.01814123 0.01963575 0.17167334 0.69592429]
[0.00372603 0.00504785 0.01289632 0.1427727  0.7602891 ]
[0.29129659 0.106757   0.05288694 0.90962598 0.11726085]
[0.12465608 0.10764848 0.56761511 0.5118103  0.32099906]
[0.01034196 0.00108613 0.0104804  0.69377895 0.55880041]
[0.02074459 0.18203269 0.04125118 0.48825181 0.58208212]
[0.85860032 0.99569045 0.15087186 0.03868461 0.05732665]
[0.06423807 0.14090836 0.01327222 0.03156163 0.60647833]
[0.01267769 0.52600043 0.35540281 0.82634554 0.02093335]
[0.73875185 0.30298808 0.59505976 0.09271378 0.09595272]
[0.17292677 0.15503079 0.66759486 0.47138171 0.13493936]
[0.050461   0.14506469 0.85922187 0.14300042 0.29936689]
[0.51301934 0.25599313 0.52631205 0.45715199 0.27335429]
[0.00787613 0.00548417 0.01924952 0.00282656 0.8066302 ]
[0.02200255 0.22239403 0.53875374 0.80706665 0.01851365]
[-3.95062782e-05  2.26898528e-01  2.65362545e-01  9.79968014e-01
  1.15022070e-02]
[6.39924816e-03 2.97499837e-04 1.78813865e-02 9.91469610e-01
 2.91964665e-01]
[0.82876713 0.61966801 0.09734366 0.08711644 0.35547513]
[0.00295862 0.1302929  0.20933603 0.83953047 0.11389374]
[0.42774059 0.69322699 0.12550853 0.14238502 0.42299767]
[0.10150614 0.00691425 0.90826781 0.11278875 0.15999488]
[0.06708848 0.37396253 0.4996628  0.69695663 0.06770422]
[0.0314746  0.00245398 0.78177165 0.11116383 0.38072742]
[0.04154785 0.08041592 0.92792366 0.09199538 0.1078187 ]
[0.220496   0.298289   0.01914401 0.43952071 0.51457244]
[0.02969832 0.00187147 0.00335821 0.18998938 0.89971854]
[0.13580675 0.09960324 0.05506626 0.99125464 0.28649112]
[0.04694795 0.06244389 0.35943164 0.64398787 0.50811575]
[0.3174879  0.26262817 0.52956442 0.37046995 0.30172702]
[0.14029878 0.22734611 0.01039587 0.45260606 0.58483128]
[-8.61571151e-05 -1.86497821e-04  5.79036271e-03  2.95884633e-01
  5.94919946e-01]
[0.08065034 0.07205925 0.44022783 0.03353584 0.52054548]
[0.02617057 0.01550496 0.47221392 0.3671858  0.52232491]
[-9.07842614e-05 -2.09852168e-04  6.64639818e-03  3.39329648e-01
  6.30270644e-01]
[0.64786273 0.00864958 0.42972627 0.47466864 0.31632904]
[0.04378277 0.08637869 0.03427224 0.93926488 0.41112824]
[0.49271589 0.88687517 0.01538265 0.46070445 0.07505247]
[0.00786744 0.00597253 0.05856887 0.93639388 0.37866742]
[ 5.09493273e-04 -1.37887820e-04  2.61786787e-02  3.44366722e-02
  7.41525688e-01]
[0.19555438 0.50007116 0.62154132 0.13766829 0.25656975]
[0.10460175 0.20273262 0.08384318 0.54861876 0.45413544]
[0.04496344 0.13030352 0.19114954 1.04518477 0.0632752 ]
[0.09369639 0.06481237 0.073196   0.00321123 0.66844118]
[0.03691907 0.00573981 0.03666149 0.82466882 0.29719035]
[0.00170637 0.02250843 0.02779946 0.02743242 0.58849659]
[ 3.17948329e-03 -8.22728609e-05  1.18067272e-01  9.36083845e-01
  1.21915505e-01]
[0.17167068 0.33290166 0.13754972 0.0607593  0.5808907 ]
[0.03626645 0.66600701 0.62448253 0.0990429  0.15851356]
[0.43174243 0.0805818  0.12781825 0.80045642 0.00226169]
[0.0941518  0.13694464 0.50179727 0.32090583 0.46535154]
[0.26164988 0.17127061 0.15226254 0.70358283 0.05928112]
[0.38107988 0.34219436 0.11953715 0.59400678 0.11902546]
[0.1111208  0.23736651 0.63762689 0.45870787 0.30282257]
[0.12560101 0.30316806 0.65000958 0.04253208 0.09035506]
[0.56124751 0.00087362 0.09777718 0.73390886 0.29702431]
[0.29640308 0.33563356 0.30601648 0.7972894  0.00235946]
[0.01546584 0.0561551  0.45802528 0.92793072 0.0892908 ]
[0.20267912 0.19190264 0.65899857 0.47815576 0.03215475]
[0.45376196 0.24155781 0.16729622 0.05568811 0.53676192]
[0.00488521 0.02444386 0.07232631 1.13864358 0.09745708]
[0.0096325  0.46083999 0.49378261 0.64906427 0.29107304]
[0.0315535  0.26708185 0.11896655 0.8527613  0.11613489]
[0.03698093 0.07714608 0.11028238 1.09197122 0.01638206]
[0.00764297 0.01334207 0.0034255  0.01753884 0.68696651]
[0.03321982 0.05291117 0.24706558 0.71511313 0.1203029 ]
[0.18772333 0.5471997  0.03102236 0.03277998 0.45011052]
[0.4228798  0.06432703 0.17103478 0.82599271 0.02978872]
[0.4705306  0.36559556 0.28265266 0.48022951 0.09272657]
[0.00639872 0.00982576 0.00759959 0.00089918 0.74220776]
[0.93213617 0.6970173  0.10338702 0.06492506 0.31233404]
[0.63353857 0.12685078 0.44767167 0.48201439 0.01292958]
[0.00634655 0.03217685 0.14111269 0.97799838 0.08441832]
[0.59725766 0.26200658 0.3917205  0.19348318 0.24104577]
[0.59037076 1.09856605 0.00453751 0.43143987 0.0844473 ]
[0.03549727 0.0212115  0.67590406 0.52887362 0.22907154]
[0.00300385 0.01928005 0.04179186 0.75839452 0.52272526]
[0.00273524 0.01840952 0.00466964 0.52613002 0.70379502]
[0.00835405 0.02585691 0.10532409 0.28241713 0.53980907]
[0.03373199 0.55725945 0.40653082 0.72414401 0.05289171]
[2.00832322e-02 1.01661070e-04 1.25638574e-01 8.50405148e-01
 9.84129869e-02]
[0.00484615 0.00288472 0.1836323  0.00272833 0.68918441]
[0.55816901 0.00086548 0.10474293 0.73188999 0.30438765]
[0.42400135 0.07636771 0.0594692  0.11749594 0.57871581]
[0.00108474 0.09989371 0.09183792 0.82248786 0.50239645]
[1.18745556e-04 8.58130853e-04 2.19821561e-02 1.09700952e+00
 1.84117031e-01]
[0.14940384 0.41302599 0.31207891 0.02523175 0.65956096]
[0.09999634 0.07585399 0.51286477 0.54898337 0.1152232 ]
[0.02679298 0.37670356 0.32422057 0.87232199 0.01813381]
[0.16556154 0.09916572 0.38616277 0.45283297 0.48888219]
[0.09858755 0.00090063 0.02034766 0.06286389 0.67105468]
[0.04675726 0.1384848  0.82051357 0.157074   0.09815182]
[0.00570331 0.02497447 0.5153195  0.64196018 0.38900636]
[0.02123588 0.07065575 0.00233519 0.03784377 0.85168792]
[0.01357092 0.00108146 0.01175394 0.06794332 0.77608079]
[0.34122471 0.15372519 0.50362886 0.80138931 0.03994457]
[0.77979298 0.14542392 0.18808188 0.09928523 0.05695001]
[0.05813382 0.14219913 0.72686321 0.59137732 0.07833158]
[0.21882421 0.54462484 0.45438568 0.17007274 0.41414244]
[0.0114901  0.00194883 0.15764154 0.29367359 0.68413228]
[ 2.55177777e-02 -8.78755757e-05  1.42882428e-01  7.22520635e-01
  2.63124626e-01]
[0.01241605 0.0063691  0.00662277 0.00136238 0.83458165]
[0.12606061 0.01034244 0.25107087 0.66481848 0.31309047]
[0.24168651 0.22957832 0.55905319 0.40823849 0.02636766]
[0.10803378 0.01273245 0.09293257 0.5759089  0.52843119]
[0.31139845 0.3608546  0.05242868 1.03981643 0.19105559]
[0.20795647 0.13602143 0.1208087  0.93331469 0.11444589]
[0.03102567 0.02363093 0.69692139 0.5519852  0.09570264]
[0.02673025 0.00349993 0.39270356 0.60042726 0.41820574]
[0.85410132 0.015501   0.14955261 0.04865711 0.10279669]
[0.02610204 0.12791454 0.33568752 0.65688856 0.51495504]
[0.53710299 0.04951614 0.2772792  0.08031545 0.46143029]
[0.70528283 0.52726682 0.06195637 0.15015052 0.17411271]
[0.10559139 0.58839064 0.42447711 0.73318487 0.04916475]
[0.63983041 0.71763275 0.2779869  0.04281504 0.32712902]
[0.01575817 0.00639014 0.8308027  0.22702155 0.26939323]
[0.00825963 0.03773956 0.77041857 0.44265352 0.42891712]
[0.08209808 0.23109654 0.83252446 0.06002602 0.31444779]
[0.16333142 0.01472317 0.55436642 0.99495195 0.08049502]
[0.20312845 0.01703032 0.1548841  0.58469137 0.49218161]
[0.01960193 0.00156476 0.00571196 0.00518989 0.81286774]
[0.13164805 0.12841396 0.65342557 0.47879795 0.30077115]
[0.09882881 0.09888281 0.66447346 0.35918368 0.22311796]
[0.3783706  0.07054864 0.27791302 0.95234283 0.00269411]
[0.16047931 0.33562847 0.46351751 0.83556404 0.03989638]
[0.5592288  0.1041268  0.1348791  0.75650567 0.06904518]
[0.5541438  0.00085483 0.10942231 0.72814954 0.3028345 ]
[0.14572151 0.2178108  0.43832121 0.44327889 0.49508178]
[0.52475903 0.01815928 0.10367055 0.77997392 0.27315931]
[0.00768133 0.01723557 0.00303277 0.00172782 0.9488086 ]
[0.1445499  0.0633508  0.27710526 1.06261679 0.05489669]
[0.38998884 0.95916646 0.10625546 0.6970043  0.08974601]
[0.05023558 0.09914984 0.0079971  0.97554807 0.42707639]
[0.00578325 0.10831166 0.12146842 0.01623977 0.73896363]
[0.0056218  0.10589988 0.12226363 0.01583872 0.74190027]
[0.03538472 0.1277315  1.03613723 0.33769448 0.09557056]
[0.07131655 0.1564614  0.01464795 0.03526426 0.66937978]
[0.33440461 0.32269123 0.02243601 0.27967875 0.66573746]
[0.15618452 0.06917619 0.27200908 1.06644763 0.05509566]
[0.08603362 0.03480674 1.02519334 0.10186365 0.11916288]
[0.20891928 0.33879544 0.08794576 0.44220721 0.55676683]
[0.10150031 0.44227075 0.20569733 0.53077835 0.52967365]
[0.01342066 0.00770392 0.55093986 0.45236084 0.6102428 ]
[1.04769868e-04 5.39915174e-03 2.59157602e-01 6.22472337e-01
 6.18096865e-01]
[0.03429781 0.01969359 0.01290458 0.52972546 0.60201402]
[0.02262369 0.02528949 0.00888063 0.45886754 0.62952399]
[0.02081614 0.04016938 0.01676589 0.37924852 0.62606338]
[0.24744766 0.06999108 0.4413791  0.18019177 0.52315443]
[0.04710133 0.15164411 0.53875142 0.04605988 0.57061663]
[-7.81284969e-05 -1.45975409e-04  7.71140334e-03  3.93599988e-01
  7.30502325e-01]
[ 1.58090959e-03 -2.39585851e-04  4.10424101e-02  3.40413758e-01
  6.59557779e-01]
[ 3.00238664e-04 -5.89736089e-04  8.59553893e-03  4.38653608e-01
  8.12372560e-01]
[0.54199893 0.9756138  0.01692622 0.49752147 0.08226118]
[0.7081221  0.79650818 0.01658366 0.469805   0.07997994]
[0.01123328 0.00872971 0.08311753 0.97380097 0.3877958 ]
[0.00255434 0.01289207 0.03809569 0.25113103 0.89510245]
[3.71376153e-04 1.75182282e-04 9.50504355e-02 1.26444126e-01
 7.64011881e-01]
[0.50198714 0.58402214 0.07502043 0.01686379 0.73587554]
[0.25595721 0.03031585 0.12174041 0.00461276 0.67642329]
[0.30344122 0.05165169 0.18146389 0.00637217 0.67354735]
[0.01993061 0.0391714  0.08223985 0.95682288 0.41880365]
[0.23825917 0.03544753 0.06002488 0.86923027 0.4787283 ]
[0.00210479 0.04897152 0.07940918 0.05998441 0.64131562]
[0.10961712 0.08480338 0.06500728 0.11002862 0.63832518]
[0.17748735 0.34419079 0.14220751 0.04992701 0.59719261]
[0.21176424 0.11194725 0.07801521 0.46560322 0.59043914]
[0.00397786 0.05780842 0.07025864 0.0725266  0.63112298]
[0.3497163  0.28280109 0.05581444 0.2590399  0.65842163]
[0.07392176 0.00581788 0.05641259 0.21745099 0.60457714]
[0.07612692 0.11065774 0.08210452 0.03394912 0.67496622]
[0.0227954  0.07069763 0.20142024 0.2623301  0.60294839]
[0.0306782  0.09517393 0.27057469 0.18019023 0.59276027]
[0.31915955 0.1448229  0.06872713 0.26521882 0.59506509]
[0.05084594 0.02034923 0.60669664 0.05940604 0.62579172]
[0.16717558 0.01642574 0.04745384 0.16527783 0.66708563]
[ 4.08440952e-02 -4.12124971e-04  2.04150748e-01  7.29099957e-02
  6.85840034e-01]
[0.00258248 0.05902078 0.07531246 0.06066978 0.64044195]
[0.04996725 0.20683571 0.75116509 0.04536707 0.59718562]
[0.33005859 0.2695777  0.30000112 0.92569977 0.00266628]
[0.41056108 0.18738061 0.16089811 0.86465358 0.0841547 ]
[0.44936189 0.24608146 0.32135824 0.70856111 0.20956891]
[0.35254302 0.39522286 0.15914561 0.68614799 0.32268194]
[0.28449345 0.46625386 0.35157777 0.62291188 0.31315154]
[0.00193036 0.8092422  0.33642992 0.61907209 0.35331477]
[0.1407448  0.33974536 0.72828206 0.04791219 0.10128357]
[0.12756427 0.01708218 0.13272984 1.22217052 0.05495646]
[0.0704763  0.17068424 0.27083466 1.11276149 0.05728925]
[0.01989176 0.09324961 0.00480911 0.11782175 0.84643497]
[0.00075989 0.12243328 0.06093643 0.06208873 0.7130412 ]
[0.04285683 0.01220566 0.05850898 0.18359095 0.69662027]
[0.03969529 0.00580787 0.02556182 0.36003053 0.69340684]
[0.18937822 0.3406879  0.00588194 0.17254055 0.71294509]
[0.16927544 0.06912491 0.08097958 0.01796342 0.69478118]
[0.00138967 0.02135895 0.02638873 0.02642181 0.71630719]
[0.05495059 0.01921181 0.03195876 0.13367519 0.70461153]
[0.01268479 0.29104344 0.45667983 0.71758701 0.29844863]
[0.22791819 0.08141749 0.30679624 0.82299056 0.23792026]
[0.40868255 0.22375755 0.29845331 0.78028736 0.21629516]
[0.39539811 0.31342015 0.04791378 0.68481898 0.47683305]
[0.1396498  0.63752141 0.03238371 0.06510065 0.50183745]
[0.49198693 0.38391497 0.11950859 0.0618908  0.47572991]
[0.58841589 0.16107899 0.12094452 0.06186105 0.48137603]
[0.47530426 0.41337881 0.1198964  0.06130657 0.47720273]
[0.31606522 0.53714017 0.03179447 0.05338812 0.52729975]
[0.46630135 0.40456487 0.14187839 0.06068307 0.47250995]
[0.36413115 0.4928481  0.03164084 0.06533445 0.52390217]
[0.5189374  0.13028504 0.19282343 1.01463832 0.03666728]
[0.00546593 0.0117166  0.00820667 0.00113158 0.80295215]
[0.30974116 0.58345061 0.07442466 0.02122318 0.79318564]
[0.02818054 0.0013664  0.00952274 0.19074217 0.76995211]
[0.01115905 0.05553693 0.16182128 1.07081784 0.09259998]
[0.10819866 0.26409925 0.36209288 1.05079862 0.09343232]
[0.00364704 0.02234708 0.04830899 0.77561068 0.53483556]
[0.03019183 0.01796536 0.54431127 0.432254   0.56624928]
[0.02409097 0.03877079 0.17662025 0.54379646 0.56575337]
[0.02768318 0.02220175 0.5423951  0.43072489 0.56431202]
[0.20906041 0.03856335 0.15731983 0.34885769 0.56518171]
[0.22086139 0.0041293  0.2880202  0.44075708 0.5739262 ]
[0.00978903 0.08029039 0.28530112 0.01855518 0.73886372]
[0.0095177  0.01010474 0.24905534 0.28894321 0.7131194 ]
[0.00159934 0.08734791 0.30732163 0.01520486 0.7779817 ]
[0.21990834 0.35781473 0.07679466 0.46189451 0.5814525 ]
[0.48191444 0.2135344  0.07172545 0.14270127 0.62091323]
[ 1.90422063e-01 -3.63719680e-04  6.36577225e-01  5.77823828e-01
  3.42198126e-01]
[0.22297931 0.13354379 0.52800308 0.61314961 0.30680293]
[0.05406879 0.15383932 0.55125847 0.59837982 0.29958524]
[0.14259288 0.01392297 0.0600689  0.19278126 0.69421578]
[ 1.80094811e-01 -1.23861049e-04  8.95428588e-01  1.61934872e-01
  1.07584890e-01]
[0.00576862 0.02525895 0.52104978 0.64912183 0.39928942]
[0.02277243 0.07577135 0.00316337 0.03958031 0.90621559]
[1.90867571e-02 7.31884507e-04 2.23679044e-02 1.95792153e-01
 7.90120330e-01]
[0.00187082 0.01454238 0.01198208 0.07123608 0.79648875]
[0.34640595 0.85195407 0.39304363 0.69055482 0.09148879]
[0.29359287 0.86749431 0.34382712 0.14804791 0.0984452 ]
[0.05104084 0.04211929 0.14497164 0.98913486 0.31449971]
[3.06871841e-02 1.75527751e-05 1.71646644e-01 8.68351032e-01
 3.16157001e-01]
[0.01235337 0.07470842 0.15861042 0.76611313 0.54040623]
[0.01260832 0.01631223 0.433513   0.74189392 0.41114686]
[ 2.84312168e-02 -2.84569398e-05  1.74850937e-01  8.82552965e-01
  3.21484719e-01]
[ 2.72798432e-02 -4.48753822e-05  1.79010362e-01  7.67847685e-01
  2.79859342e-01]
[0.0074183  0.3566114  0.38223903 0.7260734  0.28015363]
[0.04181871 0.33732987 0.37737725 0.73299906 0.28551246]
[0.13551519 0.17630637 0.31751147 0.71217497 0.34729502]
[0.21584898 0.51600731 0.65951372 0.46660075 0.09174635]
[0.45650227 0.1017221  0.56526601 0.65637886 0.122533  ]
[0.47198012 0.01763176 0.61362287 0.42031625 0.31442507]
[0.24376675 0.15953051 0.14160446 1.05383674 0.14304516]
[0.044377   0.02167079 0.76796393 0.61072897 0.2153538 ]
[0.60479743 0.30188397 0.62044672 0.16721578 0.19596035]
[0.16128528 0.80722035 0.16879613 0.15490787 0.42180444]
[0.67418677 0.29167595 0.2942747  0.19995191 0.21223252]
[0.59224391 0.57184377 0.18662474 0.51438845 0.10874597]
[0.61852688 0.05932734 0.31939396 0.09283838 0.53156305]
[0.39973242 0.24399125 0.42649247 0.11427584 0.49898646]
[0.27436202 0.41040537 0.3636674  0.4928563  0.55545888]
[0.11029908 0.63333157 0.44881896 0.82073459 0.05998005]
[0.01680252 0.00680615 0.88460602 0.2418619  0.28686457]
[0.15897179 0.20985843 0.90362569 0.11731945 0.34358066]
[0.21595648 0.16287556 0.93814579 0.06636561 0.40294244]
[0.04198324 0.25290766 0.53399478 0.58922133 0.56254358]
[0.20942706 0.01757691 0.15868109 0.60133943 0.51570088]
[0.16949928 0.05877205 0.23066189 0.61550688 0.54101704]
[0.01933948 0.34864562 0.17431804 0.61898829 0.49489515]
[0.04668629 0.03699404 0.00681456 0.44325634 0.85768865]
[0.20082508 0.42007227 0.57993966 0.92312992 0.04605817]
[0.56371939 0.00088016 0.11131349 0.74076523 0.30807291]
[0.24602163 0.48664212 0.31468167 0.72958813 0.40228999]
[0.03789401 0.09676071 0.12243334 0.0252791  0.764712  ]
[0.037854   0.03111609 0.10666088 0.76489161 0.62119265]
[0.10298454 0.00651705 0.01614871 0.63548124 0.71359358]
[0.10963046 0.08028479 0.04362629 0.41921914 0.62671874]
[0.02074656 0.171433   0.03941022 0.46070538 0.65689266]
[0.18216849 0.27237752 0.44710585 0.47496214 0.53043031]
[0.33842747 0.05723    0.50690791 0.38710828 0.52917912]
[0.26954703 0.20121317 0.68229988 0.07152856 0.61403456]
[ 2.17572424e-04 -3.59876059e-05  4.85304147e-02  3.95482076e-01
  7.65851499e-01]
[-7.20043965e-05 -1.14393423e-04  8.23743054e-03  4.20405186e-01
  7.80008743e-01]
[ 1.87854186e-03 -2.86496519e-04  4.76615116e-02  3.95586989e-01
  7.65851499e-01]
[ 1.87784813e-03 -2.85198464e-04  4.76493725e-02  3.95485804e-01
  7.70915813e-01]
[0.01397644 0.01098197 0.08699039 0.98736684 0.39282294]
[0.00105056 0.0011617  0.11472677 0.14802191 0.7920072 ]
[ 1.57825449e-03 -4.24310370e-04  1.06595546e-01  2.15249231e-01
  7.84760605e-01]
[0.01028825 0.00327436 0.17349712 0.13634406 0.80550174]
[0.2800974  0.04700121 0.16745785 0.00571455 0.78668425]
[0.33019111 0.05551132 0.19741547 0.00712055 0.76918749]
[0.14490841 0.23271655 0.06302292 0.91271311 0.5026377 ]
[0.19646254 0.17676105 0.06281235 0.90950945 0.50088169]
[3.97967891e-04 7.45646026e-02 9.62585275e-02 6.02460491e-02
 6.92576207e-01]
[0.10968378 0.08485524 0.06504679 0.11009672 0.63871298]
[0.1921717  0.37269055 0.15396625 0.0542315  0.64658744]
[0.14444563 0.07619417 0.18428472 0.4784621  0.60668194]
[0.03704351 0.10733095 0.0941749  0.70841696 0.63688477]
[0.15181573 0.09957397 0.06027599 0.39658656 0.61928771]
[0.03113778 0.09660095 0.27460654 0.18290675 0.61299209]
[0.23995205 0.20072478 0.46672955 0.24753947 0.60929456]
[0.1740201  0.38756942 0.16439803 0.29561103 0.60765281]
[0.02586542 0.07490778 0.11024296 0.71720999 0.64368845]
[0.09681884 0.0205626  0.07946136 0.30485992 0.67191573]
[0.04304415 0.01338579 0.080337   0.06084292 0.65018224]
[0.43389674 0.21643028 0.74700961 0.17458977 0.1953092 ]
[0.23206414 0.59346664 0.73749149 0.16374956 0.30434   ]
[0.1440271  0.62940372 0.73691536 0.22507205 0.30869199]
[0.32764301 0.19163877 0.80827558 0.0534106  0.11245236]
[0.3370405  0.25655692 0.73181428 0.23762487 0.35523617]
[0.49883433 0.2353371  0.76905782 0.16524738 0.30725825]
[0.14406064 0.11641187 0.28737419 1.12679786 0.05823028]
[0.50799106 0.58893137 0.08554454 0.02199586 0.74477489]
[0.00427306 0.82717191 0.08609754 0.02215185 0.74354799]
[0.0537316  0.01877342 0.07342043 0.19455193 0.75794891]
[0.0451228  0.0651771  0.04690452 0.10968665 0.73098932]
[4.79265308e-04 2.51070163e-02 7.63440078e-02 8.69761601e-02
 7.61178646e-01]
[0.01178805 0.0387808  0.23015818 0.081958   0.76856224]
[0.06325391 0.00607454 0.09454628 0.0319013  0.7498247 ]
[0.05552432 0.13585048 0.06370157 0.10871444 0.78759759]
[0.03609436 0.05206319 0.03754395 0.12887905 0.76936738]
[0.03680615 0.00521192 0.03180605 0.38860163 0.75239388]
[0.03591072 0.06635017 0.11313727 0.04984203 0.74306334]
[0.05325535 0.04345862 0.1766858  0.05551949 0.73409274]
[ 3.98430831e-02 -2.47811911e-04  2.36135228e-01  8.51100644e-02
  7.91880130e-01]
[0.00081401 0.0390148  0.04596483 0.12069157 0.75978831]
[0.0985393  0.0607452  0.04336121 0.14200248 0.72498031]
[0.07356979 0.00203089 0.04280599 0.3818705  0.76348993]
[0.02901687 0.05715459 0.04549159 0.7500189  0.71206394]
[0.10718747 0.01031834 0.04515817 0.2213282  0.74024684]
[0.09263198 0.22124015 0.5083935  0.76119688 0.31655674]
[0.44281752 0.35106523 0.0536641  0.76717056 0.53404306]
[0.68921522 0.06456151 0.06321969 0.11773491 0.53493118]
[0.27073291 0.55404561 0.20108131 0.09052815 0.55872384]
[0.50886669 0.25391672 0.54412276 0.07034634 0.62049332]
[0.48462253 0.42182735 0.12228343 0.06256936 0.48670719]
[0.37386807 0.50603713 0.03248799 0.06713816 0.53005592]
[0.52386736 0.13152816 0.22838121 1.04983667 0.09996378]
[0.00676605 0.01106175 0.00834831 0.00117934 0.81464207]
[0.01125277 0.05600142 0.16320799 1.07998485 0.0933946 ]
[0.09596781 0.0127054  0.09988421 0.92316359 0.56339362]
[0.09556805 0.01265003 0.10007311 0.92243074 0.56294708]
[0.01746718 0.02571486 0.16767917 0.81491949 0.62507548]
[0.06149452 0.13451347 0.30116163 0.58809688 0.57835761]
[0.05797366 0.32320078 0.23079026 0.41965705 0.60871225]
[0.06152894 0.03941966 0.2855197  0.02223498 0.73945314]
[0.22447968 0.13463688 0.53171986 0.62268759 0.31032651]
[0.18810535 0.11273803 0.57451365 0.64464303 0.34769539]
[0.13327387 0.10115745 0.58069721 0.62962346 0.35811451]
[0.06094547 0.17999307 0.9891059  0.16936834 0.11429715]
[1.95519443e-02 7.64342778e-04 2.29095608e-02 2.00573768e-01
 8.09216775e-01]
[0.02068087 0.00785566 0.02682609 0.19806948 0.80226898]
[0.05259779 0.04341842 0.14938081 1.01927241 0.32407368]
[3.15777316e-02 3.57152013e-05 1.82118927e-01 9.20706705e-01
 3.35196555e-01]
[0.12081274 0.09165416 0.52646615 0.8256263  0.40452502]
[0.01473085 0.17297857 0.41869559 0.88414162 0.31490183]
[0.36644943 0.06830763 0.27476513 0.84354032 0.33771052]
[0.00791408 0.37994875 0.40721425 0.7736482  0.29848268]
[0.14252087 0.18544096 0.32827672 0.8161208  0.39007472]
[0.14333148 0.18649791 0.32792321 0.8167521  0.39037599]
[0.50033085 0.11154347 0.62585346 0.72426562 0.13520677]
[0.50071283 0.11006742 0.62600282 0.72443896 0.13293322]
[0.01380451 0.65722852 0.70395411 0.4636992  0.32424248]
[0.6254929  0.3122321  0.64167358 0.17300966 0.20267795]
[0.40073688 0.69708554 0.50525478 0.17214742 0.46916088]
[0.67278473 0.36869089 0.49127727 0.53328108 0.23328627]
[0.65915702 0.49275166 0.07309927 0.06880853 0.60447867]
[0.25197338 0.24303715 0.24696979 0.26998703 0.65149825]
[0.46114158 0.37290156 0.06591776 0.17609614 0.77491206]
[0.49162511 0.42945883 0.34447131 0.06974152 0.53475651]
[0.20883928 0.27909333 0.18376081 0.6849924  0.53074793]
[0.20333309 0.16999275 0.39509464 0.19548319 0.64645146]
[0.14921167 0.31204528 0.43100351 0.68638544 0.51672523]
[0.03362252 0.03204266 0.39186699 0.27044218 0.67624436]
[0.53853074 0.86479412 0.2339856  0.10649978 0.48751402]
[0.04301372 0.01178959 0.07696369 0.02966338 0.86769988]
[1.08817148e-01 2.94920354e-04 1.38606052e-01 9.71991175e-02
 6.79512937e-01]
[0.37531805 0.54698823 0.41098357 0.44305635 0.62887072]
[0.3513772  0.77181856 0.07784259 0.45462792 0.63473465]
[0.11036846 0.12779488 0.1692892  0.00800061 0.84939322]
[0.06371043 0.00537965 0.21655984 0.2815805  0.6727906 ]
[0.15904159 0.79599425 0.48040526 0.16709404 0.49543103]
[0.32826543 0.00765018 0.42803098 0.3020874  0.61862881]
[0.29063572 0.08290021 0.5185953  0.21208732 0.61461059]
[0.13094955 0.15378091 0.26354036 0.95744563 0.36931207]
[0.05367644 0.10545462 0.24138813 0.47243894 0.66575842]
[0.11219504 0.01082816 0.04726707 0.23175207 0.74120749]
[0.14393921 0.25617314 0.06555482 0.97179293 0.53512324]
[-4.72117401e-05  2.13507167e-01  2.63859362e-01  9.58606926e-01
  3.65812730e-01]
[0.33541753 0.05639921 0.16989708 0.00687214 0.90252925]
[0.19161623 0.31070806 0.08066334 0.55796388 0.63411669]
[0.01017462 0.00103054 0.1805179  0.23734928 0.81896754]
[0.08505302 0.17448425 0.47336355 0.35678424 0.6204353 ]
[0.38180449 0.28531876 0.81681795 0.21357956 0.20362137]
[0.09103901 0.19979616 0.01870429 0.04558659 0.85416675]
[0.09718301 0.0206421  0.07975993 0.30601267 0.67444015]
[0.05959459 0.04852469 0.19609482 0.05710086 0.79974309]
[0.45142587 0.35919848 0.05477376 0.78306233 0.54496499]
[ 9.68386311e-03 -4.10867596e-04  6.63025164e-02  7.74341516e-01
  7.76670595e-01]
[0.13885863 0.40265597 0.58892565 0.21161583 0.64427938]
[0.1678889  0.02296973 0.04030978 0.50478679 0.72166868]
[0.04391312 0.36182511 0.13061385 0.0209038  0.82271856]
[0.15155684 0.11510068 0.66026506 0.71618174 0.40723503]
[0.06956486 0.06203293 0.3225986  0.94787748 0.42066325]
[0.04482725 0.03878707 0.0739123  0.19586872 0.76302559]
[ 4.79882206e-02 -3.77348364e-04  2.39720360e-01  8.59844338e-02
  8.05374317e-01]
[0.21748771 1.08842527 0.16574492 0.18872326 0.55874186]
[0.23256972 0.59475998 0.73909716 0.16411073 0.30516916]
[0.01890637 0.00362476 0.12227277 0.2508076  0.80162523]
[0.50881841 0.58989123 0.0856839  0.02203517 0.74598815]
[0.11956618 0.087605   0.04748316 0.47698435 0.71014933]
[0.09849056 0.11089567 0.03861238 0.13579418 0.83512249]
[0.00106632 0.00140517 0.05006388 0.41561183 0.80443026]
[0.38222378 0.42853225 0.16607236 0.74111274 0.33443768]
[0.01554261 0.00132602 0.01344846 0.0817932  0.92704177]
[0.00573071 0.01907429 0.04078205 0.05342033 0.81923901]
[0.51363594 0.09293812 0.16296618 0.80003309 0.34860068]
[1.21903201e-01 3.82736562e-04 1.04383598e-01 1.32226009e-01
 6.66715092e-01]
[0.10822025 0.09345133 0.06665811 0.11255505 0.65383107]
[0.404076   0.32030931 0.22488187 0.77620695 0.34678077]
[0.30987025 0.3473331  0.13463912 0.82758492 0.34198521]
[0.00730061 0.13607188 0.14877168 0.02056749 0.8371839 ]
[0.00272252 0.06243383 0.0824191  0.06557065 0.69918882]
[0.0031417  0.00417953 0.12411746 0.16746866 0.86712887]
[0.06990359 0.09341742 0.13781444 0.01865792 0.83618418]
