[0.10245848 0.07043888 0.59770743 0.32399337 0.20044871]
[0.29585364 0.24440433 0.67644518 0.02029581 0.00590157]
[0.43174243 0.0805818  0.12781825 0.80045642 0.00226169]
[0.09186496 0.03015218 0.45293107 0.05267312 0.46582227]
[0.1686822  0.17027825 0.53705109 0.4110306  0.03274136]
[0.20284135 0.23175315 0.35488853 0.02514643 0.47362473]
[0.05319927 0.13204526 0.26565236 0.68154402 0.04184105]
[0.09169628 0.27310611 0.02508592 0.15153226 0.54174326]
[0.05599155 0.87614642 0.04982965 0.17240024 0.16271495]
[0.0122065  0.02587814 0.2417659  0.70357865 0.06398809]
[0.40701619 0.20298948 0.41840664 0.36632418 0.24995563]
[0.0536781  0.91004799 0.28412267 0.02533491 0.03532626]
[0.02627775 0.07050763 0.05028076 0.00670453 0.58709289]
[0.65008495 0.0704919  0.14903759 0.53914437 0.03148915]
[0.06584245 0.04539848 0.05137383 0.06032424 0.57179298]
[7.32046330e-03 4.64568619e-04 6.13119143e-01 1.67597526e-01
 2.72921507e-01]
[0.04373653 0.03350468 0.69230113 0.01868319 0.05176085]
[0.45584789 0.47811145 0.02900047 0.02823661 0.52841313]
[0.01787789 0.02550578 0.12567618 0.69005993 0.051491  ]
[0.01737768 0.00187747 0.75562183 0.01948696 0.14752641]
[0.05819096 0.16568184 0.60011962 0.34893448 0.02216995]
[0.45793937 0.11875615 0.27379495 0.01139391 0.47610321]
[0.00225877 0.01411702 0.06067575 0.817775   0.00375589]
[0.19863114 0.49434964 0.11597939 0.29001536 0.32523296]
[ 8.60875722e-01  9.62320830e-02  1.18162049e-02 -8.27961095e-04
  3.34650212e-02]
[0.09943521 0.00129692 0.44130373 0.05977515 0.42484956]
[0.1640492  0.17351448 0.57334399 0.31889156 0.20067811]
[0.07618774 0.48853114 0.61806964 0.08464396 0.05711741]
[0.01423598 0.86569991 0.06321779 0.18122045 0.05632677]
[2.98611972e-01 7.19661352e-01 2.83976284e-01 1.74473363e-01
 1.36986920e-04]
[3.04727944e-04 2.28085212e-02 7.17256442e-01 1.36367601e-01
 4.33936697e-03]
[0.00135458 0.0016022  0.43354633 0.42750206 0.34816791]
[0.68489219 0.09093887 0.32373706 0.27192177 0.0090749 ]
[0.00784563 0.27834654 0.00609854 0.66193142 0.05052435]
[0.55463488 0.00140664 0.21181488 0.3942566  0.01645573]
[0.00858291 0.01123829 0.48125697 0.66541101 0.06548793]
[0.01502126 0.03566306 0.06231196 0.68183812 0.28994183]
[0.37534505 0.06771353 0.01248134 0.14830725 0.52788661]
[2.44426490e-02 6.56107510e-03 1.61580811e-01 8.02638973e-01
 3.93815709e-04]
[0.04645296 0.26144206 0.18875624 0.71183869 0.00632891]
[0.09485895 0.22870656 0.07111725 0.76930635 0.00319184]
[0.53668846 0.44632803 0.0171061  0.32272978 0.14834235]
[0.02537425 0.00291453 0.00822842 0.60696157 0.42132591]
[0.03317062 0.16714294 0.20256893 0.70878524 0.00376777]
[0.24061014 0.38778977 0.09582633 0.09954263 0.45690494]
[0.13369269 0.19304431 0.53972924 0.36255495 0.29866207]
[0.36902303 0.30674506 0.00662912 0.23490113 0.49745978]
[0.07998574 0.05547634 0.06246047 0.00474622 0.5716792 ]
[4.88742349e-01 1.02678764e+00 2.97895786e-02 8.25915355e-02
 6.85241124e-04]
[0.07307795 0.09513198 0.24545185 0.07048932 0.52230803]
[1.79431616e-04 4.83167679e-01 9.77988050e-02 2.33713189e-01
 4.75877447e-01]
[0.03480731 0.4667065  0.02964959 0.5336684  0.30541107]
[0.29173299 0.05114267 0.47443124 0.0743987  0.30742815]
[0.01958557 0.63933809 0.47237292 0.11863018 0.12516435]
[1.00287475e-03 2.93981106e-04 2.48363779e-01 7.02248812e-01
 2.48976335e-02]
[0.62139359 0.10503076 0.39236081 0.16530283 0.01197901]
[0.00645107 0.00698193 0.36817997 0.14420955 0.45461104]
[0.07287767 0.07606324 0.50019839 0.63065732 0.00843926]
[0.62999852 0.57928993 0.06318285 0.0585102  0.00176818]
[0.12560101 0.30316806 0.65000958 0.04253208 0.09035506]
[0.02035193 0.15951269 0.55158927 0.36698929 0.34185411]
[ 1.49275784e-01  1.70409275e-01  6.40328446e-01 -2.03268707e-04
  2.76715506e-01]
[0.03898769 0.07191579 0.01728972 0.00614052 0.60603672]
[0.34854327 0.18403455 0.51543588 0.1685708  0.21747395]
[ 1.11345768e-03  1.68259150e-03 -5.41591173e-05  7.60758335e-01
  9.46451005e-02]
[0.15142364 0.01358006 0.03505865 0.56478482 0.33937755]
[0.01506497 0.64883055 0.47706124 0.03598123 0.13548205]
[0.03041422 0.57700352 0.49244789 0.05336957 0.02410051]
[0.22491829 1.0047576  0.00896497 0.08571283 0.0992396 ]
[0.01883339 0.01908089 0.55826519 0.32362905 0.22175712]
[0.0425933  0.26008326 0.18063561 0.32543718 0.46523688]
[0.59913362 0.11159834 0.08448556 0.4257514  0.05284682]
[0.26292622 0.38842019 0.03918929 0.4872088  0.1972368 ]
[0.42253128 0.06431036 0.1259451  0.29355574 0.37343986]
[0.25702351 0.08770941 0.44121082 0.02671194 0.46914046]
[0.35414311 0.66647718 0.00482012 0.50316299 0.10334893]
[6.77131289e-01 3.66474618e-04 5.86091285e-02 5.51056253e-01
 7.23569265e-03]
[0.01674579 0.04746148 0.1372969  0.26539948 0.52967651]
[0.63312953 0.02208415 0.05710728 0.19809589 0.18775144]
[0.00068964 0.02001199 0.55491287 0.28965144 0.37011862]
[0.02333112 0.39683475 0.11780371 0.70273589 0.03420542]
[0.01592815 0.10796174 0.17219837 0.54790601 0.33867446]
[0.10092489 0.08592531 0.60310249 0.34366732 0.0917271 ]
[0.00688196 0.00182161 0.67666802 0.0560181  0.07609236]
[0.2188534  0.54005649 0.40505219 0.05713292 0.18537844]
[0.0275044  0.02567158 0.46412935 0.3304329  0.41655904]
[6.21968771e-05 1.62459083e-02 1.76451122e-01 4.62716567e-01
 3.83241410e-01]
[ 2.30513509e-05 -1.86683918e-04 -1.50430643e-05 -2.04965228e-03
  8.22258919e-01]
[0.19755435 0.02620039 0.5741171  0.0827376  0.34580402]
[0.76952539 0.1455883  0.1630352  0.09566696 0.03652562]
[0.04829222 0.09436091 0.00599242 0.98518396 0.01201459]
[0.7316846  0.06043503 0.07584002 0.09880563 0.24025076]
[0.00300802 0.13235935 0.29976855 0.5974347  0.24677146]
[0.07980134 0.18829102 0.15526542 0.59693735 0.17605889]
[0.00545544 0.02847594 0.43995843 0.46374495 0.2362774 ]
[0.01676696 0.1770209  0.00698488 0.4579686  0.54589308]
[0.08979672 0.16941576 0.50975629 0.4024018  0.04988694]
[0.03950855 0.52028538 0.37319542 0.28066739 0.28872469]
[0.62558892 0.00623193 0.00522319 0.43193279 0.0771662 ]
[0.04514964 0.04600364 0.0140276  0.65672382 0.32168017]
[0.00919616 0.00782802 0.23639813 0.55016091 0.35105698]
[3.72787154e-03 1.71638246e-04 5.25465253e-01 6.17273806e-02
 4.42389192e-01]
[0.02509508 0.01601144 0.64042502 0.15121995 0.39945586]
[0.07683219 0.05926278 0.35459193 0.2876693  0.5034801 ]
[0.7096046  0.03085418 0.2848701  0.15688047 0.01513319]
[0.11045421 0.56055972 0.40605201 0.45516623 0.006403  ]
[-1.23565984e-04  1.51363169e-03  7.23487360e-01  2.92148888e-02
  3.93177257e-01]
[0.03792321 0.0915274  0.19706561 0.6644084  0.12060639]
[0.75553796 0.12238435 0.5545308  0.03479006 0.00688576]
[0.01971784 0.09914565 0.23137973 0.70729758 0.00375903]
[0.01179417 0.01668749 0.06278799 0.51093785 0.40564442]
[0.51426267 0.04738512 0.2654893  0.0768097  0.44174607]
[0.00967133 0.37089387 0.58103864 0.10612824 0.20877063]
[0.0826137  0.46468907 0.33519671 0.57854153 0.00640603]
[0.10400856 0.56329425 0.02007013 0.11250644 0.55717086]
[0.74821436 0.78158359 0.12994965 0.04786186 0.02665186]
[0.11927263 0.25518476 0.03809657 0.5881648  0.26056603]
[ 1.82876987e-03 -3.32831088e-04  1.22865113e-03  7.74678404e-01
  1.41189586e-02]
[0.45014119 0.00855668 0.33282946 0.43524445 0.22692999]
[0.11823405 0.09210786 0.48038974 0.05399902 0.42436381]
[-2.21388184e-05  1.38033776e-04  1.02499116e-02  6.81601961e-01
  3.29198890e-01]
[0.09475608 0.08283272 0.46756814 0.50528169 0.1057692 ]
[0.00139982 0.43164521 0.50252519 0.4688838  0.17357882]
[0.06537029 0.18398291 0.65606077 0.2190936  0.03648599]
[0.05367064 0.1297274  0.66173431 0.03654313 0.08663877]
[0.13438752 0.62219615 0.01365298 0.40821757 0.27502805]
[0.51642773 0.14594637 0.07613887 0.01337473 0.48360832]
[0.00566948 0.00116316 0.84198498 0.15589339 0.053619  ]
[0.08999348 0.01090987 0.16176932 0.26239097 0.52710041]
[0.08083161 0.06964014 0.485559   0.52638375 0.09723903]
[0.09753906 0.23111959 0.7576276  0.02438827 0.03709227]
[0.01854233 0.01756029 0.34256072 0.67221482 0.02995058]
[0.01351385 0.00540357 0.72343936 0.46873088 0.02916832]
[0.00746229 0.00538697 0.34225123 0.4111659  0.50591299]
[0.26841952 0.2043293  0.4127731  0.01605743 0.37502699]
[0.56976041 0.2499193  0.29186362 0.0117231  0.14703711]
[1.88535143e-01 4.07377689e-01 1.85108349e-04 7.35563813e-01
 2.70553630e-01]
[0.23506549 0.26849897 0.46916262 0.49118882 0.04092146]
[0.00175726 0.00106007 0.07147644 0.63695618 0.23484512]
[0.79521877 0.01187332 0.1819824  0.24488578 0.02955067]
[0.38337163 0.03529442 0.08850805 0.47857973 0.35027507]
[ 2.75505381e-03 -1.67412799e-04  1.86357589e-03  4.91410020e-01
  4.59948072e-01]
[0.32136545 0.75500727 0.00845232 0.04124482 0.29486859]
[0.0030323  0.00187823 0.43029112 0.62798001 0.08266358]
[-1.62720421e-04 -6.11523767e-04  2.35307309e-04  3.78717754e-02
  6.54864229e-01]
[0.01519065 0.0368108  0.16564662 0.67399115 0.11999512]
[0.00287077 0.01504004 0.08947975 0.47292842 0.47835158]
[0.42673505 0.04308478 0.55985608 0.03901486 0.07222864]
[2.87482692e-01 2.74079151e-02 8.33091628e-01 2.07116737e-01
 5.38565316e-04]
[0.02321262 0.11615103 0.44982786 0.48393842 0.14788159]
[0.07481435 0.08110592 0.267642   0.01298484 0.52063456]
[0.01426667 0.00434596 0.49627105 0.0255687  0.46016005]
[0.32121537 0.08685968 0.57995067 0.01060516 0.20598314]
[0.58067993 0.04790169 0.01437865 0.07568898 0.43131122]
[0.06631278 0.40468133 0.29314823 0.52748888 0.28590138]
[9.16302439e-04 9.86808911e-06 6.01543515e-01 9.52314981e-02
 5.61752582e-01]
[0.00268428 0.78523514 0.193773   0.38093622 0.17214555]
[0.00349756 0.00099534 0.84191958 0.02487665 0.3502837 ]
[0.00457502 0.02928361 0.65889565 0.03898717 0.00556832]
[0.05637131 0.01195314 0.59303257 0.19267907 0.20192881]
[0.04714422 0.61615285 0.4488007  0.27691618 0.00271807]
[0.03261336 0.09382312 0.39331602 0.21255192 0.42355391]
[0.02584947 0.9783859  0.05935266 0.21365771 0.00136675]
[ 1.12004505e-01  1.23870589e-01 -4.89905870e-05  6.34295544e-02
  7.36829507e-01]
[0.02900944 0.35979722 0.43646409 0.30371784 0.27734421]
[ 0.53403652  0.49581562  0.42819045 -0.00205091  0.03394816]
[0.35313008 0.7585754  0.00553568 0.29756196 0.00717718]
[0.41159333 0.07269174 0.76338963 0.03413916 0.00196058]
[0.53939416 0.12183938 0.00764552 0.02164304 0.55048406]
[0.05934049 0.13050839 0.01228575 0.02692655 0.57114685]
[0.00317636 0.01802691 0.58206316 0.68768608 0.05026546]
[0.04727838 0.1200774  0.2348136  0.60477329 0.28484486]
[0.19639533 0.02450649 0.04071159 0.28088623 0.55648683]
[0.06121132 0.33528889 0.02890403 0.38147543 0.45066822]
[0.03530538 0.05672972 0.26163078 0.07088986 0.5251903 ]
[0.04855151 0.94132952 0.00310415 0.05513012 0.23737948]
[0.15634371 0.37297812 0.54875603 0.19259549 0.0859056 ]
[0.12660176 0.06277679 0.59491626 0.38024802 0.10834688]
[0.53344652 0.00217745 0.2638219  0.45750298 0.23825144]
[0.08839781 0.22525327 0.35406446 0.59662224 0.143998  ]
[0.18330032 0.70264844 0.42785207 0.1052775  0.00444445]
[0.17015344 0.14585421 0.4907451  0.46269121 0.22820873]
[0.02247728 0.00213602 0.25074728 0.09084538 0.5613379 ]
[0.05769361 0.08428537 0.40653587 0.56325868 0.05164386]
[9.88266877e-02 2.52831089e-01 7.47843341e-01 1.08549168e-01
 5.41895249e-04]
[0.08442688 0.12296782 0.7554934  0.01287431 0.05733947]
[0.21640132 0.66091525 0.02760353 0.45856067 0.01837632]
[0.25056633 0.23802979 0.57869922 0.17793457 0.21264394]
[0.0114583  0.73876681 0.39453579 0.23326092 0.08640098]
[ 2.00718417e-04 -6.70206114e-05  3.36839497e-01  5.52796723e-01
  2.01614835e-01]
[-6.11007727e-05 -4.99497702e-04  1.44947397e-02  7.01746722e-01
  2.38404640e-01]
[0.1249725  0.18674636 0.37597459 0.37992913 0.4123157 ]
[0.0009492  0.00262444 0.01049924 0.31748235 0.54477027]
[-9.72674695e-05 -5.04408161e-04  6.42731000e-01  7.89889606e-02
  2.03904329e-01]
[0.27663256 0.52103007 0.00421342 0.21036262 0.44360883]
[0.01712387 0.00261938 0.01371875 0.39963267 0.45411482]
[0.00461126 0.01740323 0.18804183 0.26558778 0.54397932]
[0.02694334 0.33427813 0.39085815 0.27517814 0.30615223]
[0.08254958 0.12080571 0.31154546 0.55099928 0.20499687]
[0.06768332 0.42645975 0.28434966 0.26384522 0.43699316]
[0.20356474 0.19386849 0.43792852 0.13263157 0.48078002]
[0.6793879  0.15361017 0.00964343 0.07020368 0.32043637]
[0.41454754 0.03025663 0.24006955 0.64104565 0.00175615]
[0.00954295 0.01066415 0.4637231  0.02637468 0.49495426]
[0.09224945 0.47392638 0.04487184 0.30719756 0.38949282]
[0.18764768 0.37245795 0.47062597 0.01465217 0.24634291]
[0.56481378 0.0023414  0.13162078 0.44025274 0.22929484]
[ 4.67985951e-05 -2.92946123e-04  3.44583609e-01  6.77897640e-01
  2.36546954e-01]
[0.0267429  0.15844397 0.65634933 0.37880361 0.00354854]
[0.50596292 0.05109782 0.01829157 0.60128254 0.15434206]
[0.10960341 0.10971132 0.5492035  0.401722   0.25262635]
[0.58456308 0.68141516 0.16774393 0.01515031 0.0224258 ]
[0.00441817 0.38185293 0.25803062 0.60194696 0.01485524]
[0.24899465 0.48571213 0.18891464 0.06929348 0.36971986]
[0.22254522 0.73551859 0.07122437 0.09266585 0.22921939]
[0.45983573 0.18644037 0.59180053 0.01915093 0.14522899]
[0.0302136  0.43158903 0.5153627  0.57307819 0.0005849 ]
[0.05923242 0.14202279 0.58966514 0.20397171 0.19530604]
[0.12341831 0.13642272 0.50812436 0.66060223 0.00300899]
[0.18890364 0.85482036 0.01428435 0.37823698 0.00905227]
[3.27649242e-04 2.80210862e-04 5.16843718e-01 4.29457990e-01
 6.79934378e-02]
[0.27561021 0.03548053 0.35027134 0.48678584 0.30892241]
[0.10259525 0.56136766 0.14759875 0.55859493 0.00178273]
[0.11747546 0.09151382 0.45782068 0.08138506 0.40913063]
[0.62585861 0.08457037 0.38763129 0.04337189 0.33757066]
[0.01766508 0.36843978 0.13177035 0.04610632 0.55334931]
[0.30068794 0.26979264 0.03827986 0.67467362 0.01441443]
[0.05102398 0.04877557 0.12027868 0.33586597 0.51412085]
[0.00152315 0.00793606 0.11742959 0.30641907 0.55741531]
[0.45120792 0.39479476 0.12447393 0.47007381 0.0357597 ]
[3.07665511e-03 1.56564798e-06 5.22159222e-01 1.97007636e-01
 4.65402000e-01]
[0.08107781 0.06620149 0.00622393 0.69522728 0.03437036]
[0.33252098 0.11138422 0.13294445 0.03903724 0.50919799]
[0.01187723 0.04434867 0.58079141 0.47214948 0.00445469]
[0.77508709 0.1206901  0.06395362 0.07066507 0.07993956]
[-1.09591398e-04 -3.04776417e-04  4.16470078e-03  2.46378417e-01
  5.69614505e-01]
[0.10556012 0.22623203 0.60833531 0.04448147 0.10388016]
[0.05999225 0.04564258 0.2671298  0.61689107 0.07211894]
[0.17620075 0.22402002 0.58384869 0.17055152 0.12025322]
[0.73859555 0.0133224  0.12932424 0.02374877 0.04698244]
[9.60480502e-05 2.73026176e-02 8.83326728e-01 1.49446335e-02
 2.43349556e-05]
[0.06094657 0.33360966 0.4069545  0.55670785 0.00614983]
[0.54852407 0.00068552 0.36381565 0.40312998 0.26801056]
[0.31374998 0.24333397 0.01021332 0.14858114 0.5288483 ]
[ 4.03104166e-01  4.63005201e-01  5.15860885e-02 -4.93049499e-04
  5.85565485e-01]
[0.0918626  0.06964481 0.47121466 0.50704641 0.10613845]
[4.73939772e-04 5.86499542e-03 8.95376714e-01 1.39259526e-01
 4.50259330e-02]
[0.56422901 0.01637315 0.13429732 0.3827764  0.03639795]
[ 1.37157613e-04 -1.60315985e-04  4.87949005e-01  5.92038992e-01
  2.39576075e-01]
[2.31560983e-04 2.63776626e-04 5.51854313e-01 4.72794961e-01
 5.49523925e-02]
[0.11681719 0.09099834 0.47464059 0.08441324 0.42290025]
[0.00983532 0.01391041 0.02867527 0.51129005 0.40337759]
[0.10247251 0.14836272 0.54034554 0.3537378  0.29143173]
[0.01258485 0.02414396 0.17522892 0.46218207 0.3828003 ]
[0.0311329  0.3500392  0.40132956 0.7808757  0.00211966]
[0.01188327 0.14585522 0.35564069 0.30222599 0.41977789]
[0.01570185 0.03728818 0.06159063 0.68246145 0.28040927]
[0.37736673 0.05818814 0.49054783 0.01940723 0.44409758]
[0.18503902 0.47363679 0.01404115 0.59314446 0.26272589]
[0.36032172 0.03135625 0.01757842 0.3688403  0.53402482]
[0.45111635 0.39316629 0.13012627 0.47048494 0.03579119]
[0.05800281 0.00901512 0.82375231 0.02262994 0.0616437 ]
[ 1.85016790e-04 -2.61513952e-04  2.15761551e-02  8.46647130e-01
  3.61519255e-02]
[0.09394914 0.08101679 0.42687074 0.46380451 0.23625975]
[0.0917885  0.47155958 0.04464777 0.31038798 0.3897421 ]
[7.45714531e-01 7.20433285e-02 5.38381520e-01 1.84393707e-01
 5.34497463e-04]
[0.01602167 0.00734618 0.87987091 0.08021923 0.06306339]
[0.01168307 0.46862882 0.6176513  0.216504   0.08492392]
[0.55306772 0.06046471 0.00088536 0.65082776 0.16789051]
[0.00767335 0.00619101 0.40410149 0.42523489 0.30370394]
[0.01888426 0.04682914 0.62656355 0.15983535 0.38937373]
[0.27672014 0.21212929 0.31317348 0.49524141 0.23939216]
[0.03235778 0.05574992 0.53573355 0.10845757 0.41257895]
[0.77219353 0.12103313 0.06402775 0.07315972 0.23755093]
[0.13254883 0.37365626 0.00603914 0.13907476 0.54010558]
[0.13808441 0.11929469 0.46152549 0.39868121 0.23761925]
[4.14117416e-01 3.21273446e-04 8.66285918e-02 5.51049901e-01
 2.52083073e-02]
[ 8.71116517e-04  4.55005172e-03  5.15425619e-02  8.72811614e-01
 -2.55286720e-04]
[0.06989859 0.02434768 0.03958684 1.03699917 0.00277558]
[0.05554486 0.00211629 0.01248492 0.59176267 0.36226775]
[0.118597   0.06390478 0.62651401 0.35709022 0.02931798]
[ 1.47798649e-04 -2.84934114e-04  1.36596808e-02  6.61595835e-01
  3.15133987e-01]
[0.02732108 0.13771108 0.21765464 0.70890729 0.00376848]
[0.95316197 0.09421166 0.00994613 0.05587128 0.06318499]
[0.03821771 0.39219099 0.17736336 0.64403467 0.02649227]
[0.11610983 0.63571128 0.05480422 0.13553289 0.31452006]
[0.24168651 0.22957832 0.55905319 0.40823849 0.02636766]
[0.42351869 0.88085067 0.0356506  0.14728131 0.00942965]
[0.09748222 0.91569882 0.06499798 0.19311432 0.04850304]
[0.05693189 0.77581606 0.27782583 0.03181356 0.23990808]
[0.03876699 0.03636789 0.65303436 0.46578148 0.03533992]
[0.13544772 0.3455804  0.25534445 0.59565948 0.01469638]
[0.36322495 0.26550224 0.4080548  0.4655596  0.00200115]
[0.19739155 0.05950417 0.3722582  0.3834345  0.41144822]
[0.21684592 0.18600631 0.62563638 0.02832994 0.218995  ]
[0.6667056  0.150732   0.12819882 0.06545183 0.32066805]
[0.79865801 0.0021338  0.1727757  0.04696636 0.03172197]
[0.06041464 0.0617458  0.31254652 0.0485521  0.54698861]
[0.61375928 0.42894033 0.28968867 0.05917203 0.00738077]
[0.01261814 0.03817818 0.19494685 0.23681068 0.5502034 ]
[0.05399038 0.51743281 0.00606235 0.73835373 0.01525176]
[0.44442042 0.05273414 0.07347345 0.15183254 0.43835723]
[-1.55674243e-04 -6.05297286e-04  7.14165979e-04 -1.93853748e-03
  7.05927137e-01]
[ 1.44378973e-02  7.17868844e-02  7.23638643e-01  4.68472246e-01
 -2.55222748e-04]
[9.29618740e-04 3.57367325e-02 4.09944411e-01 6.95446128e-01
 5.04129266e-04]
[0.24587633 0.06885918 0.4353317  0.04572471 0.48875433]
[0.09271385 0.21926646 0.64936159 0.02010396 0.28250916]
[0.03778878 0.13022159 0.66212444 0.03651581 0.08596119]
[0.03214461 0.00267109 0.5199298  0.56396901 0.03825535]
[0.08903039 0.0107868  0.16004078 0.26391154 0.5272889 ]
[0.71378249 0.11848449 0.55025459 0.0470999  0.01197912]
[0.0218698  0.06459326 0.26107742 0.66500487 0.04324755]
[0.62539592 0.10707271 0.33574177 0.01287387 0.03888594]
[0.59210036 0.02213789 0.0344738  0.02672516 0.37953219]
[0.10110023 0.14732423 0.54606969 0.42604955 0.05288392]
[0.02079848 0.04443989 0.20396538 0.51498368 0.31483391]
[0.04948673 0.12560333 0.2455966  0.55659953 0.25612767]
[0.16544686 0.42404562 0.03316429 0.53252305 0.27844985]
[ 6.42453976e-05 -9.55127496e-05  7.85369265e-03  7.96555918e-01
  1.81267720e-02]
[1.43201773e-03 3.04877409e-04 8.87038993e-01 1.41445262e-01
 7.22440159e-02]
[0.21887106 0.47849575 0.66980232 0.03693406 0.00288431]
[0.43513637 0.0765737  0.37746944 0.17875385 0.36735599]
[0.10535731 0.54500445 0.10931479 0.49404998 0.25167302]
[0.6741673  0.00933518 0.01509345 0.45708478 0.04196822]
[0.07068075 0.47715595 0.0625106  0.30812027 0.38804122]
[0.00972628 0.00431735 0.25705063 0.42310018 0.50640072]
[0.1808277  0.45002394 0.37582252 0.1470963  0.36024376]
[0.00148494 0.03383892 0.3888819  0.65960914 0.04943173]
[0.07625747 0.18935931 0.38045032 0.58154221 0.0405171 ]
[0.0176797  0.2574782  0.77930034 0.02430807 0.03811115]
[0.00374356 0.01923338 0.00750934 0.68835363 0.17806684]
[1.77484119e-01 4.28091938e-01 1.32999230e-01 6.92007921e-01
 4.99634896e-04]
[0.18382888 0.70467446 0.42908482 0.08155497 0.00443901]
[0.0894695  0.08947667 0.6016495  0.32222017 0.20161273]
[0.48942819 0.06487969 0.60604994 0.01954116 0.14789703]
[ 2.68144586e-03 -3.66333034e-04  5.01299661e-01  3.58478301e-01
  4.28913374e-01]
[0.08487871 0.06298428 0.43463663 0.03319573 0.51393976]
[0.15214718 0.75889203 0.06609448 0.16370673 0.14691824]
[0.63844594 0.25897804 0.31853926 0.26752212 0.00892268]
[0.05587848 0.04136568 0.24679597 0.6741568  0.07716048]
[0.35963111 0.29892621 0.01072229 0.2163965  0.47621089]
[0.34186285 0.09642809 0.62191088 0.02328349 0.04754024]
[1.19768604e-03 4.51261972e-04 2.58204279e-02 5.30330704e-01
 3.89757275e-01]
[5.70937524e-04 2.24427403e-03 9.11188878e-01 3.95461457e-04
 4.46494711e-01]
[0.11892648 0.30310693 0.47612621 0.47383954 0.03843396]
[0.05885616 0.14129428 0.57896434 0.01893832 0.45480435]
[0.01287527 0.15468478 0.39065737 0.25714953 0.42292481]
[0.06327368 0.15681329 0.63154442 0.17632453 0.21073917]
[0.15075253 0.86611324 0.06220595 0.18473367 0.04640381]
[-6.06436678e-05 -6.06402916e-04  3.55221813e-03  3.77947668e-02
  6.56349779e-01]
[0.07270605 0.69265067 0.50423495 0.31607109 0.00204863]
[0.89019771 0.00848503 0.01886332 0.26364535 0.00522712]
[ 3.01769599e-02 -2.11967821e-04  9.40650006e-01  1.60559380e-02
 -7.23493585e-05]
[0.00174077 0.00394529 0.11765202 0.36413702 0.52032329]
[0.00118029 0.00158078 0.00978125 0.53170409 0.52333196]
[0.00377031 0.2849755  0.06455114 0.63383482 0.04529229]
[0.81279698 0.11830116 0.01358133 0.46880151 0.06819373]
[0.00403335 0.1796834  0.27604374 0.58626457 0.24216657]
[0.3814314  0.05211726 0.5770627  0.19300543 0.09264577]
[0.01354891 0.03816978 0.58427281 0.11194346 0.40829473]
[0.45537551 0.18462672 0.59521428 0.01915337 0.14524571]
[0.37413029 0.12828824 0.64238728 0.04779974 0.01591017]
[0.05509229 0.86210784 0.05125084 0.13568103 0.15928893]
[0.01579191 0.01272289 0.04503635 0.2739837  0.52154035]
[0.29001565 0.34250908 0.33501695 0.59737982 0.00191325]
[0.01493839 0.0015042  0.58113021 0.0226463  0.4838455 ]
[0.01091979 0.00943139 0.54273895 0.0417174  0.45528115]
[0.18772333 0.5471997  0.03102236 0.03277998 0.45011052]
[0.18851158 0.32676685 0.7484226  0.00998228 0.03406912]
[0.0997442  0.1056399  0.45256264 0.35273344 0.34215821]
[0.00515737 0.00173022 0.81089157 0.19349206 0.04827332]
[0.07549063 0.02640684 0.04276022 1.03262646 0.00276383]
[0.05716656 0.02974855 0.26740316 0.07250102 0.52295979]
[0.76136555 0.08511719 0.34463152 0.00247024 0.03287522]
[0.72117173 0.10881335 0.49754472 0.07880697 0.00209751]
[0.90144523 0.33200667 0.00124338 0.34912965 0.01741983]
[0.11623494 0.16833731 0.62187501 0.40698319 0.01719842]
[0.11205857 0.57097279 0.4149293  0.44416883 0.00643713]
[0.72186728 0.00980226 0.01972037 0.1214859  0.28419603]
[0.13062523 0.01590846 0.03269703 0.59657799 0.35471142]
[5.02535235e-03 2.34370918e-02 4.74474662e-04 5.83888893e-01
 4.32341863e-01]
[0.10105787 0.82292641 0.55438554 0.03942172 0.00767935]
[0.01266702 0.011077   0.76450176 0.05747039 0.06923309]
[0.37510044 0.1298651  0.64447901 0.04000738 0.00846269]
[2.58515657e-05 2.24005457e-04 9.24328589e-03 7.32449323e-01
 2.62455998e-01]
[0.27131189 0.68623265 0.31844211 0.26314617 0.00878509]
[-1.23840252e-04 -4.32647530e-04  2.61825828e-02  6.18448183e-01
  5.14013666e-01]
[3.57438399e-03 9.55822864e-05 6.02207035e-01 6.52818160e-02
 5.05742663e-01]
[1.88609990e-04 1.34187517e-02 3.77234375e-01 4.22604896e-01
 5.10007047e-01]
[0.1657939  0.43084316 0.01629999 0.52818414 0.31642846]
[0.01189431 0.01084634 0.66191181 0.47247385 0.03577759]
[0.02438293 0.46438791 0.30729221 0.70394891 0.01223223]
[ 6.54841413e-03 -2.87235265e-05  2.52222045e-01  6.29207767e-01
  3.47547848e-01]
[0.39961849 0.31025022 0.00451158 0.35346139 0.53508798]
[6.85608362e-01 5.32626045e-01 4.71971273e-04 1.42274489e-01
 8.49163991e-02]
[0.37729168 0.01641119 0.22205966 0.58122218 0.02660544]
[0.07066694 0.46461987 0.06677889 0.31975665 0.38784233]
[0.00213689 0.0025118  0.472964   0.65370014 0.09149443]
[0.21185079 0.05925212 0.37512257 0.1538757  0.44551664]
[0.31418506 0.10677528 0.5794895  0.03972186 0.20593194]
[0.36078579 0.0313974  0.00414191 0.36882916 0.53400877]
[6.78007122e-03 3.49519703e-04 7.25495441e-01 1.72245085e-01
 1.14116355e-02]
[0.05555949 0.16215389 0.63721    0.1779255  0.2126332 ]
[0.25003877 0.0557879  0.42663298 0.02563552 0.52012823]
[0.01283156 0.24494092 0.38508451 0.61859748 0.02636618]
[0.02342713 0.30614667 0.36717647 0.52587227 0.00961615]
[5.97327754e-01 4.63982103e-01 4.04155414e-04 5.29296122e-01
 9.22784638e-02]
[0.04545865 0.05015307 0.18787818 0.24294634 0.56039064]
[0.01362084 0.00158888 0.01197036 0.84916099 0.00425839]
[ 1.43728456e-02  7.60080259e-03  4.70389017e-02  8.33041808e-01
 -2.62217020e-04]
[1.55491858e-04 4.50063174e-01 9.11027863e-02 2.17573291e-01
 4.84748832e-01]
[0.25426039 0.02935131 0.55371456 0.36556844 0.05470184]
[0.02787485 0.04844258 0.5555148  0.1123622  0.42715801]
[0.00221094 0.01206723 0.11656016 0.36201026 0.52118473]
[6.49424975e-05 4.13459012e-04 1.24627558e-02 6.57606281e-01
 3.16610891e-01]
[0.07491891 0.23355524 0.95623642 0.00910499 0.00873063]
[-1.42750597e-04 -4.60151275e-04  2.62526354e-05 -5.64767438e-04
  6.70696301e-01]
[0.07544999 0.46038334 0.33112803 0.59848019 0.00092044]
[0.07378236 0.10741833 0.51816643 0.45057095 0.05150846]
[0.131335   0.00400039 0.26091979 0.69097637 0.02473939]
[0.47571349 0.03229235 0.06638904 0.10195159 0.49605814]
[ 1.16818199e-03 -1.93660017e-04  1.01343386e-02  7.52510639e-01
  1.34019326e-02]
[0.08408382 0.45889275 0.30266052 0.80037013 0.00118541]
[0.11847725 0.13208123 0.519841   0.67245926 0.00307012]
[0.79860295 0.06681545 0.4212651  0.11472251 0.0123796 ]
[0.8775488  0.0083558  0.01966133 0.25987753 0.04275268]
[0.63998366 0.10957786 0.48044279 0.00279132 0.03656253]
[0.00308269 0.42642984 0.48704285 0.01925322 0.44476105]
[0.52545191 0.12019811 0.00195041 0.61183066 0.37030066]
[1.23605731e-02 2.19936087e-02 5.43801659e-03 4.53853837e-04
 6.52226600e-01]
[0.1032076  1.19592964 0.00170775 0.05748963 0.13646086]
[0.01929518 0.08981837 0.31430065 0.04883661 0.55006026]
[0.00763903 0.05205745 0.20039899 0.5785197  0.35754626]
[0.00560585 0.03184691 0.37316233 0.61861607 0.04377728]
[0.00929307 0.00910831 0.00057403 0.56965087 0.51796988]
[0.01332043 0.04927271 0.02882305 0.7110072  0.00964715]
[0.03612553 0.59042409 0.03271244 0.11628441 0.51782855]
[0.01721712 0.03734597 0.00205378 0.71811086 0.34900835]
[0.01232389 0.00318565 0.8518739  0.15573777 0.05423509]
[0.585889   0.10849806 0.03302604 0.14449395 0.31206946]
[0.00626731 0.0145949  0.01186472 0.68678089 0.17766034]
[0.01092322 0.00943449 0.54290645 0.02101545 0.4543933 ]
[ 3.18900909e-03 -5.65735408e-04  9.54448270e-02  7.56530237e-01
  6.65838598e-03]
[0.09024509 0.06830366 0.4627081  0.53323418 0.10811149]
[0.07611769 0.77999882 0.35252548 0.03676073 0.02648532]
[2.17522705e-01 4.57595782e-01 3.32276401e-01 6.08862185e-01
 3.31716422e-04]
[0.4814915  0.05960953 0.5966355  0.0223016  0.00519095]
[0.13622799 0.19735495 0.53755179 0.36220547 0.29837548]
[-2.53345517e-05 -5.60097737e-04  8.22062221e-02  1.16790624e+00
  3.17518775e-03]
[0.02644685 0.89355285 0.02108217 0.21781399 0.04159973]
[0.0065242  0.80899164 0.37727771 0.12235737 0.01108692]
[0.47617434 0.82754052 0.00848259 0.08787115 0.06284769]
[ 5.32538704e-02  2.95569178e-02  4.30005889e-02  8.30006845e-01
 -2.62479181e-04]
[ 3.96538447e-03  2.60407801e-03 -7.59445105e-06  8.77220267e-03
  7.24415978e-01]
[0.00383596 0.01420241 0.00824185 0.77779754 0.01056135]
