[0.01444428 0.00581257 0.76226813 0.20811793 0.24713828]
[0.00139991 0.06155238 0.08177777 0.02681644 0.64768121]
[0.0155604  0.17609098 0.42635329 0.88003379 0.01849212]
[0.01726185 0.00130716 0.00502945 0.00432115 0.71661573]
[0.09588811 0.09592739 0.64473414 0.34845052 0.21647829]
[0.36354172 0.06776102 0.27119734 0.83447271 0.0023656 ]
[0.45222901 0.08409279 0.10906944 0.61139275 0.05576048]
[0.04519196 0.04017639 0.24706319 0.71501346 0.12028791]
[0.01517029 0.05046172 0.00165796 0.05365453 0.82044782]
[0.12880309 0.12214023 0.4194733  0.34192631 0.48971813]
[0.08554701 0.20783095 0.10215319 0.75975054 0.16754088]
[5.72587183e-04 9.94058161e-02 5.08808754e-02 2.68117889e-02
 6.47577058e-01]
[0.12689751 0.05610413 0.22693393 0.91211574 0.05049044]
[0.38284653 0.84096385 0.0787206  0.19831251 0.05280423]
[0.04743576 0.09347484 0.00252817 0.9721247  0.42535701]
[0.02913565 0.10517425 0.85401911 0.27839013 0.07871288]
[2.55743542e-04 3.67734543e-02 2.65728848e-02 1.02000028e-01
 6.18009210e-01]
[0.03545585 0.39312137 0.95023442 0.31453805 0.0199415 ]
[0.00834615 0.05060835 0.10769656 0.73154052 0.50981886]
[0.75205011 0.11664815 0.49345557 0.19561241 0.07153528]
[0.01203218 0.05586852 0.00209098 0.75484639 0.52040545]
[0.01034196 0.00108613 0.0104804  0.69377895 0.55880041]
[0.85860032 0.99569045 0.15087186 0.03868461 0.05732665]
[0.06423807 0.14090836 0.01327222 0.03156163 0.60647833]
[0.17292677 0.15503079 0.66759486 0.47138171 0.13493936]
[0.02200255 0.22239403 0.53875374 0.80706665 0.01851365]
[6.39924816e-03 2.97499837e-04 1.78813865e-02 9.91469610e-01
 2.91964665e-01]
[0.00295862 0.1302929  0.20933603 0.83953047 0.11389374]
[0.42774059 0.69322699 0.12550853 0.14238502 0.42299767]
[0.06708848 0.37396253 0.4996628  0.69695663 0.06770422]
[0.0314746  0.00245398 0.78177165 0.11116383 0.38072742]
[0.3174879  0.26262817 0.52956442 0.37046995 0.30172702]
[0.14029878 0.22734611 0.01039587 0.45260606 0.58483128]
[-8.61571151e-05 -1.86497821e-04  5.79036271e-03  2.95884633e-01
  5.94919946e-01]
[0.08065034 0.07205925 0.44022783 0.03353584 0.52054548]
[0.02617057 0.01550496 0.47221392 0.3671858  0.52232491]
[0.64786273 0.00864958 0.42972627 0.47466864 0.31632904]
[0.49271589 0.88687517 0.01538265 0.46070445 0.07505247]
[0.00786744 0.00597253 0.05856887 0.93639388 0.37866742]
[ 5.09493273e-04 -1.37887820e-04  2.61786787e-02  3.44366722e-02
  7.41525688e-01]
[0.10460175 0.20273262 0.08384318 0.54861876 0.45413544]
[0.04496344 0.13030352 0.19114954 1.04518477 0.0632752 ]
[0.09369639 0.06481237 0.073196   0.00321123 0.66844118]
[0.03691907 0.00573981 0.03666149 0.82466882 0.29719035]
[0.00170637 0.02250843 0.02779946 0.02743242 0.58849659]
[ 3.17948329e-03 -8.22728609e-05  1.18067272e-01  9.36083845e-01
  1.21915505e-01]
[0.43174243 0.0805818  0.12781825 0.80045642 0.00226169]
[0.0941518  0.13694464 0.50179727 0.32090583 0.46535154]
[0.26164988 0.17127061 0.15226254 0.70358283 0.05928112]
[0.38107988 0.34219436 0.11953715 0.59400678 0.11902546]
[0.12560101 0.30316806 0.65000958 0.04253208 0.09035506]
[0.56124751 0.00087362 0.09777718 0.73390886 0.29702431]
[0.29640308 0.33563356 0.30601648 0.7972894  0.00235946]
[0.20267912 0.19190264 0.65899857 0.47815576 0.03215475]
[0.45376196 0.24155781 0.16729622 0.05568811 0.53676192]
[0.00488521 0.02444386 0.07232631 1.13864358 0.09745708]
[0.0315535  0.26708185 0.11896655 0.8527613  0.11613489]
[0.03698093 0.07714608 0.11028238 1.09197122 0.01638206]
[0.00764297 0.01334207 0.0034255  0.01753884 0.68696651]
[0.03321982 0.05291117 0.24706558 0.71511313 0.1203029 ]
[0.18772333 0.5471997  0.03102236 0.03277998 0.45011052]
[0.4228798  0.06432703 0.17103478 0.82599271 0.02978872]
[0.00639872 0.00982576 0.00759959 0.00089918 0.74220776]
[0.93213617 0.6970173  0.10338702 0.06492506 0.31233404]
[0.63353857 0.12685078 0.44767167 0.48201439 0.01292958]
[0.00634655 0.03217685 0.14111269 0.97799838 0.08441832]
[0.59725766 0.26200658 0.3917205  0.19348318 0.24104577]
[0.59037076 1.09856605 0.00453751 0.43143987 0.0844473 ]
[0.03549727 0.0212115  0.67590406 0.52887362 0.22907154]
[0.00300385 0.01928005 0.04179186 0.75839452 0.52272526]
[0.00835405 0.02585691 0.10532409 0.28241713 0.53980907]
[0.03373199 0.55725945 0.40653082 0.72414401 0.05289171]
[2.00832322e-02 1.01661070e-04 1.25638574e-01 8.50405148e-01
 9.84129869e-02]
[0.00484615 0.00288472 0.1836323  0.00272833 0.68918441]
[0.55816901 0.00086548 0.10474293 0.73188999 0.30438765]
[1.18745556e-04 8.58130853e-04 2.19821561e-02 1.09700952e+00
 1.84117031e-01]
[0.09999634 0.07585399 0.51286477 0.54898337 0.1152232 ]
[0.16556154 0.09916572 0.38616277 0.45283297 0.48888219]
[0.09858755 0.00090063 0.02034766 0.06286389 0.67105468]
[0.00570331 0.02497447 0.5153195  0.64196018 0.38900636]
[0.77979298 0.14542392 0.18808188 0.09928523 0.05695001]
[0.05813382 0.14219913 0.72686321 0.59137732 0.07833158]
[0.21882421 0.54462484 0.45438568 0.17007274 0.41414244]
[ 2.55177777e-02 -8.78755757e-05  1.42882428e-01  7.22520635e-01
  2.63124626e-01]
[0.12606061 0.01034244 0.25107087 0.66481848 0.31309047]
[0.24168651 0.22957832 0.55905319 0.40823849 0.02636766]
[0.03102567 0.02363093 0.69692139 0.5519852  0.09570264]
[0.02673025 0.00349993 0.39270356 0.60042726 0.41820574]
[0.85410132 0.015501   0.14955261 0.04865711 0.10279669]
[0.53710299 0.04951614 0.2772792  0.08031545 0.46143029]
[0.63983041 0.71763275 0.2779869  0.04281504 0.32712902]
[0.58664361 0.10925978 0.14149189 0.42570919 0.05284156]
[0.34676833 0.6532026  0.00529491 0.25614217 0.55012186]
[0.08151437 0.19466258 0.44748204 0.64406667 0.27167216]
[0.23518879 0.0041883  0.02330452 0.74943984 0.27890347]
[-6.82030740e-05 -5.42228928e-04  3.86331341e-03  4.12399038e-02
  7.12992757e-01]
[0.85059617 0.08491702 0.17679194 0.04889521 0.10048733]
[0.0070687  0.07872469 0.00255016 0.01675578 0.79126287]
[0.01283028 0.04635148 1.04183419 0.33790996 0.09294093]
[0.3803827  0.33259115 0.61995999 0.05492219 0.28373953]
[-1.05211524e-04 -2.82670115e-04  4.46853744e-03  2.64274277e-01
  6.10979447e-01]
[0.11208028 0.11220058 0.56159662 0.41083472 0.25833566]
[0.64650732 0.0705744  0.47623696 0.34653253 0.07855183]
[0.02851332 0.00557133 0.0224578  0.48748375 0.55416955]
[0.01193432 0.00679451 0.49068252 0.40257543 0.54457497]
[0.01600608 0.00595729 0.02108001 0.15716692 0.64710346]
[0.02958103 0.00371897 0.70531261 0.19252271 0.53669569]
[0.00911135 0.02704336 0.11059896 0.28055404 0.54033855]
[0.14153414 0.11035358 0.5211306  0.05962258 0.46396337]
[0.09501179 0.52947135 0.38201019 0.65962755 0.00735748]
[0.02191553 0.18811538 0.00745053 0.48812187 0.58169414]
[0.10082599 0.10088998 0.69092596 0.25004346 0.22184087]
[0.36889634 0.19713164 0.31687677 0.05568316 0.53671592]
[0.02830873 0.386623   0.13853507 0.04858265 0.5817658 ]
[0.74489107 0.56041025 0.04982799 0.10405769 0.07868469]
[0.18961671 0.10018465 0.06998827 0.41676213 0.52875806]
[0.15013392 0.70980715 0.16340557 0.38287184 0.43460233]
[0.06638389 0.05384217 0.0604184  1.0512407  0.00154146]
[0.20929845 0.17377292 0.40611272 0.21202194 0.52884501]
[0.4795697  0.0892119  0.5952107  0.09823451 0.36994021]
[0.17931759 0.11750255 0.15187277 0.90518937 0.00234846]
[0.11661201 0.02720155 0.00707361 0.84743935 0.49144521]
[0.01543839 0.00288594 0.01946496 1.09388116 0.13737724]
[0.00427467 0.00740697 0.00193948 0.02069577 0.68634815]
[0.00838249 0.00217391 0.00595191 0.00468324 0.67970987]
[0.00152515 0.02962938 0.59131095 0.70340896 0.04858854]
[0.59136755 0.04929679 0.08687925 0.80344652 0.08244562]
[0.71326398 0.82327072 0.11914505 0.03207233 0.51569781]
[0.00913511 0.03438361 0.29497951 0.85887715 0.07815865]
[0.39780841 0.81859683 0.08647211 0.2097718  0.24488391]
[0.2277508  0.01833727 0.0233551  1.2298821  0.02725018]
[0.0264709  0.07525179 0.62437943 0.6620484  0.08178494]
[0.15578149 0.01292159 0.31019799 0.65113582 0.31037166]
[0.02114946 0.03521931 0.74565189 0.520389   0.24286511]
[0.70362021 0.52602271 0.06181022 0.14979157 0.1737014 ]
[ 3.39931025e-02 -5.86505668e-04  9.38272724e-03  8.78562226e-01
  9.80098879e-02]
[0.02425112 0.01642571 0.11371811 0.00765646 0.62428231]
[ 1.11978146e-01  1.25601412e-01 -4.89512030e-05  7.25651247e-02
  8.56161842e-01]
[0.18469902 0.01653948 0.43681703 0.64500693 0.38045276]
[0.01927511 0.02513895 0.14739918 0.70879656 0.49536324]
[0.01316228 0.00222169 0.0093074  0.12801867 0.66021592]
[3.98132885e-02 8.34098282e-02 1.02328095e+00 1.01617526e-01
 7.69878327e-04]
[0.02275132 0.03659618 0.1668647  0.51365067 0.53360296]
[-4.36352991e-05  2.19722682e-01  2.56991081e-01  9.48991255e-01
  3.25017973e-03]
[0.01225384 0.02960082 0.22016073 0.76960906 0.14531895]
[ 3.36181496e-05 -3.09864187e-04  1.44446739e-01  1.12912313e-01
  6.59776055e-01]
[0.18067586 0.17151073 0.5882063  0.44760235 0.03741358]
[0.04594057 0.13328409 0.19547464 0.92166075 0.05619717]
[0.02633874 0.26600547 0.51613338 0.77467526 0.01792061]
[0.41528584 0.03828215 0.09587729 0.51858089 0.38182296]
[0.01677059 0.04088368 0.21265288 0.92524625 0.08689935]
[0.34520524 0.00679644 0.45007996 0.68496665 0.08610393]
[0.00376752 0.02307163 0.04983529 0.77473363 0.49805783]
[0.28558077 0.02418546 0.21635511 0.82060734 0.13882743]
[0.67433861 0.6413599  0.10456784 0.27096306 0.03047907]
[8.20629666e-04 2.30195330e-03 1.37709808e-02 3.82342109e-04
 7.21349271e-01]
[0.06584245 0.04539848 0.05137383 0.06032424 0.57179298]
[0.13127753 0.19618595 0.39491995 0.39917931 0.4364096 ]
[0.58757825 0.13141821 0.01218996 0.95714665 0.07743239]
[0.08084192 0.09343285 0.4830676  0.02830414 0.5238545 ]
[6.03413966e-02 3.10211663e-04 7.66747887e-01 1.09296318e-01
 3.77853650e-01]
[0.13145468 0.01081053 0.26180191 0.69331922 0.10133127]
[ 6.14210339e-02 -3.65938150e-04  1.26683077e-02  8.43235331e-02
  6.10718912e-01]
[0.02105247 0.01588068 0.37067145 0.73635486 0.08806882]
[0.78265591 0.13414332 0.46821823 0.0198276  0.05022426]
[0.62206904 0.00233292 0.46825917 0.64835434 0.00860036]
[0.19472778 0.13133026 0.11402991 0.84828454 0.11512147]
[0.08668031 0.07790807 0.5569026  0.06125843 0.47684042]
[0.53150897 0.50433522 0.15173176 0.47000936 0.0355897 ]
[0.01427959 0.05184846 0.42327287 0.85736977 0.06466121]
[0.19117723 0.03420406 0.33037565 0.14243814 0.56436356]
[0.36682888 0.28491518 0.43048293 0.485358   0.00989551]
[0.60966549 0.05032261 0.05718524 0.07996341 0.45950161]
[0.0465015  0.192496   0.75769676 0.01552157 0.59600728]
[0.01008903 0.13249898 0.20656298 0.83431396 0.12919116]
[0.01258485 0.02414396 0.17522892 0.46218207 0.3828003 ]
[0.58682705 0.30289138 0.57844229 0.18478669 0.26293087]
[0.01142478 0.54520764 0.11193558 0.69426136 0.06203008]
[0.03440244 0.54230081 0.49841365 0.27874888 0.44432841]
[0.12738663 0.0872033  0.12542989 0.00267187 0.71270144]
[0.00149698 0.00617017 0.00815205 0.18861529 0.66698212]
[1.36879359e-04 8.80564487e-03 2.53251271e-01 5.92155742e-01
 5.90547499e-01]
[0.00460446 0.00242295 0.1406067  0.03415141 0.66939063]
[0.8045671  0.93802551 0.41606518 0.0386748  0.06481962]
[0.00245233 0.00812008 0.0061707  0.01014753 0.80500305]
[0.30033721 0.05587945 0.22406018 0.8707213  0.00210039]
[0.05864238 0.14937153 0.23509435 0.94318359 0.04933332]
[0.32302467 0.696274   0.06537537 0.56528903 0.35472627]
[0.00759904 0.0155746  0.08115535 0.91135323 0.36399247]
[0.03390056 0.62272254 0.58393046 0.05967179 0.1474875 ]
[0.72776586 0.55548786 0.04844096 0.0832153  0.33715062]
[0.00266519 0.37443431 0.64412964 0.38748746 0.06491769]
[0.01668209 0.0400674  0.92148199 0.13713666 0.31825127]
[0.91770039 0.13364541 0.01534091 0.52957206 0.07704591]
[0.3813042  0.837575   0.07840339 0.2435536  0.05340467]
[ 2.30513509e-05 -1.86683918e-04 -1.50430643e-05 -2.04965228e-03
  8.22258919e-01]
[0.00845159 0.54759392 0.6823063  0.09351477 0.05059127]
[0.05830261 0.30174477 0.82246802 0.543137   0.08022057]
[0.3295251  0.06076941 0.01855525 0.42575957 0.48240638]
[0.01648129 0.00122124 0.00480179 0.00450206 0.69115229]
[0.05585728 0.62699463 0.72297961 0.10418532 0.01245534]
[0.04754055 0.03646477 0.75199907 0.03098944 0.08156919]
[0.40180553 0.07495408 0.186418   0.79279742 0.01075388]
[2.27299268e-02 2.08914528e-04 1.60571986e-01 7.71432296e-01
 2.71029326e-01]
[0.35721008 0.0039435  0.00589028 0.17278616 0.6697045 ]
[0.05299144 0.61470637 0.00215384 0.99884545 0.08229563]
[0.03396659 0.027373   0.01011877 0.55867942 0.46190331]
[0.02228466 0.00318014 0.02927418 0.64585377 0.52224879]
[0.10799357 0.26064024 0.69858605 0.05400362 0.09453474]
[0.03290897 0.00391774 0.67110548 0.18313357 0.43238498]
[0.06729509 0.01207079 0.45574861 0.97370571 0.00436152]
[0.04306034 0.03099884 0.00319575 0.74759095 0.5252628 ]
[0.14203414 0.02184239 0.03492508 0.82514042 0.44510034]
[ 1.19587236e-03 -4.22675958e-04  2.96528298e-02  9.19587729e-01
  4.43724113e-01]
[2.03223082e-04 1.01581582e-03 5.14750461e-01 6.40279485e-01
 3.93962660e-01]
[1.18580092e-04 8.91432258e-04 2.24576275e-02 1.12072506e+00
 1.82060854e-01]
[0.359497   0.30862986 0.29068081 0.73996882 0.20779949]
[0.82720522 0.06062997 0.43607099 0.11457681 0.19163068]
[0.48141885 0.84174259 0.61697516 0.20848557 0.05227247]
[0.80185001 0.48223772 0.20797793 0.09036778 0.31940453]
[0.08835675 0.40501878 0.27460206 0.05449971 0.58795247]
[0.7027282  0.38232146 0.51242866 0.55633091 0.01641151]
[0.33440461 0.32269123 0.02243601 0.27967875 0.66573746]
[0.02289938 0.0710205  0.20175077 0.26061663 0.60081102]
[0.59224391 0.57184377 0.18662474 0.51438845 0.10874597]
[1.67384489e-03 3.67352538e-04 2.35976884e-01 4.78456576e-01
 6.06674961e-01]
[0.82876713 0.61966801 0.09734366 0.08711644 0.35547513]
[0.36157748 0.21717543 0.48622816 0.6538915  0.35996878]
[0.56611009 0.45009453 0.00289798 0.97597066 0.50524025]
[0.13580675 0.09960324 0.05506626 0.99125464 0.28649112]
[0.31441354 0.0309671  0.26975034 0.43887694 0.53206272]
[0.31139845 0.3608546  0.05242868 1.03981643 0.19105559]
[0.20308279 0.01702636 0.15484931 0.58455958 0.49207099]
[0.07703982 0.21685001 0.77734444 0.05592212 0.29366608]
[0.49161059 0.39053555 0.05630285 0.85515518 0.42109223]
[0.02031931 0.20546475 0.4978506  0.73781804 0.09967729]
[0.52748207 0.78019309 0.41147136 0.72302758 0.08843684]
[0.36315659 0.037258   0.12521023 0.8179737  0.32809119]
[0.42400135 0.07636771 0.0594692  0.11749594 0.57871581]
[0.44635878 0.51809549 0.7733261  0.0342695  0.30484714]
[0.09530095 0.06206421 0.05545498 0.25515751 0.5950092 ]
[0.50572812 0.79780216 0.31784582 0.10586828 0.34236616]
[0.45650227 0.1017221  0.56526601 0.65637886 0.122533  ]
[0.05084594 0.02034923 0.60669664 0.05940604 0.62579172]
[0.29359287 0.86749431 0.34382712 0.14804791 0.0984452 ]
[3.71376153e-04 1.75182282e-04 9.50504355e-02 1.26444126e-01
 7.64011881e-01]
[0.00198531 0.00102133 0.17606764 0.27336331 0.63457247]
[0.2895954  0.0968219  0.01254053 0.70120552 0.52050734]
[0.61711112 0.49467054 0.15837577 0.40578168 0.33502458]
[0.36413115 0.4928481  0.03164084 0.06533445 0.52390217]
[0.16128528 0.80722035 0.16879613 0.15490787 0.42180444]
[0.0096325  0.46083999 0.49378261 0.64906427 0.29107304]
[0.47198012 0.01763176 0.61362287 0.42031625 0.31442507]
[0.050461   0.14506469 0.85922187 0.14300042 0.29936689]
[0.04711205 0.13911364 0.82453949 0.14802955 0.09843311]
[0.65955593 0.36529451 0.34995531 0.17826111 0.38988095]
[0.07557543 0.18151631 0.39000095 0.75740963 0.11068742]
[0.372559   0.30149147 0.20879381 0.708861   0.31680005]
[0.03364094 0.19079178 0.20091816 0.72915896 0.30812292]
[0.10803378 0.01273245 0.09293257 0.5759089  0.52843119]
[0.4705306  0.36559556 0.28265266 0.48022951 0.09272657]
[0.30436369 0.00320677 0.39017863 0.27654812 0.56874393]
[0.01260832 0.01631223 0.433513   0.74189392 0.41114686]
[0.10150614 0.00691425 0.90826781 0.11278875 0.15999488]
[0.25595721 0.03031585 0.12174041 0.00461276 0.67642329]
[0.38147262 0.20882535 0.34472398 0.66027801 0.19497616]
[0.43193015 0.21542318 0.46879627 0.08322155 0.52807721]
[0.20906041 0.03856335 0.15731983 0.34885769 0.56518171]
[0.00825963 0.03773956 0.77041857 0.44265352 0.42891712]
[0.16047931 0.33562847 0.46351751 0.83556404 0.03989638]
[0.18372986 0.3563064  0.1472063  0.04229519 0.61618365]
[0.25077901 0.0896391  0.34202102 0.91362915 0.04983395]
[0.05081011 0.10145049 0.05205617 1.13092672 0.14136453]
[0.08322698 0.10789582 0.26317565 0.60859456 0.39153078]
[0.14572151 0.2178108  0.43832121 0.44327889 0.49508178]
[0.03036421 0.02889412 0.35407798 0.24415885 0.61100172]
[0.00108474 0.09989371 0.09183792 0.82248786 0.50239645]
[0.16116988 0.31265216 0.12918134 0.05693346 0.61298788]
[0.18937822 0.3406879  0.00588194 0.17254055 0.71294509]
[0.44694682 0.08757117 0.33480113 0.79321813 0.114806  ]
[0.51301934 0.25599313 0.52631205 0.45715199 0.27335429]
[0.38998884 0.95916646 0.10625546 0.6970043  0.08974601]
[0.00485806 0.2360931  0.57608159 0.63473112 0.28465759]
[0.47233099 0.85017029 0.37936512 0.47752709 0.09717769]
[0.37272717 0.4129709  0.39722592 0.04265331 0.49294005]
[0.67418677 0.29167595 0.2942747  0.19995191 0.21223252]
[0.03082242 0.14502523 0.04415426 0.42537106 0.62244625]
[0.17547386 0.01251517 0.00200424 0.21577724 0.72079884]
[0.220496   0.298289   0.01914401 0.43952071 0.51457244]
[0.03429781 0.01969359 0.01290458 0.52972546 0.60201402]
[0.02085366 0.03076966 0.19988465 0.76473364 0.59433458]
[0.02074459 0.18203269 0.04125118 0.48825181 0.58208212]
[0.70528283 0.52726682 0.06195637 0.15015052 0.17411271]
[0.03626645 0.66600701 0.62448253 0.0990429  0.15851356]
[0.20795647 0.13602143 0.1208087  0.93331469 0.11444589]
[0.0114901  0.00194883 0.15764154 0.29367359 0.68413228]
[0.07392176 0.00581788 0.05641259 0.21745099 0.60457714]
[0.03315527 0.27349618 0.06282232 0.73528826 0.56889055]
[0.04996725 0.20683571 0.75116509 0.04536707 0.59718562]
[0.20165984 0.57795369 0.90178023 0.1509991  0.05263377]
[0.29363822 0.4034971  0.39969003 0.11374421 0.48825916]
[0.00397015 0.05769987 0.070128   0.07154634 0.6269278 ]
[0.1407448  0.33974536 0.72828206 0.04791219 0.10128357]
[0.83189901 0.1290954  0.54584216 0.21660513 0.08819378]
[0.34640595 0.85195407 0.39304363 0.69055482 0.09148879]
[0.19555438 0.50007116 0.62154132 0.13766829 0.25656975]
[0.20291715 0.01919329 0.15484258 0.58453411 0.49204961]
[0.16333142 0.01472317 0.55436642 0.99495195 0.08049502]
[0.10117499 0.25244518 0.36567904 0.48451145 0.49092208]
[0.09756484 0.23806547 0.89853112 0.08152941 0.27767976]
[0.09882881 0.09888281 0.66447346 0.35918368 0.22311796]
[0.00158591 0.08206368 0.08842297 0.7468966  0.57476214]
[0.091375   0.07061094 0.05419667 0.12645859 0.61677452]
[0.19833957 0.08712442 0.24422112 1.06790933 0.0391732 ]
[0.17748735 0.34419079 0.14220751 0.04992701 0.59719261]
[0.30344122 0.05165169 0.18146389 0.00637217 0.67354735]
[0.54525841 0.15490527 0.08092988 0.18924195 0.54231503]
[0.58937905 0.29395474 0.60455851 0.16287908 0.19093226]
[0.07131655 0.1564614  0.01464795 0.03526426 0.66937978]
[0.61269704 0.78252457 0.05150602 0.10763046 0.08134531]
[0.06597072 0.19484328 1.07043952 0.18913704 0.02231852]
[0.39539811 0.31342015 0.04791378 0.68481898 0.47683305]
[0.4294255  0.38055086 0.13401247 0.66616518 0.13348157]
[0.29188208 0.05482895 0.06912594 0.90345832 0.35776243]
[0.14633539 0.24808958 0.47682457 0.15401554 0.55554537]
[0.06879255 0.04564675 0.21708919 0.85063936 0.11508527]
[0.04869563 0.01762777 0.81119253 0.64522542 0.11284661]
[0.29429743 0.24031834 0.26402543 0.82105166 0.10820428]
[0.44936189 0.24608146 0.32135824 0.70856111 0.20956891]
[0.01827969 0.13376616 0.77735181 0.14858517 0.09289725]
[0.01267769 0.52600043 0.35540281 0.82634554 0.02093335]
[0.27801737 0.316598   0.28787048 0.74989315 0.19247561]
[0.02196048 0.05260115 0.11390898 0.38247856 0.54639847]
[0.14021298 0.05805903 0.82554686 0.07680971 0.30479962]
[0.16927544 0.06912491 0.08097958 0.01796342 0.69478118]
[0.13597726 0.22165307 0.05459987 0.45268247 0.58522094]
[0.31606522 0.53714017 0.03179447 0.05338812 0.52729975]
[0.16600825 0.40076499 0.65650784 0.04533928 0.32272862]
[0.03111072 0.09477109 0.27001679 0.17981433 0.59153745]
[0.14940384 0.41302599 0.31207891 0.02523175 0.65956096]
[0.1111208  0.23736651 0.63762689 0.45870787 0.30282257]
[0.02123588 0.07065575 0.00233519 0.03784377 0.85168792]
[0.31936208 0.77116552 0.47025344 0.05106556 0.10768894]
[0.96953573 0.7369694  0.10795167 0.0679683  0.32652323]
[0.28449345 0.46625386 0.35157777 0.62291188 0.31315154]
[0.01004398 0.05131138 0.77838134 0.72210753 0.18001759]
[0.00302197 0.09860687 0.10616665 0.95627471 0.30899467]
[0.7081221  0.79650818 0.01658366 0.469805   0.07997994]
[0.08113961 0.25482548 0.55992236 0.4926488  0.52864904]
[0.01235272 0.00213826 0.16930748 0.31401395 0.65429615]
[0.03019183 0.01796536 0.54431127 0.432254   0.56624928]
[0.0306782  0.09517393 0.27057469 0.18019023 0.59276027]
[0.07562371 0.25243647 0.64204898 0.89776097 0.0211564 ]
[0.03980793 0.02417521 0.89386913 0.70833554 0.08452183]
[0.17167068 0.33290166 0.13754972 0.0607593  0.5808907 ]
[0.03291936 0.02699858 0.09281178 0.66534823 0.54052407]
[0.61852688 0.05932734 0.31939396 0.09283838 0.53156305]
[0.01580343 0.0063018  0.83148321 0.22720925 0.26961421]
[0.03032976 0.00431447 0.03051165 0.98296754 0.28940393]
[ 1.77634000e-02 -3.47956072e-04  2.03904203e-01  1.05810981e+00
  1.22259258e-01]
[0.20555191 0.33391827 0.08663148 0.43557081 0.56234419]
[0.10961712 0.08480338 0.06500728 0.11002862 0.63832518]
[0.02262369 0.02528949 0.00888063 0.45886754 0.62952399]
[0.57955509 0.10889331 0.11735265 0.05996086 0.46707426]
[0.12465608 0.10764848 0.56761511 0.5118103  0.32099906]
[0.21423263 0.03181384 0.04384086 0.77311111 0.42584536]
[0.33005859 0.2695777  0.30000112 0.92569977 0.00266628]
[ 2.90148378e-02 -1.65541795e-05  1.67412810e-01  8.46208343e-01
  3.08104637e-01]
[0.34122471 0.15372519 0.50362886 0.80138931 0.03994457]
[0.54199893 0.9756138  0.01692622 0.49752147 0.08226118]
[0.73875185 0.30298808 0.59505976 0.09271378 0.09595272]
[0.29129659 0.106757   0.05288694 0.90962598 0.11726085]
[0.01546584 0.0561551  0.45802528 0.92793072 0.0892908 ]
[0.03758443 0.07755828 0.11114043 1.10047975 0.01651263]
[0.3783706  0.07054864 0.27791302 0.95234283 0.00269411]
[5.39193978e-01 6.25131418e-01 9.08006421e-02 5.42905752e-04
 7.90053824e-01]
[0.05023558 0.09914984 0.0079971  0.97554807 0.42707639]
[0.02081614 0.04016938 0.01676589 0.37924852 0.62606338]
[0.16287453 0.07211608 0.21441855 0.95028599 0.12269515]
[0.04241634 0.01854616 0.72254807 0.55481502 0.19999565]
[0.56786362 0.00684376 0.72282276 0.17894001 0.20133172]
[0.5592288  0.1041268  0.1348791  0.75650567 0.06904518]
[0.04966502 0.20558523 0.7488287  0.0452121  0.59864589]
[0.07730568 0.00611153 0.0590891  0.23034127 0.60252959]
[0.18280487 0.17353705 0.59513161 0.45289707 0.03785883]
[0.19699859 0.12882769 0.11444524 0.85138059 0.11554205]
[0.07852024 0.03171973 0.93583472 0.09279798 0.10874134]
[0.16200645 0.15374191 0.44640301 0.38592463 0.54045123]
[0.01993061 0.0391714  0.08223985 0.95682288 0.41880365]
[0.00203801 0.7738733  0.32173485 0.59194185 0.33786688]
[0.07434343 0.21319404 0.76171436 0.05982668 0.28960258]
[0.22297931 0.13354379 0.52800308 0.61314961 0.30680293]
[0.04181871 0.33732987 0.37737725 0.73299906 0.28551246]
[0.52475903 0.01815928 0.10367055 0.77997392 0.27315931]
[0.00258248 0.05902078 0.07531246 0.06066978 0.64044195]
[0.18776211 0.38918612 0.30998929 0.02504844 0.65893941]
[0.45726338 0.89559741 0.05098349 0.13051016 0.080826  ]
[0.39587824 0.00699226 0.52180488 0.11694958 0.53142435]
[0.04710133 0.15164411 0.53875142 0.04605988 0.57061663]
[1.47437814e-02 2.89171497e-02 7.55479635e-04 1.86018760e-01
 8.29423280e-01]
[0.02679298 0.37670356 0.32422057 0.87232199 0.01813381]
[ 2.05858908e-02 -1.83118824e-04  2.05492236e-01  8.75752561e-01
  3.19155721e-01]
[0.49429886 0.57304609 0.07450038 0.02764093 0.71433786]
[0.01989176 0.09324961 0.00480911 0.11782175 0.84643497]
[0.02409097 0.03877079 0.17662025 0.54379646 0.56575337]
[0.00986171 0.01751776 0.09149095 0.93060184 0.40757093]
[0.04378277 0.08637869 0.03427224 0.93926488 0.41112824]
[0.16895183 0.36447057 0.53202151 0.74482369 0.07236777]
[0.1445499  0.0633508  0.27710526 1.06261679 0.05489669]
[0.12627724 0.09832085 0.57255312 0.88073579 0.04400434]
[0.25541439 0.05706455 0.54464907 0.54961071 0.30059768]
[0.03072066 0.00425347 0.02718446 0.32783269 0.6241953 ]
[0.01714888 0.05316507 0.16122861 0.29801751 0.61144952]
[0.03466569 0.0591146  0.25961431 0.75289653 0.13095306]
[0.39973242 0.24399125 0.42649247 0.11427584 0.49898646]
[0.24744766 0.06999108 0.4413791  0.18019177 0.52315443]
[0.00278235 0.01788203 0.00454674 0.51218339 0.68520403]
[0.10165214 0.55874457 0.39380422 0.72714574 0.04682047]
[0.21176424 0.11194725 0.07801521 0.46560322 0.59043914]
[0.00834792 0.05061897 0.1077189  0.73169262 0.50992463]
[0.04154785 0.08041592 0.92792366 0.09199538 0.1078187 ]
[0.20217031 0.19495829 0.06371247 0.90908948 0.11239162]
[0.00219837 0.04294723 0.13574164 0.0146622  0.69335237]
[0.00576862 0.02525895 0.52104978 0.64912183 0.39928942]
[0.35254302 0.39522286 0.15914561 0.68614799 0.32268194]
[0.04292253 0.00297091 0.00486932 0.17995435 0.86460487]
[0.00210479 0.04897152 0.07940918 0.05998441 0.64131562]
[0.01768956 0.64401501 0.1849986  0.82681704 0.02094549]
[0.01115905 0.05553693 0.16182128 1.07081784 0.09259998]
[0.01575817 0.00639014 0.8308027  0.22702155 0.26939323]
[0.05406879 0.15383932 0.55125847 0.59837982 0.29958524]
[0.0074183  0.3566114  0.38223903 0.7260734  0.28015363]
[0.1212988  0.04265708 0.06869859 1.12739535 0.02063713]
[0.02667825 0.0249871  0.02610764 0.98112941 0.28886318]
[0.01342066 0.00770392 0.55093986 0.45236084 0.6102428 ]
[0.01268479 0.29104344 0.45667983 0.71758701 0.29844863]
[0.00423228 0.00245686 0.16981795 0.00511647 0.72192918]
[0.00633773 0.02773804 0.52850292 0.65814842 0.39839353]
[0.1158381  0.02092232 0.37625857 0.7509964  0.32396958]
[-3.95062782e-05  2.26898528e-01  2.65362545e-01  9.79968014e-01
  1.15022070e-02]
[-9.07842614e-05 -2.09852168e-04  6.64639818e-03  3.39329648e-01
  6.30270644e-01]
[0.09963597 0.55522407 0.40057183 0.72528173 0.0529752 ]
[ 1.90422063e-01 -3.63719680e-04  6.36577225e-01  5.77823828e-01
  3.42198126e-01]
[0.00094241 0.14657421 0.00582601 0.06406014 0.73108019]
[0.01123328 0.00872971 0.08311753 0.97380097 0.3877958 ]
[0.41103356 0.11256098 0.14255673 0.78199779 0.32558634]
[0.01096741 0.05151599 0.15072165 0.99722312 0.10120721]
[0.48985402 0.29376178 0.05227082 0.06213937 0.51253128]
[3.00407639e-04 4.06916440e-02 2.93279397e-02 1.12871786e-01
 6.82549459e-01]
[0.02532128 0.00681713 0.16483143 0.81908439 0.29857254]
[0.00364704 0.02234708 0.04830899 0.77561068 0.53483556]
[0.02768318 0.02220175 0.5423951  0.43072489 0.56431202]
[0.2197472  0.40096983 0.16756868 0.80921535 0.02958616]
[0.03327678 0.0294627  0.18215357 0.52663851 0.44473304]
[0.5541438  0.00085483 0.10942231 0.72814954 0.3028345 ]
