[-8.61571151e-05 -1.86497821e-04  5.79036271e-03  2.95884633e-01
  5.94919946e-01]
[0.43174243 0.0805818  0.12781825 0.80045642 0.00226169]
[0.12560101 0.30316806 0.65000958 0.04253208 0.09035506]
[0.18772333 0.5471997  0.03102236 0.03277998 0.45011052]
[0.00835405 0.02585691 0.10532409 0.28241713 0.53980907]
[0.24168651 0.22957832 0.55905319 0.40823849 0.02636766]
[0.53710299 0.04951614 0.2772792  0.08031545 0.46143029]
[-1.05211524e-04 -2.82670115e-04  4.46853744e-03  2.64274277e-01
  6.10979447e-01]
[0.00911135 0.02704336 0.11059896 0.28055404 0.54033855]
[0.18961671 0.10018465 0.06998827 0.41676213 0.52875806]
[0.02425112 0.01642571 0.11371811 0.00765646 0.62428231]
[0.06584245 0.04539848 0.05137383 0.06032424 0.57179298]
[0.13145468 0.01081053 0.26180191 0.69331922 0.10133127]
[0.78265591 0.13414332 0.46821823 0.0198276  0.05022426]
[0.60966549 0.05032261 0.05718524 0.07996341 0.45950161]
[0.01258485 0.02414396 0.17522892 0.46218207 0.3828003 ]
[0.00266519 0.37443431 0.64412964 0.38748746 0.06491769]
[ 2.30513509e-05 -1.86683918e-04 -1.50430643e-05 -2.04965228e-03
  8.22258919e-01]
[0.3295251  0.06076941 0.01855525 0.42575957 0.48240638]
[0.03396659 0.027373   0.01011877 0.55867942 0.46190331]
[0.03290897 0.00391774 0.67110548 0.18313357 0.43238498]
[0.00528396 0.00184191 0.6496771  0.49780978 0.17723767]
[0.39961849 0.31025022 0.00451158 0.35346139 0.53508798]
[9.98479280e-03 4.63921020e-02 5.70949983e-04 7.15015426e-01
 4.92770427e-01]
[0.25056633 0.23802979 0.57869922 0.17793457 0.21264394]
[3.57438399e-03 9.55822864e-05 6.02207035e-01 6.52818160e-02
 5.05742663e-01]
[0.06989859 0.02434768 0.03958684 1.03699917 0.00277558]
[0.5216273  0.12843618 0.00194207 0.61291163 0.37103689]
[0.02026936 0.00321524 0.24584432 0.34775363 0.56308562]
[0.05620164 0.05586189 0.41891126 0.15478557 0.51953043]
[0.53344652 0.00217745 0.2638219  0.45750298 0.23825144]
[-6.06436678e-05 -6.06402916e-04  3.55221813e-03  3.77947668e-02
  6.56349779e-01]
[0.01839453 0.00808846 0.83754053 0.04076972 0.29539395]
[0.02695108 0.00524847 0.02149245 0.46317975 0.52664197]
[0.03792321 0.0915274  0.19706561 0.6644084  0.12060639]
[0.00954295 0.01066415 0.4637231  0.02637468 0.49495426]
[0.05716656 0.02974855 0.26740316 0.07250102 0.52295979]
[0.05109261 0.00833079 0.73717723 0.28144851 0.00940452]
[1.23605731e-02 2.19936087e-02 5.43801659e-03 4.53853837e-04
 6.52226600e-01]
[6.21968771e-05 1.62459083e-02 1.76451122e-01 4.62716567e-01
 3.83241410e-01]
[4.42090112e-03 1.03939881e-04 2.95739880e-03 7.72824257e-01
 1.40845650e-02]
[0.09632252 0.24642016 0.72892499 0.10509871 0.01448122]
[0.00213689 0.0025118  0.472964   0.65370014 0.09149443]
[0.0826137  0.46468907 0.33519671 0.57854153 0.00640603]
[0.35455915 0.7853033  0.06832781 0.1846047  0.04925344]
[0.10033028 0.24213085 0.64908819 0.04749908 0.11062874]
[0.01351385 0.00540357 0.72343936 0.46873088 0.02916832]
[0.73859555 0.0133224  0.12932424 0.02374877 0.04698244]
[ 1.12004505e-01  1.23870589e-01 -4.89905870e-05  6.34295544e-02
  7.36829507e-01]
[0.01092322 0.00943449 0.54290645 0.02101545 0.4543933 ]
[0.15086683 0.01229515 0.56594835 0.49879547 0.10177594]
[0.8928274  0.09991635 0.40413378 0.00768134 0.03862226]
[0.10110023 0.14732423 0.54606969 0.42604955 0.05288392]
[0.25810661 0.00698596 0.69136095 0.08304562 0.03687883]
[0.01674579 0.04746148 0.1372969  0.26539948 0.52967651]
[0.0613157  0.16856298 0.61340168 0.40871843 0.02539893]
[0.22690168 0.53153133 0.00937931 0.1546919  0.54886735]
[0.07618774 0.48853114 0.61806964 0.08464396 0.05711741]
[0.01766508 0.36843978 0.13177035 0.04610632 0.55334931]
[0.11823405 0.09210786 0.48038974 0.05399902 0.42436381]
[0.65008495 0.0704919  0.14903759 0.53914437 0.03148915]
[0.18458449 0.45776128 0.03599938 0.57815491 0.30224902]
[1.01320415e-04 7.71590309e-03 2.23939829e-01 5.23385297e-01
 5.10005822e-01]
[0.51855373 0.00184304 0.39035079 0.54228027 0.00711444]
[0.01519065 0.0368108  0.16564662 0.67399115 0.11999512]
[0.35963111 0.29892621 0.01072229 0.2163965  0.47621089]
[0.0122065  0.02587814 0.2417659  0.70357865 0.06398809]
[0.56481378 0.0023414  0.13162078 0.44025274 0.22929484]
[ 8.71116517e-04  4.55005172e-03  5.15425619e-02  8.72811614e-01
 -2.55286720e-04]
[0.21074467 0.18873542 0.03020747 0.63539426 0.40006361]
[0.00300802 0.13235935 0.29976855 0.5974347  0.24677146]
[0.02934479 0.25471371 0.00781814 0.64085799 0.44668689]
[0.04545865 0.05015307 0.18787818 0.24294634 0.56039064]
[0.77219353 0.12103313 0.06402775 0.07315972 0.23755093]
[0.05102398 0.04877557 0.12027868 0.33586597 0.51412085]
[2.49860863e-04 1.66638940e-03 7.91876465e-01 4.65998050e-02
 4.30774322e-01]
[0.75893236 0.07713668 0.34173167 0.05144978 0.03278712]
[-1.55674243e-04 -6.05297286e-04  7.14165979e-04 -1.93853748e-03
  7.05927137e-01]
[0.34296529 0.32120621 0.81704237 0.07158374 0.00223714]
[0.07544999 0.46038334 0.33112803 0.59848019 0.00092044]
[0.02509508 0.01601144 0.64042502 0.15121995 0.39945586]
[ 6.42453976e-05 -9.55127496e-05  7.85369265e-03  7.96555918e-01
  1.81267720e-02]
[1.43201773e-03 3.04877409e-04 8.87038993e-01 1.41445262e-01
 7.22440159e-02]
[0.02243177 0.01551511 0.14871188 0.75483576 0.16579495]
[0.02289859 0.01964604 0.58672711 0.3553287  0.32548085]
[0.32926251 0.06106928 0.07923746 0.42613986 0.45099064]
[0.45537551 0.18462672 0.59521428 0.01915337 0.14524571]
[ 1.37157613e-04 -1.60315985e-04  4.87949005e-01  5.92038992e-01
  2.39576075e-01]
[0.0311329  0.3500392  0.40132956 0.7808757  0.00211966]
[0.15075253 0.86611324 0.06220595 0.18473367 0.04640381]
[0.09271385 0.21926646 0.64936159 0.02010396 0.28250916]
[0.03945339 0.01653763 0.73391229 0.19678746 0.23792658]
[2.24519334e-04 6.93048866e-04 4.55016649e-03 9.24081054e-03
 7.03094607e-01]
[ 9.04690893e-04  2.27919881e-03  1.38341033e-02 -6.00185698e-04
  6.37501166e-01]
[0.01502126 0.03566306 0.06231196 0.68183812 0.28994183]
[0.00921889 0.00668472 0.42841584 0.34478332 0.52168881]
[0.03530538 0.05672972 0.26163078 0.07088986 0.5251903 ]
[0.59913362 0.11159834 0.08448556 0.4257514  0.05284682]
[0.01364495 0.00617809 0.75071299 0.06812877 0.37143224]
[0.01888426 0.04682914 0.62656355 0.15983535 0.38937373]
[0.29050339 0.30305743 0.50412207 0.44182394 0.02121488]
[0.0894695  0.08947667 0.6016495  0.32222017 0.20161273]
[0.13062523 0.01590846 0.03269703 0.59657799 0.35471142]
[0.19639533 0.02450649 0.04071159 0.28088623 0.55648683]
[0.18382888 0.70467446 0.42908482 0.08155497 0.00443901]
[0.05588113 0.87442266 0.05695897 0.13772187 0.16095377]
[0.01333059 0.08124848 0.03921694 1.03772296 0.0048728 ]
[0.25702351 0.08770941 0.44121082 0.02671194 0.46914046]
[1.76881236e-04 5.54072864e-02 1.35669121e-01 8.23030852e-03
 6.10880140e-01]
[0.10247251 0.14836272 0.54034554 0.3537378  0.29143173]
[0.00438481 0.00139062 0.78377555 0.09429761 0.25272905]
[0.09224945 0.47392638 0.04487184 0.30719756 0.38949282]
[0.04918942 0.57070014 0.00099107 0.92724981 0.07638032]
[-2.92883978e-05 -7.76897006e-05  2.40184118e-04  9.49004247e-03
  5.77812793e-01]
[0.05934049 0.13050839 0.01228575 0.02692655 0.57114685]
[4.72806890e-04 2.19013572e-03 8.86185971e-01 6.89309153e-02
 4.30290262e-01]
[ 6.54841413e-03 -2.87235265e-05  2.52222045e-01  6.29207767e-01
  3.47547848e-01]
[0.34854327 0.18403455 0.51543588 0.1685708  0.21747395]
[0.05555949 0.16215389 0.63721    0.1779255  0.2126332 ]
[0.1249725  0.18674636 0.37597459 0.37992913 0.4123157 ]
[2.90304384e-03 2.31976185e-03 1.99789818e-04 7.10411869e-04
 6.94240706e-01]
[0.0058292  0.08526468 0.42419162 0.14832832 0.51798079]
[0.0918626  0.06964481 0.47121466 0.50704641 0.10613845]
[0.03496903 0.02678244 0.00261072 0.64286972 0.45177168]
[0.26039722 0.54010297 0.67845015 0.11160792 0.00524345]
[0.1826497  0.45456024 0.37931918 0.15708956 0.36514022]
[0.234239   0.56556495 0.53629603 0.05152529 0.12037317]
[0.00906918 0.00088056 0.00913294 0.60697654 0.48905107]
[0.01168307 0.46862882 0.6176513  0.216504   0.08492392]
[0.23903562 0.46627397 0.18136161 0.0664379  0.38848677]
[0.87867201 0.17615628 0.13068532 0.30525295 0.01299227]
[0.02900944 0.35979722 0.43646409 0.30371784 0.27734421]
[0.02967969 0.01794232 0.44528727 0.36680561 0.4946425 ]
[0.37534505 0.06771353 0.01248134 0.14830725 0.52788661]
[0.15142364 0.01358006 0.03505865 0.56478482 0.33937755]
[0.00155783 0.0081111  0.11983541 0.31273787 0.56883825]
[0.05999225 0.04564258 0.2671298  0.61689107 0.07211894]
[0.21185079 0.05925212 0.37512257 0.1538757  0.44551664]
[0.10245848 0.07043888 0.59770743 0.32399337 0.20044871]
[0.01283156 0.24494092 0.38508451 0.61859748 0.02636618]
[0.05693189 0.77581606 0.27782583 0.03181356 0.23990808]
[0.15214718 0.75889203 0.06609448 0.16370673 0.14691824]
[0.18330032 0.70264844 0.42785207 0.1052775  0.00444445]
[0.99423898 0.09014255 0.01969797 0.00557999 0.03858987]
[0.08083161 0.06964014 0.485559   0.52638375 0.09723903]
[0.24330318 0.1993501  0.91390202 0.04152175 0.00138709]
[0.00174077 0.00394529 0.11765202 0.36413702 0.52032329]
[0.36492057 0.28343052 0.41770425 0.47661827 0.00384302]
[0.45983573 0.18644037 0.59180053 0.01915093 0.14522899]
[0.01555326 0.03736613 0.73596979 0.06706462 0.10094745]
[0.0077244  0.50135723 0.62475468 0.05487724 0.09168916]
[0.42253128 0.06431036 0.1259451  0.29355574 0.37343986]
[0.1686822  0.17027825 0.53705109 0.4110306  0.03274136]
[0.63998366 0.10957786 0.48044279 0.00279132 0.03656253]
[0.31374998 0.24333397 0.01021332 0.14858114 0.5288483 ]
[0.55306772 0.06046471 0.00088536 0.65082776 0.16789051]
[1.55491858e-04 4.50063174e-01 9.11027863e-02 2.17573291e-01
 4.84748832e-01]
[0.0030323  0.00187823 0.43029112 0.62798001 0.08266358]
[0.38337163 0.03529442 0.08850805 0.47857973 0.35027507]
[0.86404465 0.37562223 0.11742443 0.28490167 0.02103461]
[0.08487871 0.06298428 0.43463663 0.03319573 0.51393976]
[0.67088026 0.55121671 0.08707267 0.02071983 0.03841755]
[0.28286169 0.08008861 0.04196949 0.44827873 0.50491591]
[0.34441148 0.32256255 0.82048612 0.03685319 0.00224231]
[0.35414311 0.66647718 0.00482012 0.50316299 0.10334893]
[0.45531858 0.76224943 0.00640268 0.30962706 0.06362405]
[ 3.01769599e-02 -2.11967821e-04  9.40650006e-01  1.60559380e-02
 -7.23493585e-05]
[-2.21388184e-05  1.38033776e-04  1.02499116e-02  6.81601961e-01
  3.29198890e-01]
[0.39620776 0.2117649  0.43166746 0.06735446 0.48936262]
[5.70937524e-04 2.24427403e-03 9.11188878e-01 3.95461457e-04
 4.46494711e-01]
[0.09748222 0.91569882 0.06499798 0.19311432 0.04850304]
[0.01261437 0.05856323 0.00124759 0.63370841 0.4988439 ]
[0.47571349 0.03229235 0.06638904 0.10195159 0.49605814]
[0.00220402 0.12530718 0.49435888 0.08095525 0.47781625]
[0.29367977 0.26830737 0.88848751 0.01746846 0.05314922]
[0.31418506 0.10677528 0.5794895  0.03972186 0.20593194]
[0.28841153 0.87403031 0.18918946 0.25524253 0.03074328]
[0.04026613 0.45234705 0.71771641 0.12332971 0.01259003]
[0.52545191 0.12019811 0.00195041 0.61183066 0.37030066]
[0.32136545 0.75500727 0.00845232 0.04124482 0.29486859]
[3.37487054e-03 5.78959378e-05 5.70120057e-01 2.15298587e-01
 5.08182589e-01]
[0.11610983 0.63571128 0.05480422 0.13553289 0.31452006]
[0.03950855 0.52028538 0.37319542 0.28066739 0.28872469]
[0.8775488  0.0083558  0.01966133 0.25987753 0.04275268]
[0.01002955 0.03710415 0.02106797 0.83636005 0.01139558]
[0.02035193 0.15951269 0.55158927 0.36698929 0.34185411]
[0.79860295 0.06681545 0.4212651  0.11472251 0.0123796 ]
[4.14117416e-01 3.21273446e-04 8.66285918e-02 5.51049901e-01
 2.52083073e-02]
[2.44426490e-02 6.56107510e-03 1.61580811e-01 8.02638973e-01
 3.93815709e-04]
[0.04727838 0.1200774  0.2348136  0.60477329 0.28484486]
[0.00626731 0.0145949  0.01186472 0.68678089 0.17766034]
[ 3.10784644e-03 -3.29634973e-04  5.76260436e-01  4.04738803e-01
  4.90089762e-01]
[0.15634371 0.37297812 0.54875603 0.19259549 0.0859056 ]
[0.02806743 0.02832644 0.00206943 0.72448395 0.35047015]
[0.02732108 0.13771108 0.21765464 0.70890729 0.00376848]
[0.1640492  0.17351448 0.57334399 0.31889156 0.20067811]
[0.01570185 0.03728818 0.06159063 0.68246145 0.28040927]
[0.56256761 0.4316041  0.3647092  0.01325453 0.11679806]
[0.00118029 0.00158078 0.00978125 0.53170409 0.52333196]
[0.03815112 0.02926315 0.0028521  0.64574763 0.44881056]
[3.26997659e-04 2.08451885e-03 7.78190791e-01 4.57573940e-02
 4.37061394e-01]
[5.30081530e-03 4.22259290e-04 7.33394434e-01 7.99708406e-02
 3.68450150e-01]
[0.36032172 0.03135625 0.01757842 0.3688403  0.53402482]
[2.17522705e-01 4.57595782e-01 3.32276401e-01 6.08862185e-01
 3.31716422e-04]
[0.07378236 0.10741833 0.51816643 0.45057095 0.05150846]
[0.32220099 0.04157802 0.39696458 0.55808677 0.07830977]
[0.01633526 0.01859393 0.67568385 0.04843758 0.25145465]
[0.39393048 0.0885873  0.67222986 0.04988986 0.01364459]
[0.48068176 0.16126051 0.19217435 0.0573798  0.40722045]
[0.19863114 0.49434964 0.11597939 0.29001536 0.32523296]
[0.01189431 0.01084634 0.66191181 0.47247385 0.03577759]
[0.05671924 0.16750406 0.92070442 0.0283245  0.00831135]
[0.02392147 0.02222681 0.6808341  0.18230631 0.2429119 ]
[0.49561899 0.16964382 0.17331395 0.0268442  0.47129201]
[0.53939416 0.12183938 0.00764552 0.02164304 0.55048406]
[0.0997442  0.1056399  0.45256264 0.35273344 0.34215821]
[0.00268428 0.78523514 0.193773   0.38093622 0.17214555]
[0.01675359 0.0400753  0.16490934 0.52445511 0.41675335]
[0.01506497 0.64883055 0.47706124 0.03598123 0.13548205]
[0.01091979 0.00943139 0.54273895 0.0417174  0.45528115]
[4.38757358e-04 1.23595629e-03 8.58345229e-03 8.45924751e-03
 6.11473172e-01]
[0.68489219 0.09093887 0.32373706 0.27192177 0.0090749 ]
[0.00225877 0.01411702 0.06067575 0.817775   0.00375589]
[0.45584789 0.47811145 0.02900047 0.02823661 0.52841313]
[0.09395148 0.23479743 0.34007806 0.45472408 0.45891826]
[0.00846069 0.00078228 0.0067121  0.50632382 0.5380354 ]
[0.36902303 0.30674506 0.00662912 0.23490113 0.49745978]
[0.04018664 0.3485027  0.00115231 0.8544294  0.26485715]
[0.06041464 0.0617458  0.31254652 0.0485521  0.54698861]
[0.00068964 0.02001199 0.55491287 0.28965144 0.37011862]
[0.01602167 0.00734618 0.87987091 0.08021923 0.06306339]
[0.23506549 0.26849897 0.46916262 0.49118882 0.04092146]
[0.04664342 0.00122277 0.00267442 0.6481924  0.43971778]
[6.77131289e-01 3.66474618e-04 5.86091285e-02 5.51056253e-01
 7.23569265e-03]
[0.00929307 0.00910831 0.00057403 0.56965087 0.51796988]
[ 4.67985951e-05 -2.92946123e-04  3.44583609e-01  6.77897640e-01
  2.36546954e-01]
[0.04373653 0.03350468 0.69230113 0.01868319 0.05176085]
[0.74821436 0.78158359 0.12994965 0.04786186 0.02665186]
[0.37736673 0.05818814 0.49054783 0.01940723 0.44409758]
[0.03821771 0.39219099 0.17736336 0.64403467 0.02649227]
[0.24587633 0.06885918 0.4353317  0.04572471 0.48875433]
[ 1.43728456e-02  7.60080259e-03  4.70389017e-02  8.33041808e-01
 -2.62217020e-04]
[0.09394914 0.08101679 0.42687074 0.46380451 0.23625975]
[0.06094657 0.33360966 0.4069545  0.55670785 0.00614983]
[0.12038553 0.2857048  0.05666209 0.3927674  0.49993731]
[0.30825708 0.72340404 0.37724643 0.02265998 0.0489741 ]
[0.72117173 0.10881335 0.49754472 0.07880697 0.00209751]
[0.40701619 0.20298948 0.41840664 0.36632418 0.24995563]
[0.77508709 0.1206901  0.06395362 0.07066507 0.07993956]
[0.00902012 0.02495554 0.82254324 0.11703421 0.03537139]
[5.62521733e-04 1.08349141e-04 8.88189947e-03 7.76331131e-01
 2.50682323e-02]
[0.11681719 0.09099834 0.47464059 0.08441324 0.42290025]
[-2.53345517e-05 -5.60097737e-04  8.22062221e-02  1.16790624e+00
  3.17518775e-03]
[0.81279698 0.11830116 0.01358133 0.46880151 0.06819373]
[-1.69711663e-04  2.75045844e-02  5.73701176e-03  5.08569853e-04
  6.87477575e-01]
[0.00907873 0.02368797 0.8097453  0.16392955 0.00496332]
[0.02677831 0.00521114 0.0210367  0.4913277  0.52604236]
[0.00774685 0.50278471 0.6265315  0.10983236 0.08583366]
[0.01187723 0.04434867 0.58079141 0.47214948 0.00445469]
[0.1032076  1.19592964 0.00170775 0.05748963 0.13646086]
[0.45111635 0.39316629 0.13012627 0.47048494 0.03579119]
[-1.09817953e-04 -6.03660272e-04  2.76885764e-05  9.79522315e-01
  3.90115552e-02]
[0.09852949 0.01532978 0.07731023 0.43693955 0.48219619]
[0.00403335 0.1796834  0.27604374 0.58626457 0.24216657]
[0.01261814 0.03817818 0.19494685 0.23681068 0.5502034 ]
[ 3.18900909e-03 -5.65735408e-04  9.54448270e-02  7.56530237e-01
  6.65838598e-03]
[0.02592078 0.89898011 0.41942501 0.13724543 0.01237314]
[0.0083327  0.0059991  0.57546578 0.47046706 0.080431  ]
[0.10629174 0.25140842 0.82424872 0.02587221 0.04038825]
[0.33713786 0.2768042  0.76908521 0.02336961 0.04291589]
[0.03359749 0.05370439 0.24903647 0.55997057 0.36027066]
[ 0.6431738   0.61038564  0.18361041 -0.00074244  0.03521673]
[0.02787485 0.04844258 0.5555148  0.1123622  0.42715801]
[0.51642773 0.14594637 0.07613887 0.01337473 0.48360832]
[0.02967336 0.01902368 0.75648432 0.17901173 0.00839989]
[0.62558892 0.00623193 0.00522319 0.43193279 0.0771662 ]
[0.23072015 0.02425304 0.48689097 0.45100627 0.33131461]
[0.01423598 0.86569991 0.06321779 0.18122045 0.05632677]
[0.12341831 0.13642272 0.50812436 0.66060223 0.00300899]
[0.02912477 0.0038322  0.02358478 0.85197251 0.00496072]
[0.13622799 0.19735495 0.53755179 0.36220547 0.29837548]
[0.01426011 0.00968005 0.09535044 0.48325154 0.46106624]
[0.33252098 0.11138422 0.13294445 0.03903724 0.50919799]
[0.01266702 0.011077   0.76450176 0.05747039 0.06923309]
[0.02669662 0.02033338 0.01005251 0.65232101 0.45288485]
[0.19235485 0.4787234  0.43155842 0.08168335 0.44153013]
[0.10105787 0.82292641 0.55438554 0.03942172 0.00767935]
[0.71493346 0.07989016 0.42935717 0.04910633 0.03312183]
[0.48500057 0.08971511 0.01939264 0.58036254 0.35893418]
[0.08408382 0.45889275 0.30266052 0.80037013 0.00118541]
[0.27663256 0.52103007 0.00421342 0.21036262 0.44360883]
[0.03480731 0.4667065  0.02964959 0.5336684  0.30541107]
[0.00158877 0.01005463 0.04392547 0.65813843 0.30650676]
[0.07980134 0.18829102 0.15526542 0.59693735 0.17605889]
[0.09917376 0.93441195 0.18939325 0.25744312 0.03100961]
[0.22491829 1.0047576  0.00896497 0.08571283 0.0992396 ]
[0.07435683 0.21720951 0.77321448 0.09049602 0.01326803]
[0.54852407 0.00068552 0.36381565 0.40312998 0.26801056]
[0.00545544 0.02847594 0.43995843 0.46374495 0.2362774 ]
[0.27577996 0.04965361 0.20557592 0.79872974 0.00652801]
[0.00772916 0.01629543 0.15428744 0.45710314 0.49507553]
[0.10400856 0.56329425 0.02007013 0.11250644 0.55717086]
[0.01839588 0.01646509 0.68264021 0.04895835 0.24789432]
[0.73285385 0.0085258  0.02002086 0.12336456 0.28852061]
[0.19755435 0.02620039 0.5741171  0.0827376  0.34580402]
[0.09024509 0.06830366 0.4627081  0.53323418 0.10811149]
[4.10954705e-03 2.48341334e-04 5.76918128e-01 6.55878995e-02
 4.83083765e-01]
[0.44065455 0.08225715 0.08493802 0.79766999 0.00561553]
[ 0.03939868  0.00374317  0.01766111 -0.00199877  0.8166687 ]
[0.00175726 0.00106007 0.07147644 0.63695618 0.23484512]
[0.00893143 0.0599539  0.73792066 0.15590108 0.00897277]
[2.37352704e-04 3.96565896e-03 2.53781025e-01 5.71495248e-01
 5.10120785e-01]
[0.00349756 0.00099534 0.84191958 0.02487665 0.3502837 ]
[0.37413029 0.12828824 0.64238728 0.04779974 0.01591017]
[0.01354891 0.03816978 0.58427281 0.11194346 0.40829473]
[0.63312953 0.02208415 0.05710728 0.19809589 0.18775144]
[0.20356474 0.19386849 0.43792852 0.13263157 0.48078002]
[0.02280073 0.17861933 0.61741349 0.27066642 0.34999576]
[0.01215441 0.0172763  0.06483363 0.52763979 0.41886214]
[0.22312334 0.53871695 0.41535208 0.05794615 0.18748094]
[0.03721057 0.03536479 0.69816867 0.26644266 0.00888533]
[0.49628867 0.07670976 0.70376484 0.02792629 0.00591624]
[0.42351869 0.88085067 0.0356506  0.14728131 0.00942965]
[6.93789007e-03 4.96300796e-04 7.43452436e-01 1.73281399e-01
 1.16925429e-02]
[0.7096046  0.03085418 0.2848701  0.15688047 0.01513319]
[0.63844594 0.25897804 0.31853926 0.26752212 0.00892268]
[0.45014119 0.00855668 0.33282946 0.43524445 0.22692999]
[0.09660618 0.23944274 0.73020443 0.10506575 0.01447664]
[0.07998574 0.05547634 0.06246047 0.00474622 0.5716792 ]
[0.30644962 0.27113136 0.03886995 0.71710452 0.01518394]
[0.00402526 0.08620506 0.65952913 0.09545669 0.24698134]
[0.00763903 0.05205745 0.20039899 0.5785197  0.35754626]
[0.05319927 0.13204526 0.26565236 0.68154402 0.04184105]
[0.35118867 0.21482073 0.3630877  0.16748015 0.44536369]
[0.6741673  0.00933518 0.01509345 0.45708478 0.04196822]
[0.07068075 0.47715595 0.0625106  0.30812027 0.38804122]
[0.00341962 0.00782492 0.67331564 0.1347891  0.29496715]
[0.03876699 0.03636789 0.65303436 0.46578148 0.03533992]
[0.00967133 0.37089387 0.58103864 0.10612824 0.20877063]
[0.79908809 0.26688287 0.08397968 0.01485684 0.03854859]
[0.85396833 0.09561199 0.38654817 0.01098768 0.03692608]
[0.65539898 0.7640374  0.18807144 0.01724617 0.02519191]
[0.17361016 0.9407082  0.08826901 0.00700269 0.17485398]
[0.21640132 0.66091525 0.02760353 0.45856067 0.01837632]
[0.36078579 0.0313974  0.00414191 0.36882916 0.53400877]
[0.01188327 0.14585522 0.35564069 0.30222599 0.41977789]
[0.02694334 0.33427813 0.39085815 0.27517814 0.30615223]
[0.18890364 0.85482036 0.01428435 0.37823698 0.00905227]
[0.24061014 0.38778977 0.09582633 0.09954263 0.45690494]
[0.14393017 0.24770741 0.56929784 0.38014403 0.05960967]
[0.03989216 0.16691626 0.65684455 0.01316952 0.53861962]
[0.01971784 0.09914565 0.23137973 0.70729758 0.00375903]
[ 2.97444127e-05 -2.03005434e-04  1.38525158e-02 -1.08512926e-04
  6.57899037e-01]
[0.04829222 0.09436091 0.00599242 0.98518396 0.01201459]
[0.10758956 0.00929119 0.4789474  0.06505682 0.46111995]
[0.00848343 0.30054199 0.00625162 0.71474368 0.05876204]
[0.76952539 0.1455883  0.1630352  0.09566696 0.03652562]
[0.36756563 0.70287503 0.03238151 0.0462218  0.07351206]
[0.00135458 0.0016022  0.43354633 0.42750206 0.34816791]
[0.01929518 0.08981837 0.31430065 0.04883661 0.55006026]
[0.67084742 0.62864014 0.06913893 0.06294555 0.00192728]
[0.07307795 0.09513198 0.24545185 0.07048932 0.52230803]
[0.00573097 0.42734684 0.00105263 0.83837413 0.067199  ]
[0.00377031 0.2849755  0.06455114 0.63383482 0.04529229]
[4.73939772e-04 5.86499542e-03 8.95376714e-01 1.39259526e-01
 4.50259330e-02]
[0.03261336 0.09382312 0.39331602 0.21255192 0.42355391]
[0.7316846  0.06043503 0.07584002 0.09880563 0.24025076]
[0.10092489 0.08592531 0.60310249 0.34366732 0.0917271 ]
[0.05769361 0.08428537 0.40653587 0.56325868 0.05164386]
[0.64093217 0.53853337 0.58066792 0.03653103 0.0072295 ]
[0.00319173 0.01669191 0.09892911 0.49077849 0.49604787]
[0.13785166 0.38861022 0.00628262 0.14471744 0.5617019 ]
[0.09475608 0.08283272 0.46756814 0.50528169 0.1057692 ]
[0.16656082 0.90252396 0.07277221 0.04545575 0.16777839]
[-8.99416770e-05 -2.05599437e-04  5.52782349e-03  2.82498272e-01
  6.00455956e-01]
[ 2.00718417e-04 -6.70206114e-05  3.36839497e-01  5.52796723e-01
  2.01614835e-01]
[0.34967689 0.06489155 0.56940684 0.08972119 0.34074391]
[0.03387936 0.01641377 0.56807423 0.35828444 0.24195004]
[0.01232389 0.00318565 0.8518739  0.15573777 0.05423509]
[0.05399038 0.51743281 0.00606235 0.73835373 0.01525176]
[0.035168   0.00297824 0.56769028 0.61597017 0.04180677]
[9.29618740e-04 3.57367325e-02 4.09944411e-01 6.95446128e-01
 5.04129266e-04]
[-1.62720421e-04 -6.11523767e-04  2.35307309e-04  3.78717754e-02
  6.54864229e-01]
[0.01328595 0.0319631  0.0531405  0.57212122 0.41955701]
[0.29001565 0.34250908 0.33501695 0.59737982 0.00191325]
[5.97327754e-01 4.63982103e-01 4.04155414e-04 5.29296122e-01
 9.22784638e-02]
[0.6057279  0.63526389 0.00328114 0.31281866 0.10364231]
[0.06778752 0.42711559 0.28478642 0.28843962 0.44245871]
[1.00287475e-03 2.93981106e-04 2.48363779e-01 7.02248812e-01
 2.48976335e-02]
[0.62139359 0.10503076 0.39236081 0.16530283 0.01197901]
[0.02848013 0.02454741 0.72869891 0.43390011 0.00800916]
[ 1.87497637e-04 -2.44158715e-04  1.53706352e-02  7.44401515e-01
  3.54682521e-01]
[0.6793879  0.15361017 0.00964343 0.07020368 0.32043637]
[0.42673505 0.04308478 0.55985608 0.03901486 0.07222864]
[0.32121537 0.08685968 0.57995067 0.01060516 0.20598314]
[0.04940737 0.55308663 0.63785307 0.09166586 0.0109409 ]
[0.18764768 0.37245795 0.47062597 0.01465217 0.24634291]
[1.00093825 0.11120072 0.01374627 0.00179588 0.03897256]
[0.02420468 0.01939197 0.93409334 0.057925   0.00134998]
[ 4.03104166e-01  4.63005201e-01  5.15860885e-02 -4.93049499e-04
  5.85565485e-01]
[0.06537029 0.18398291 0.65606077 0.2190936  0.03648599]
[0.11892648 0.30310693 0.47612621 0.47383954 0.03843396]
[7.45714531e-01 7.20433285e-02 5.38381520e-01 1.84393707e-01
 5.34497463e-04]
[0.04855151 0.94132952 0.00310415 0.05513012 0.23737948]
[0.33401018 0.31280745 0.79571786 0.16664636 0.00209295]
[0.26481903 0.3062081  0.89159419 0.01753706 0.02406452]
[0.05379402 0.12973029 0.66201739 0.03655968 0.086676  ]
[0.11927263 0.25518476 0.03809657 0.5881648  0.26056603]
[0.01755502 0.18528577 0.00731242 0.47937695 0.57131128]
[3.90105146e-03 3.13623624e-05 5.23371167e-02 5.28467213e-01
 4.62128325e-01]
[0.20567299 0.52580515 0.68938324 0.19172292 0.00762969]
[0.07549063 0.02640684 0.04276022 1.03262646 0.00276383]
[0.00441842 0.38187342 0.25804445 0.60197932 0.01485606]
[5.69626595e-04 8.20201700e-04 5.87810602e-01 5.02983853e-01
 5.75723815e-02]
[6.49424975e-05 4.13459012e-04 1.24627558e-02 6.57606281e-01
 3.16610891e-01]
[0.35318061 0.76334822 0.01599789 0.08496387 0.23527076]
[0.25003877 0.0557879  0.42663298 0.02563552 0.52012823]
[0.05599155 0.87614642 0.04982965 0.17240024 0.16271495]
[0.00317636 0.01802691 0.58206316 0.68768608 0.05026546]
[ 1.82876987e-03 -3.32831088e-04  1.22865113e-03  7.74678404e-01
  1.41189586e-02]
[0.45136489 0.876739   0.00356991 0.53809156 0.07327478]
[0.01460169 0.05401035 0.03171521 0.77990113 0.0106185 ]
[0.04714422 0.61615285 0.4488007  0.27691618 0.00271807]
[0.01493839 0.0015042  0.58113021 0.0226463  0.4838455 ]
[0.0302136  0.43158903 0.5153627  0.57307819 0.0005849 ]
[2.70535241e-03 2.13119908e-03 3.84184276e-04 5.41366718e-04
 6.53195627e-01]
[0.10960341 0.10971132 0.5492035  0.401722   0.25262635]
[0.05798462 0.00644406 0.64395805 0.21822284 0.23350212]
[0.02438293 0.46438791 0.30729221 0.70394891 0.01223223]
[0.48942819 0.06487969 0.60604994 0.01954116 0.14789703]
[0.88652915 0.49405474 0.00129888 0.36610009 0.0181953 ]
[0.17015344 0.14585421 0.4907451  0.46269121 0.22820873]
[0.18503902 0.47363679 0.01404115 0.59314446 0.26272589]
[0.60343889 0.63126545 0.18834893 0.25352557 0.03059843]
[1.77484119e-01 4.28091938e-01 1.32999230e-01 6.92007921e-01
 4.99634896e-04]
[0.01163805 0.00858241 0.41190797 0.32695673 0.49504526]
[0.0114583  0.73876681 0.39453579 0.23326092 0.08640098]
[0.00221094 0.01206723 0.11656016 0.36201026 0.52118473]
[0.95316197 0.09421166 0.00994613 0.05587128 0.06318499]
[0.08903039 0.0107868  0.16004078 0.26391154 0.5272889 ]
[0.03041422 0.57700352 0.49244789 0.05336957 0.02410051]
[0.60836084 0.47222762 0.16166369 0.01887251 0.05223491]
[3.16016151e-02 7.72616508e-04 7.78521514e-01 5.78720897e-02
 6.66013563e-03]
[0.02333112 0.39683475 0.11780371 0.70273589 0.03420542]
[3.83764392e-04 2.28297499e-05 1.45833545e-01 7.30201151e-01
 2.66814592e-01]
[0.11045421 0.56055972 0.40605201 0.45516623 0.006403  ]
[0.56422901 0.01637315 0.13429732 0.3827764  0.03639795]
[0.5881144  0.13011909 0.45526062 0.24451796 0.21795604]
[0.0104654  0.64372896 0.00785163 0.72674099 0.10125755]
[3.98132885e-02 8.34098282e-02 1.02328095e+00 1.01617526e-01
 7.69878327e-04]
[0.59999192 0.26320851 0.30436599 0.03022241 0.21100947]
[0.16073606 0.74415165 0.01633719 0.48857404 0.33452947]
[0.01225384 0.02960082 0.22016073 0.76960906 0.14531895]
[0.32851364 0.25492871 0.21966516 0.62965441 0.08376037]
[0.7925463  0.13584584 0.75490195 0.01961911 0.06127467]
