[0.01444428 0.00581257 0.76226813 0.20811793 0.24713828]
[0.12880309 0.12214023 0.4194733  0.34192631 0.48971813]
[0.08554701 0.20783095 0.10215319 0.75975054 0.16754088]
[-8.61571151e-05 -1.86497821e-04  5.79036271e-03  2.95884633e-01
  5.94919946e-01]
[0.10460175 0.20273262 0.08384318 0.54861876 0.45413544]
[0.43174243 0.0805818  0.12781825 0.80045642 0.00226169]
[0.26164988 0.17127061 0.15226254 0.70358283 0.05928112]
[0.12560101 0.30316806 0.65000958 0.04253208 0.09035506]
[0.29640308 0.33563356 0.30601648 0.7972894  0.00235946]
[0.45376196 0.24155781 0.16729622 0.05568811 0.53676192]
[0.18772333 0.5471997  0.03102236 0.03277998 0.45011052]
[0.00835405 0.02585691 0.10532409 0.28241713 0.53980907]
[0.24168651 0.22957832 0.55905319 0.40823849 0.02636766]
[0.53710299 0.04951614 0.2772792  0.08031545 0.46143029]
[0.34676833 0.6532026  0.00529491 0.25614217 0.55012186]
[-1.05211524e-04 -2.82670115e-04  4.46853744e-03  2.64274277e-01
  6.10979447e-01]
[0.11208028 0.11220058 0.56159662 0.41083472 0.25833566]
[0.64650732 0.0705744  0.47623696 0.34653253 0.07855183]
[0.00911135 0.02704336 0.11059896 0.28055404 0.54033855]
[0.10082599 0.10088998 0.69092596 0.25004346 0.22184087]
[0.36889634 0.19713164 0.31687677 0.05568316 0.53671592]
[0.18961671 0.10018465 0.06998827 0.41676213 0.52875806]
[0.00838249 0.00217391 0.00595191 0.00468324 0.67970987]
[0.00152515 0.02962938 0.59131095 0.70340896 0.04858854]
[0.0264709  0.07525179 0.62437943 0.6620484  0.08178494]
[0.02425112 0.01642571 0.11371811 0.00765646 0.62428231]
[0.01225384 0.02960082 0.22016073 0.76960906 0.14531895]
[0.67433861 0.6413599  0.10456784 0.27096306 0.03047907]
[0.06584245 0.04539848 0.05137383 0.06032424 0.57179298]
[0.13145468 0.01081053 0.26180191 0.69331922 0.10133127]
[0.78265591 0.13414332 0.46821823 0.0198276  0.05022426]
[0.60966549 0.05032261 0.05718524 0.07996341 0.45950161]
[0.01258485 0.02414396 0.17522892 0.46218207 0.3828003 ]
[0.00266519 0.37443431 0.64412964 0.38748746 0.06491769]
[0.91770039 0.13364541 0.01534091 0.52957206 0.07704591]
[ 2.30513509e-05 -1.86683918e-04 -1.50430643e-05 -2.04965228e-03
  8.22258919e-01]
[0.3295251  0.06076941 0.01855525 0.42575957 0.48240638]
[0.01648129 0.00122124 0.00480179 0.00450206 0.69115229]
[0.05585728 0.62699463 0.72297961 0.10418532 0.01245534]
[0.40180553 0.07495408 0.186418   0.79279742 0.01075388]
[0.03396659 0.027373   0.01011877 0.55867942 0.46190331]
[0.03290897 0.00391774 0.67110548 0.18313357 0.43238498]
[0.01614937 1.03703458 0.0465016  0.09739664 0.36226898]
[0.38037989 0.10968009 0.17972972 0.76052964 0.01031267]
[0.47755538 0.89077098 0.00366689 0.34923947 0.28914786]
[0.00528396 0.00184191 0.6496771  0.49780978 0.17723767]
[0.00757794 0.04253993 0.58260434 0.68939649 0.0503911 ]
[0.07487762 0.23723413 0.84314906 0.07329626 0.02191537]
[0.39961849 0.31025022 0.00451158 0.35346139 0.53508798]
[9.98479280e-03 4.63921020e-02 5.70949983e-04 7.15015426e-01
 4.92770427e-01]
[0.0754317  0.09775346 0.25315612 0.5798692  0.37309662]
[0.44046443 1.07545352 0.00391396 0.0855983  0.29429768]
[0.36528215 0.68672816 0.00557217 0.49051713 0.08763566]
[0.1062359  0.20590422 0.08048534 0.55242214 0.45727434]
[0.25056633 0.23802979 0.57869922 0.17793457 0.21264394]
[3.57438399e-03 9.55822864e-05 6.02207035e-01 6.52818160e-02
 5.05742663e-01]
[0.06989859 0.02434768 0.03958684 1.03699917 0.00277558]
[0.00527791 0.01132978 0.18301842 0.68360756 0.2563759 ]
[0.01819573 0.01351812 0.31974206 0.71791872 0.0839553 ]
[0.5216273  0.12843618 0.00194207 0.61291163 0.37103689]
[0.02026936 0.00321524 0.24584432 0.34775363 0.56308562]
[ 4.33428572e-01  4.97867080e-01  5.54692499e-02 -3.68415693e-04
  6.29989058e-01]
[0.05620164 0.05586189 0.41891126 0.15478557 0.51953043]
[0.53344652 0.00217745 0.2638219  0.45750298 0.23825144]
[0.00214786 0.04073569 0.58733522 0.70585045 0.06266583]
[0.0954961  0.08215322 0.23904332 0.64605319 0.25446936]
[-6.06436678e-05 -6.06402916e-04  3.55221813e-03  3.77947668e-02
  6.56349779e-01]
[0.19486827 0.1491894  0.12365308 0.70794453 0.11909647]
[0.01839453 0.00808846 0.83754053 0.04076972 0.29539395]
[0.61578267 0.47062217 0.03566777 0.09747089 0.28658139]
[0.02695108 0.00524847 0.02149245 0.46317975 0.52664197]
[0.03792321 0.0915274  0.19706561 0.6644084  0.12060639]
[0.00954295 0.01066415 0.4637231  0.02637468 0.49495426]
[0.05716656 0.02974855 0.26740316 0.07250102 0.52295979]
[0.05109261 0.00833079 0.73717723 0.28144851 0.00940452]
[1.23605731e-02 2.19936087e-02 5.43801659e-03 4.53853837e-04
 6.52226600e-01]
[0.06949878 0.11883578 0.51926088 0.32666242 0.46283135]
[6.21968771e-05 1.62459083e-02 1.76451122e-01 4.62716567e-01
 3.83241410e-01]
[4.42090112e-03 1.03939881e-04 2.95739880e-03 7.72824257e-01
 1.40845650e-02]
[0.09632252 0.24642016 0.72892499 0.10509871 0.01448122]
[0.00213689 0.0025118  0.472964   0.65370014 0.09149443]
[0.0826137  0.46468907 0.33519671 0.57854153 0.00640603]
[0.02353697 0.56046137 0.0019519  0.90732385 0.04993682]
[0.35455915 0.7853033  0.06832781 0.1846047  0.04925344]
[0.10033028 0.24213085 0.64908819 0.04749908 0.11062874]
[0.01351385 0.00540357 0.72343936 0.46873088 0.02916832]
[0.02922607 0.41337886 0.49082779 0.54671892 0.08665076]
[0.73859555 0.0133224  0.12932424 0.02374877 0.04698244]
[ 1.12004505e-01  1.23870589e-01 -4.89905870e-05  6.34295544e-02
  7.36829507e-01]
[0.01092322 0.00943449 0.54290645 0.02101545 0.4543933 ]
[0.50348104 0.28033035 0.72673923 0.08410643 0.01249146]
[0.15086683 0.01229515 0.56594835 0.49879547 0.10177594]
[0.8928274  0.09991635 0.40413378 0.00768134 0.03862226]
[0.10110023 0.14732423 0.54606969 0.42604955 0.05288392]
[0.2800077  0.03744449 0.14030399 0.71662376 0.05949104]
[0.25810661 0.00698596 0.69136095 0.08304562 0.03687883]
[0.01674579 0.04746148 0.1372969  0.26539948 0.52967651]
[0.0613157  0.16856298 0.61340168 0.40871843 0.02539893]
[0.22690168 0.53153133 0.00937931 0.1546919  0.54886735]
[0.07618774 0.48853114 0.61806964 0.08464396 0.05711741]
[0.55930799 0.0853177  0.13430571 0.38280043 0.03640025]
[0.01766508 0.36843978 0.13177035 0.04610632 0.55334931]
[0.67981211 0.64656937 0.11788492 0.27373913 0.0300457 ]
[0.11823405 0.09210786 0.48038974 0.05399902 0.42436381]
[0.65008495 0.0704919  0.14903759 0.53914437 0.03148915]
[0.18458449 0.45776128 0.03599938 0.57815491 0.30224902]
[1.01320415e-04 7.71590309e-03 2.23939829e-01 5.23385297e-01
 5.10005822e-01]
[0.51855373 0.00184304 0.39035079 0.54228027 0.00711444]
[0.46153637 0.0323592  0.59548077 0.02361682 0.26867549]
[0.1047927  0.26810471 0.7929151  0.16163727 0.00855775]
[0.08503743 0.2006593  0.15770881 0.61737286 0.20215739]
[0.45314654 0.24189009 0.1671528  0.05563854 0.53986355]
[0.01519065 0.0368108  0.16564662 0.67399115 0.11999512]
[0.69301568 0.02423032 0.07167057 0.21735758 0.23693129]
[0.35963111 0.29892621 0.01072229 0.2163965  0.47621089]
[0.0122065  0.02587814 0.2417659  0.70357865 0.06398809]
[0.56481378 0.0023414  0.13162078 0.44025274 0.22929484]
[2.05954778e-02 2.21723148e-03 5.07953624e-04 9.84850404e-01
 4.29164307e-01]
[ 8.71116517e-04  4.55005172e-03  5.15425619e-02  8.72811614e-01
 -2.55286720e-04]
[7.58303837e-04 3.81980156e-03 5.40153270e-03 9.79447803e-01
 3.86503911e-02]
[0.21074467 0.18873542 0.03020747 0.63539426 0.40006361]
[0.00300802 0.13235935 0.29976855 0.5974347  0.24677146]
[0.02934479 0.25471371 0.00781814 0.64085799 0.44668689]
[0.01556056 0.00410953 0.10259638 0.50904112 0.51444115]
[0.04545865 0.05015307 0.18787818 0.24294634 0.56039064]
[0.77219353 0.12103313 0.06402775 0.07315972 0.23755093]
[0.05102398 0.04877557 0.12027868 0.33586597 0.51412085]
[0.05106997 0.32881334 0.15705037 0.54050094 0.42381536]
[2.49860863e-04 1.66638940e-03 7.91876465e-01 4.65998050e-02
 4.30774322e-01]
[0.75893236 0.07713668 0.34173167 0.05144978 0.03278712]
[-1.55674243e-04 -6.05297286e-04  7.14165979e-04 -1.93853748e-03
  7.05927137e-01]
[0.34296529 0.32120621 0.81704237 0.07158374 0.00223714]
[0.07544999 0.46038334 0.33112803 0.59848019 0.00092044]
[0.02509508 0.01601144 0.64042502 0.15121995 0.39945586]
[1.15335526e-02 2.26778962e-04 8.67064228e-01 1.76336210e-01
 6.31880287e-02]
[ 6.42453976e-05 -9.55127496e-05  7.85369265e-03  7.96555918e-01
  1.81267720e-02]
[1.43201773e-03 3.04877409e-04 8.87038993e-01 1.41445262e-01
 7.22440159e-02]
[0.02243177 0.01551511 0.14871188 0.75483576 0.16579495]
[0.74192558 0.0244891  0.00620696 0.51284138 0.09162517]
[1.72694753e-02 4.14729714e-02 4.35374394e-01 7.39579100e-01
 5.61819182e-04]
[0.21913375 0.04044943 0.64087572 0.09260749 0.3492055 ]
[0.00254544 0.01219986 0.4903991  0.43239484 0.49990787]
[0.02289859 0.01964604 0.58672711 0.3553287  0.32548085]
[0.48901199 0.94950732 0.00950349 0.1161648  0.10434059]
[0.15663775 0.01664964 0.38893042 0.56098221 0.33035019]
[0.32926251 0.06106928 0.07923746 0.42613986 0.45099064]
[0.45537551 0.18462672 0.59521428 0.01915337 0.14524571]
[ 1.37157613e-04 -1.60315985e-04  4.87949005e-01  5.92038992e-01
  2.39576075e-01]
[0.0311329  0.3500392  0.40132956 0.7808757  0.00211966]
[0.15075253 0.86611324 0.06220595 0.18473367 0.04640381]
[0.09271385 0.21926646 0.64936159 0.02010396 0.28250916]
[0.03945339 0.01653763 0.73391229 0.19678746 0.23792658]
[2.24519334e-04 6.93048866e-04 4.55016649e-03 9.24081054e-03
 7.03094607e-01]
[0.5881144  0.13011909 0.45526062 0.24451796 0.21795604]
[ 9.04690893e-04  2.27919881e-03  1.38341033e-02 -6.00185698e-04
  6.37501166e-01]
[0.01502126 0.03566306 0.06231196 0.68183812 0.28994183]
[0.21877394 0.98996327 0.01654968 0.43833137 0.08333214]
[0.00921889 0.00668472 0.42841584 0.34478332 0.52168881]
[0.03530538 0.05672972 0.26163078 0.07088986 0.5251903 ]
[0.59913362 0.11159834 0.08448556 0.4257514  0.05284682]
[0.01364495 0.00617809 0.75071299 0.06812877 0.37143224]
[0.01888426 0.04682914 0.62656355 0.15983535 0.38937373]
[0.29050339 0.30305743 0.50412207 0.44182394 0.02121488]
[0.0894695  0.08947667 0.6016495  0.32222017 0.20161273]
[0.13062523 0.01590846 0.03269703 0.59657799 0.35471142]
[0.19639533 0.02450649 0.04071159 0.28088623 0.55648683]
[0.0104654  0.64372896 0.00785163 0.72674099 0.10125755]
[0.18382888 0.70467446 0.42908482 0.08155497 0.00443901]
[0.00698964 0.06593801 0.45353158 0.71355213 0.030323  ]
[0.05588113 0.87442266 0.05695897 0.13772187 0.16095377]
[0.01333059 0.08124848 0.03921694 1.03772296 0.0048728 ]
[0.25702351 0.08770941 0.44121082 0.02671194 0.46914046]
[1.76881236e-04 5.54072864e-02 1.35669121e-01 8.23030852e-03
 6.10880140e-01]
[0.0864815  0.01125336 0.74300024 0.20273801 0.04270735]
[0.36099246 0.67866014 0.00550612 0.48737185 0.10334893]
[0.10247251 0.14836272 0.54034554 0.3537378  0.29143173]
[0.00438481 0.00139062 0.78377555 0.09429761 0.25272905]
[0.09224945 0.47392638 0.04487184 0.30719756 0.38949282]
[0.04918942 0.57070014 0.00099107 0.92724981 0.07638032]
[-2.92883978e-05 -7.76897006e-05  2.40184118e-04  9.49004247e-03
  5.77812793e-01]
[0.05934049 0.13050839 0.01228575 0.02692655 0.57114685]
[4.72806890e-04 2.19013572e-03 8.86185971e-01 6.89309153e-02
 4.30290262e-01]
[ 6.54841413e-03 -2.87235265e-05  2.52222045e-01  6.29207767e-01
  3.47547848e-01]
[0.34854327 0.18403455 0.51543588 0.1685708  0.21747395]
[0.05555949 0.16215389 0.63721    0.1779255  0.2126332 ]
[0.1249725  0.18674636 0.37597459 0.37992913 0.4123157 ]
[2.90304384e-03 2.31976185e-03 1.99789818e-04 7.10411869e-04
 6.94240706e-01]
[0.00774784 0.04348612 0.6449899  0.55121033 0.30244307]
[0.00854962 0.38819375 0.26236936 0.60950437 0.01506713]
[0.0058292  0.08526468 0.42419162 0.14832832 0.51798079]
[0.15836061 0.02410084 0.10395285 0.68057625 0.25134864]
[0.61112515 0.45661425 0.05367263 0.14962292 0.2515539 ]
[0.0918626  0.06964481 0.47121466 0.50704641 0.10613845]
[0.03496903 0.02678244 0.00261072 0.64286972 0.45177168]
[0.26039722 0.54010297 0.67845015 0.11160792 0.00524345]
[0.1826497  0.45456024 0.37931918 0.15708956 0.36514022]
[0.234239   0.56556495 0.53629603 0.05152529 0.12037317]
[0.00906918 0.00088056 0.00913294 0.60697654 0.48905107]
[0.06109988 1.18392737 0.00391775 0.06405951 0.29728887]
[0.01168307 0.46862882 0.6176513  0.216504   0.08492392]
[0.23903562 0.46627397 0.18136161 0.0664379  0.38848677]
[0.87867201 0.17615628 0.13068532 0.30525295 0.01299227]
[0.0544408  0.08819284 0.13740192 0.48710546 0.48904296]
[0.07301626 0.22293984 0.78895161 0.0929692  0.02055226]
[0.02900944 0.35979722 0.43646409 0.30371784 0.27734421]
[0.02967969 0.01794232 0.44528727 0.36680561 0.4946425 ]
[0.00317744 0.00792586 0.01333078 0.0015666  0.68083135]
[0.37534505 0.06771353 0.01248134 0.14830725 0.52788661]
[ 1.08880921e-03 -5.56909973e-04  3.96269403e-02  9.07806199e-04
  6.63701056e-01]
[0.15142364 0.01358006 0.03505865 0.56478482 0.33937755]
[0.00155783 0.0081111  0.11983541 0.31273787 0.56883825]
[0.05999225 0.04564258 0.2671298  0.61689107 0.07211894]
[0.21185079 0.05925212 0.37512257 0.1538757  0.44551664]
[0.10245848 0.07043888 0.59770743 0.32399337 0.20044871]
[0.01283156 0.24494092 0.38508451 0.61859748 0.02636618]
[-1.37952461e-04 -5.63739737e-04  1.36403435e-01  1.06507397e-01
  6.63383689e-01]
[0.05693189 0.77581606 0.27782583 0.03181356 0.23990808]
[0.15214718 0.75889203 0.06609448 0.16370673 0.14691824]
[0.18330032 0.70264844 0.42785207 0.1052775  0.00444445]
[0.99423898 0.09014255 0.01969797 0.00557999 0.03858987]
[0.08083161 0.06964014 0.485559   0.52638375 0.09723903]
[0.24330318 0.1993501  0.91390202 0.04152175 0.00138709]
[0.09089626 1.0058357  0.04887419 0.52082892 0.01846182]
[0.00323733 0.06016694 0.86337943 0.05943147 0.05964943]
[0.00174077 0.00394529 0.11765202 0.36413702 0.52032329]
[0.36492057 0.28343052 0.41770425 0.47661827 0.00384302]
[ 2.61598046e-03 -1.71630961e-04  6.68041837e-02  6.73729276e-01
  5.56350275e-01]
[3.85595498e-03 1.45123702e-04 4.19902773e-01 7.93496755e-01
 1.15369355e-02]
[0.00456297 0.82326561 0.01334508 0.58930849 0.10996438]
[0.45983573 0.18644037 0.59180053 0.01915093 0.14522899]
[0.65845178 0.10205757 0.41502422 0.17497387 0.01269439]
[0.01555326 0.03736613 0.73596979 0.06706462 0.10094745]
[0.0077244  0.50135723 0.62475468 0.05487724 0.09168916]
[0.42253128 0.06431036 0.1259451  0.29355574 0.37343986]
[0.1686822  0.17027825 0.53705109 0.4110306  0.03274136]
[0.63998366 0.10957786 0.48044279 0.00279132 0.03656253]
[0.31374998 0.24333397 0.01021332 0.14858114 0.5288483 ]
[0.55306772 0.06046471 0.00088536 0.65082776 0.16789051]
[1.55491858e-04 4.50063174e-01 9.11027863e-02 2.17573291e-01
 4.84748832e-01]
[0.0030323  0.00187823 0.43029112 0.62798001 0.08266358]
[0.38337163 0.03529442 0.08850805 0.47857973 0.35027507]
[0.86404465 0.37562223 0.11742443 0.28490167 0.02103461]
[0.23540857 0.12541118 0.42668054 0.05538101 0.53745584]
[0.08487871 0.06298428 0.43463663 0.03319573 0.51393976]
[0.32140814 0.92828986 0.01464384 0.50549741 0.03139315]
[0.67088026 0.55121671 0.08707267 0.02071983 0.03841755]
[0.09132475 0.11856797 0.30658616 0.70268116 0.05947455]
[0.15356974 0.26431865 0.61006741 0.40724265 0.13880718]
[0.28286169 0.08008861 0.04196949 0.44827873 0.50491591]
[0.34441148 0.32256255 0.82048612 0.03685319 0.00224231]
[0.35414311 0.66647718 0.00482012 0.50316299 0.10334893]
[ 3.22306873e-03 -7.49144534e-05  1.19606169e-01  9.48307178e-01
  1.48653434e-02]
[0.45531858 0.76224943 0.00640268 0.30962706 0.06362405]
[ 3.01769599e-02 -2.11967821e-04  9.40650006e-01  1.60559380e-02
 -7.23493585e-05]
[-2.21388184e-05  1.38033776e-04  1.02499116e-02  6.81601961e-01
  3.29198890e-01]
[0.96334559 0.12645089 0.01608153 0.46943797 0.07757445]
[0.39620776 0.2117649  0.43166746 0.06735446 0.48936262]
[5.70937524e-04 2.24427403e-03 9.11188878e-01 3.95461457e-04
 4.46494711e-01]
[0.0054463  0.0043682  0.36834564 0.73052784 0.04060598]
[0.09748222 0.91569882 0.06499798 0.19311432 0.04850304]
[0.01261437 0.05856323 0.00124759 0.63370841 0.4988439 ]
[0.02053941 0.05240754 0.15640271 0.81201934 0.0086495 ]
[0.47571349 0.03229235 0.06638904 0.10195159 0.49605814]
[0.00220402 0.12530718 0.49435888 0.08095525 0.47781625]
[0.03919351 0.00574981 0.64334681 0.54991292 0.30933622]
[0.29367977 0.26830737 0.88848751 0.01746846 0.05314922]
[0.74372754 0.00866134 0.02031866 0.12522645 0.29280658]
[0.31418506 0.10677528 0.5794895  0.03972186 0.20593194]
[0.28841153 0.87403031 0.18918946 0.25524253 0.03074328]
[0.00207918 0.01175075 0.33917762 0.64631524 0.23276187]
[0.04026613 0.45234705 0.71771641 0.12332971 0.01259003]
[0.52545191 0.12019811 0.00195041 0.61183066 0.37030066]
[0.06904405 0.80050608 0.00141178 0.80147818 0.14176029]
[0.32136545 0.75500727 0.00845232 0.04124482 0.29486859]
[0.17467387 0.94647005 0.07622971 0.04954654 0.17598459]
[ 1.75101625e-03 -4.73487852e-04  6.53003628e-01  5.17744500e-01
  3.02857915e-01]
[ 8.42791687e-02 -6.05528639e-05  5.93813979e-01  4.90808896e-01
  2.55544380e-01]
[3.37487054e-03 5.78959378e-05 5.70120057e-01 2.15298587e-01
 5.08182589e-01]
[0.11610983 0.63571128 0.05480422 0.13553289 0.31452006]
[0.03950855 0.52028538 0.37319542 0.28066739 0.28872469]
[0.00981851 0.06917645 0.26682618 0.772468   0.01939241]
[0.3971068  0.0716731  0.13828483 0.04436079 0.56034616]
[0.8775488  0.0083558  0.01966133 0.25987753 0.04275268]
[0.33093752 0.69214066 0.02797067 0.11593177 0.43886162]
[0.23930433 1.085045   0.0096767  0.11630999 0.1046749 ]
[0.01002955 0.03710415 0.02106797 0.83636005 0.01139558]
[0.07177964 0.00471391 0.64270757 0.53753658 0.10894113]
[0.05183615 0.03906193 0.85102601 0.17933055 0.01040849]
[0.52938642 0.50231939 0.1511258  0.46669966 0.03541006]
[0.00138794 0.00169414 0.44836198 0.4421828  0.36043019]
[0.0333908  0.38609396 0.2621172  0.60891665 0.01505226]
[0.18617164 0.4494663  0.57490381 0.03971769 0.09012892]
[0.02035193 0.15951269 0.55158927 0.36698929 0.34185411]
[0.79860295 0.06681545 0.4212651  0.11472251 0.0123796 ]
[4.14117416e-01 3.21273446e-04 8.66285918e-02 5.51049901e-01
 2.52083073e-02]
[2.44426490e-02 6.56107510e-03 1.61580811e-01 8.02638973e-01
 3.93815709e-04]
[0.04727838 0.1200774  0.2348136  0.60477329 0.28484486]
[0.01770471 0.04389239 0.58777384 0.1498079  0.41640693]
[0.00626731 0.0145949  0.01186472 0.68678089 0.17766034]
[ 3.10784644e-03 -3.29634973e-04  5.76260436e-01  4.04738803e-01
  4.90089762e-01]
[0.15634371 0.37297812 0.54875603 0.19259549 0.0859056 ]
[0.02806743 0.02832644 0.00206943 0.72448395 0.35047015]
[0.02732108 0.13771108 0.21765464 0.70890729 0.00376848]
[0.1640492  0.17351448 0.57334399 0.31889156 0.20067811]
[0.01570185 0.03728818 0.06159063 0.68246145 0.28040927]
[0.58168986 0.00081667 0.28767611 0.39323152 0.23975373]
[2.86108513e-02 4.70819093e-03 7.39048007e-04 1.03836114e+00
 4.23812725e-01]
[0.56256761 0.4316041  0.3647092  0.01325453 0.11679806]
[0.00118029 0.00158078 0.00978125 0.53170409 0.52333196]
[0.03815112 0.02926315 0.0028521  0.64574763 0.44881056]
[4.28288615e-04 7.92524187e-05 1.58189797e-01 7.92228860e-01
 2.88432670e-01]
[3.26997659e-04 2.08451885e-03 7.78190791e-01 4.57573940e-02
 4.37061394e-01]
[5.30081530e-03 4.22259290e-04 7.33394434e-01 7.99708406e-02
 3.68450150e-01]
[0.36032172 0.03135625 0.01757842 0.3688403  0.53402482]
[0.01001886 0.79756746 0.47226863 0.23952686 0.19985604]
[2.17522705e-01 4.57595782e-01 3.32276401e-01 6.08862185e-01
 3.31716422e-04]
[0.07378236 0.10741833 0.51816643 0.45057095 0.05150846]
[0.36807404 0.41534311 0.01609504 0.55877008 0.07036524]
[0.32220099 0.04157802 0.39696458 0.55808677 0.07830977]
[0.01633526 0.01859393 0.67568385 0.04843758 0.25145465]
[0.01566194 0.01067984 0.10414017 0.52803654 0.50123791]
[0.39393048 0.0885873  0.67222986 0.04988986 0.01364459]
[0.01891247 0.41989913 0.52257719 0.54734937 0.0466273 ]
[0.04151602 0.17558147 0.69032534 0.01395035 0.56609272]
[0.48068176 0.16126051 0.19217435 0.0573798  0.40722045]
[0.19863114 0.49434964 0.11597939 0.29001536 0.32523296]
[0.01189431 0.01084634 0.66191181 0.47247385 0.03577759]
[0.05671924 0.16750406 0.92070442 0.0283245  0.00831135]
[0.02392147 0.02222681 0.6808341  0.18230631 0.2429119 ]
[0.49561899 0.16964382 0.17331395 0.0268442  0.47129201]
[0.53939416 0.12183938 0.00764552 0.02164304 0.55048406]
[0.0997442  0.1056399  0.45256264 0.35273344 0.34215821]
[0.00268428 0.78523514 0.193773   0.38093622 0.17214555]
[0.01675359 0.0400753  0.16490934 0.52445511 0.41675335]
[0.01506497 0.64883055 0.47706124 0.03598123 0.13548205]
[0.099591   0.43395369 0.59784737 0.15990104 0.14866039]
[0.02615932 0.01046306 0.08051997 0.61398528 0.43488728]
[0.01091979 0.00943139 0.54273895 0.0417174  0.45528115]
[0.05818732 0.00646866 0.64620268 0.21899093 0.23869731]
[4.38757358e-04 1.23595629e-03 8.58345229e-03 8.45924751e-03
 6.11473172e-01]
[0.02242482 0.38150791 0.1132587  0.67555316 0.05967059]
[0.78903529 0.14739006 0.18935558 0.09880367 0.03770996]
[0.68489219 0.09093887 0.32373706 0.27192177 0.0090749 ]
[0.00225877 0.01411702 0.06067575 0.817775   0.00375589]
[0.45584789 0.47811145 0.02900047 0.02823661 0.52841313]
[0.09395148 0.23479743 0.34007806 0.45472408 0.45891826]
[0.20020451 0.95730817 0.01595315 0.49962227 0.08363901]
[0.00846069 0.00078228 0.0067121  0.50632382 0.5380354 ]
[0.05213529 0.08494804 0.1321262  0.46832737 0.51304023]
[0.36902303 0.30674506 0.00662912 0.23490113 0.49745978]
[0.04018664 0.3485027  0.00115231 0.8544294  0.26485715]
[0.06041464 0.0617458  0.31254652 0.0485521  0.54698861]
[0.00803562 0.52114514 0.64938504 0.08537611 0.08913007]
[0.00068964 0.02001199 0.55491287 0.28965144 0.37011862]
[0.49920393 0.96969212 0.00395395 0.39247201 0.07411755]
[0.01602167 0.00734618 0.87987091 0.08021923 0.06306339]
[0.23506549 0.26849897 0.46916262 0.49118882 0.04092146]
[0.20406264 0.19434378 0.4389989  0.13296096 0.48195599]
[0.12596406 0.41818836 0.00191669 0.86651036 0.0694621 ]
[0.04664342 0.00122277 0.00267442 0.6481924  0.43971778]
[6.77131289e-01 3.66474618e-04 5.86091285e-02 5.51056253e-01
 7.23569265e-03]
[0.00929307 0.00910831 0.00057403 0.56965087 0.51796988]
[0.46607427 0.89919365 0.00366908 0.35238707 0.29065025]
[ 4.67985951e-05 -2.92946123e-04  3.44583609e-01  6.77897640e-01
  2.36546954e-01]
[0.04373653 0.03350468 0.69230113 0.01868319 0.05176085]
[0.74821436 0.78158359 0.12994965 0.04786186 0.02665186]
[0.16351626 0.09793438 0.3813965  0.44721807 0.48284391]
[0.37736673 0.05818814 0.49054783 0.01940723 0.44409758]
[0.03821771 0.39219099 0.17736336 0.64403467 0.02649227]
[0.24587633 0.06885918 0.4353317  0.04572471 0.48875433]
[ 1.43728456e-02  7.60080259e-03  4.70389017e-02  8.33041808e-01
 -2.62217020e-04]
[0.09394914 0.08101679 0.42687074 0.46380451 0.23625975]
[-1.62377099e-04 -6.11512430e-04  2.48249762e-04  3.96570672e-02
  6.84094233e-01]
[0.25708741 0.55409752 0.05202651 0.44308073 0.28056183]
[0.06094657 0.33360966 0.4069545  0.55670785 0.00614983]
[0.12038553 0.2857048  0.05666209 0.3927674  0.49993731]
[0.02245537 0.21174336 0.0963032  0.53989911 0.45630929]
[0.30825708 0.72340404 0.37724643 0.02265998 0.0489741 ]
[0.72117173 0.10881335 0.49754472 0.07880697 0.00209751]
[0.88601445 0.09914939 0.4010501  0.01148051 0.03832651]
[0.67017425 0.74146766 0.10189061 0.08991636 0.03723819]
[0.07490821 0.01143172 0.49526889 0.73894011 0.01599795]
[0.01953754 0.00825398 0.648841   0.49886009 0.17727526]
[0.40701619 0.20298948 0.41840664 0.36632418 0.24995563]
[0.77508709 0.1206901  0.06395362 0.07066507 0.07993956]
[0.04289356 0.57599825 0.55106328 0.04255459 0.3951732 ]
[0.07268477 0.09417945 0.24395593 0.58149428 0.37143914]
[0.00902012 0.02495554 0.82254324 0.11703421 0.03537139]
[5.62521733e-04 1.08349141e-04 8.88189947e-03 7.76331131e-01
 2.50682323e-02]
[0.11681719 0.09099834 0.47464059 0.08441324 0.42290025]
[-2.53345517e-05 -5.60097737e-04  8.22062221e-02  1.16790624e+00
  3.17518775e-03]
[0.19023497 0.47178    0.03710205 0.59590277 0.26394512]
[0.0016248  0.49357868 0.09990544 0.24075261 0.56010175]
[0.58327454 0.00076768 0.38686066 0.42711154 0.28468761]
[0.22703471 0.53184308 0.02324527 0.1155117  0.57178548]
[0.89347206 0.09998892 0.40442556 0.00768844 0.1493366 ]
[0.57895565 0.25396136 0.29369574 0.18101602 0.20917949]
[0.97522117 0.1833703  0.19442557 0.00780394 0.15109444]
[0.7925463  0.13584584 0.75490195 0.01961911 0.06127467]
[0.80827032 0.60813403 0.04331669 0.20485878 0.08683792]
[0.01428953 0.32536081 0.20888964 0.63487665 0.26220692]
[0.03797926 0.33166566 0.00695786 0.79502715 0.06538834]
[0.0044674  0.00296853 0.27676738 0.79204625 0.02808627]
[0.68342054 0.79672145 0.19611269 0.01807526 0.05128606]
[0.07708889 0.08856668 0.49296321 0.02883172 0.53293659]
[2.00832322e-02 1.01661070e-04 1.25638574e-01 8.50405148e-01
 9.84129869e-02]
[0.01416769 0.01670701 1.04489356 0.08115497 0.19888094]
[0.00865102 0.82692934 0.48977018 0.24843434 0.04186505]
[0.08177518 0.51515391 0.34341476 0.34940853 0.53183018]
[0.24813638 0.59913175 0.46188534 0.06467809 0.09133146]
[0.60270713 0.67580316 0.00337275 0.83085123 0.08083579]
[0.04078807 0.00317949 0.63380176 0.1083025  0.46374547]
[0.4795697  0.0892119  0.5952107  0.09823451 0.36994021]
[0.03874308 0.02922681 0.86564751 0.23301321 0.09330521]
[0.1049236  0.01899143 0.85463327 0.15727676 0.05476771]
[0.01475016 0.18055069 0.43990166 0.37432996 0.51977763]
[0.14981609 0.35186106 0.60612912 0.04125241 0.29492024]
[0.0928163  0.07012131 0.07254572 0.78114328 0.18221433]
[0.18131072 0.15544865 0.52077801 0.49058086 0.24216086]
[0.17914811 0.01239866 0.04142371 0.62918622 0.45587082]
[0.0099453  0.1702685  0.13323198 0.78912273 0.04641142]
[0.00149399 0.00615801 0.00813734 0.18827334 0.66578581]
[0.38833196 0.83709211 0.08235526 0.02326034 0.32328608]
[0.63353857 0.12685078 0.44767167 0.48201439 0.01292958]
[3.98132885e-02 8.34098282e-02 1.02328095e+00 1.01617526e-01
 7.69878327e-04]
[0.01866701 0.00124235 0.36031415 0.49519153 0.42314747]
[0.03390056 0.62272254 0.58393046 0.05967179 0.1474875 ]
[0.17955658 0.44355763 0.48850175 0.08197263 0.51358131]
[0.39237148 0.24007158 0.40565165 0.18736257 0.49761258]
[0.32036427 0.75995706 0.45266807 0.27021438 0.05012174]
[0.00998191 0.04361223 0.82951695 0.15907782 0.17478328]
[0.27912902 0.05189261 0.20824336 0.80911876 0.00661798]
[0.42337761 0.74022187 0.19355301 0.15107802 0.03791481]
[ 0.69564953  0.07881988  0.0826503  -0.00079872  0.71346279]
[0.01334558 0.000946   0.00368094 0.46246245 0.62390641]
[0.04320407 0.08436798 0.00629919 0.86526693 0.08225205]
[0.07661887 0.21566443 0.76866822 0.05529301 0.06485063]
[0.23699783 0.02319588 0.26152033 0.37721702 0.54609194]
[0.73831201 0.08271603 0.33736195 0.09919838 0.05044103]
[0.10978679 0.01989547 0.41497045 0.80460179 0.00402413]
[0.00678327 0.00423941 0.00083635 0.12081816 0.64410955]
[0.03553187 0.67029359 0.49671605 0.05688375 0.14574598]
[0.00450236 0.00893103 0.32461275 0.04552009 0.59001494]
[0.02913565 0.10517425 0.85401911 0.27839013 0.07871288]
[0.3174879  0.26262817 0.52956442 0.37046995 0.30172702]
[0.02961929 0.29882043 0.72341441 0.24634938 0.03981488]
[0.04365907 0.08528128 0.00230073 0.88914082 0.3890925 ]
[0.00257041 0.04827204 0.77099157 0.48958634 0.06266583]
[0.53426552 0.0431043  0.07708225 0.13204082 0.50291978]
[0.02686534 0.02150856 1.03498058 0.06441311 0.00153981]
[0.02191553 0.18811538 0.00745053 0.48812187 0.58169414]
[0.09450668 0.2235105  0.66189649 0.05518989 0.29992958]
[0.06712653 0.05831177 0.74170954 0.05366188 0.27746485]
[0.08518535 0.08186831 0.30754264 0.22246201 0.55701189]
[0.19577275 0.51747473 0.00183113 0.89930412 0.30178513]
