[0.13438752 0.62219615 0.01365298 0.40821757 0.27502805]
[0.69304079 0.02423122 0.06398973 0.13560349 0.00544258]
[0.34854327 0.18403455 0.51543588 0.1685708  0.21747395]
[0.09186496 0.03015218 0.45293107 0.05267312 0.46582227]
[1.07699856e-04 3.83975181e-01 7.25187254e-02 1.84738223e-01
 4.67038714e-01]
[0.01680032 0.29921953 0.00479411 0.86377326 0.00363262]
[0.08926259 0.19595084 0.5890395  0.01953294 0.21986491]
[0.00967133 0.37089387 0.58103864 0.10612824 0.20877063]
[0.01172997 0.01659466 0.06245078 0.50818467 0.40324518]
[0.02537425 0.00291453 0.00822842 0.60696157 0.42132591]
[0.0015631  0.02417205 0.80617716 0.02427281 0.03773585]
[ 2.42107106e-04 -5.92470950e-04 -1.60350576e-05 -2.05368042e-03
  8.01016992e-01]
[0.1032076  1.19592964 0.00170775 0.05748963 0.13646086]
[0.31008232 0.16444593 0.46313057 0.16432029 0.34813429]
[0.18764768 0.37245795 0.47062597 0.01465217 0.24634291]
[0.46745404 0.06874735 0.09714024 0.6525107  0.01762507]
[0.30886367 0.04250779 0.19834614 0.04760813 0.50288239]
[0.21185079 0.05925212 0.37512257 0.1538757  0.44551664]
[8.23421367e-01 2.29095448e-01 4.81831789e-04 1.45128503e-01
 8.65163945e-02]
[0.01266702 0.011077   0.76450176 0.05747039 0.06923309]
[0.01215256 0.0061464  0.08623324 0.46625074 0.47742741]
[0.27663256 0.52103007 0.00421342 0.21036262 0.44360883]
[0.4262702  0.00560305 0.01162456 0.56333181 0.28609   ]
[0.05769361 0.08428537 0.40653587 0.56325868 0.05164386]
[0.06243131 0.1777642  0.64372639 0.28272788 0.02254816]
[0.36078579 0.0313974  0.00414191 0.36882916 0.53400877]
[0.05719144 0.77934513 0.2725165  0.01981375 0.23993916]
[0.02900944 0.35979722 0.43646409 0.30371784 0.27734421]
[0.29585364 0.24440433 0.67644518 0.02029581 0.00590157]
[0.02627775 0.07050763 0.05028076 0.00670453 0.58709289]
[0.22595921 0.24582219 0.04477459 0.01346152 0.52933023]
[0.2188534  0.54005649 0.40505219 0.05713292 0.18537844]
[0.42673505 0.04308478 0.55985608 0.03901486 0.07222864]
[0.06565962 0.19941285 0.09430787 0.23725895 0.55123631]
[7.45714531e-01 7.20433285e-02 5.38381520e-01 1.84393707e-01
 5.34497463e-04]
[0.00193613 0.00128154 0.37730573 0.71363857 0.01526775]
[0.16793521 0.01308943 0.03815671 0.62535995 0.21077117]
[0.15142364 0.01358006 0.03505865 0.56478482 0.33937755]
[-6.11007727e-05 -4.99497702e-04  1.44947397e-02  7.01746722e-01
  2.38404640e-01]
[0.21400992 0.37175286 0.00378387 0.68005976 0.06558771]
[0.00223476 0.00214654 0.40677499 0.03841715 0.47006497]
[0.05999225 0.04564258 0.2671298  0.61689107 0.07211894]
[0.12660176 0.06277679 0.59491626 0.38024802 0.10834688]
[0.19271321 0.18198612 0.44417432 0.43270359 0.20640082]
[0.00225877 0.01411702 0.06067575 0.817775   0.00375589]
[-9.72674695e-05 -5.04408161e-04  6.42731000e-01  7.89889606e-02
  2.03904329e-01]
[0.04714422 0.61615285 0.4488007  0.27691618 0.00271807]
[0.05804031 0.29912025 0.69445939 0.02685635 0.00376154]
[0.03950855 0.52028538 0.37319542 0.28066739 0.28872469]
[0.11016363 0.51007469 0.2263822  0.37808965 0.25480643]
[7.32046330e-03 4.64568619e-04 6.13119143e-01 1.67597526e-01
 2.72921507e-01]
[0.08839781 0.22525327 0.35406446 0.59662224 0.143998  ]
[0.06631278 0.40468133 0.29314823 0.52748888 0.28590138]
[0.32121537 0.08685968 0.57995067 0.01060516 0.20598314]
[0.42351869 0.88085067 0.0356506  0.14728131 0.00942965]
[0.4066186  0.13632816 0.16256629 0.04821065 0.49030752]
[0.00745622 0.00458838 0.32787501 0.39679868 0.48679164]
[0.08531608 0.43156126 0.10004323 0.37063661 0.40384054]
[0.12759878 0.14666793 0.63848619 0.05751275 0.18787544]
[0.00929307 0.00910831 0.00057403 0.56965087 0.51796988]
[0.65283137 0.10156117 0.05385968 0.35975131 0.0775131 ]
[0.00068964 0.02001199 0.55491287 0.28965144 0.37011862]
[0.3814314  0.05211726 0.5770627  0.19300543 0.09264577]
[0.15066184 0.81427672 0.0134847  0.3570239  0.00852472]
[0.00349756 0.00099534 0.84191958 0.02487665 0.3502837 ]
[0.08254958 0.12080571 0.31154546 0.55099928 0.20499687]
[0.02321262 0.11615103 0.44982786 0.48393842 0.14788159]
[0.42253128 0.06431036 0.1259451  0.29355574 0.37343986]
[0.53939416 0.12183938 0.00764552 0.02164304 0.55048406]
[0.03612553 0.59042409 0.03271244 0.11628441 0.51782855]
[0.61908841 0.09570912 0.38984836 0.16433377 0.01190733]
[0.07491891 0.23355524 0.95623642 0.00910499 0.00873063]
[0.12098565 0.25359482 0.02473825 0.14940699 0.5342459 ]
[0.0997442  0.1056399  0.45256264 0.35273344 0.34215821]
[0.01676696 0.1770209  0.00698488 0.4579686  0.54589308]
[0.04779695 0.01346704 0.13115117 0.69200468 0.00111988]
[0.02584947 0.9783859  0.05935266 0.21365771 0.00136675]
[0.00709979 0.07339098 0.36444165 0.64585358 0.02656799]
[0.03778878 0.13022159 0.66212444 0.03651581 0.08596119]
[0.6741673  0.00933518 0.01509345 0.45708478 0.04196822]
[0.56422901 0.01637315 0.13429732 0.3827764  0.03639795]
[0.05615695 0.13774407 0.66061049 0.03655108 0.08665666]
[0.00724095 0.00362781 0.46261586 0.07275313 0.43199094]
[0.05868728 0.14541778 0.60022913 0.16747361 0.1952865 ]
[0.11699093 0.16943455 0.62157891 0.40699812 0.01719907]
[0.06915645 0.43577556 0.31575905 0.54123673 0.06374894]
[0.08579654 0.49165349 0.00695144 0.44835178 0.51086505]
[0.04855151 0.94132952 0.00310415 0.05513012 0.23737948]
[0.05399038 0.51743281 0.00606235 0.73835373 0.01525176]
[0.63312953 0.02208415 0.05710728 0.19809589 0.18775144]
[4.88742349e-01 1.02678764e+00 2.97895786e-02 8.25915355e-02
 6.85241124e-04]
[6.21968771e-05 1.62459083e-02 1.76451122e-01 4.62716567e-01
 3.83241410e-01]
[1.00631722e-01 7.41611607e-02 5.01560740e-01 5.79815310e-01
 1.60411784e-04]
[ 1.00221077e-04 -2.14531911e-04  6.85354924e-01  8.43694338e-02
  8.20160955e-03]
[0.02512618 0.06413289 0.00541759 0.48646167 0.39127206]
[0.10210014 0.23972714 0.00265103 0.66667669 0.29710743]
[6.77131289e-01 3.66474618e-04 5.86091285e-02 5.51056253e-01
 7.23569265e-03]
[0.46134726 0.05476517 0.07711318 0.10995428 0.44167567]
[3.07665511e-03 1.56564798e-06 5.22159222e-01 1.97007636e-01
 4.65402000e-01]
[0.00784563 0.27834654 0.00609854 0.66193142 0.05052435]
[0.02634992 0.99074942 0.00114789 0.3232919  0.01608134]
[0.01787789 0.02550578 0.12567618 0.69005993 0.051491  ]
[0.62558892 0.00623193 0.00522319 0.43193279 0.0771662 ]
[0.03821771 0.39219099 0.17736336 0.64403467 0.02649227]
[0.06128593 0.12946367 0.01107547 0.02691618 0.57094302]
[0.11725943 0.00347295 0.49826121 0.41581909 0.14597547]
[0.37413029 0.12828824 0.64238728 0.04779974 0.01591017]
[0.03792321 0.0915274  0.19706561 0.6644084  0.12060639]
[0.24899465 0.48571213 0.18891464 0.06929348 0.36971986]
[0.1640492  0.17351448 0.57334399 0.31889156 0.20067811]
[2.98611972e-01 7.19661352e-01 2.83976284e-01 1.74473363e-01
 1.36986920e-04]
[0.07307795 0.09513198 0.24545185 0.07048932 0.52230803]
[0.11205857 0.57097279 0.4149293  0.44416883 0.00643713]
[0.69661679 0.01247629 0.12187098 0.21362626 0.0052163 ]
[0.0425933  0.26008326 0.18063561 0.32543718 0.46523688]
[0.56481378 0.0023414  0.13162078 0.44025274 0.22929484]
[0.0918626  0.06964481 0.47121466 0.50704641 0.10613845]
[0.00161346 0.03651374 0.44215201 0.51887952 0.05868272]
[4.02760752e-04 2.17422578e-04 6.33773354e-01 3.19449165e-01
 2.42917481e-01]
[-1.09591398e-04 -3.04776417e-04  4.16470078e-03  2.46378417e-01
  5.69614505e-01]
[0.31876703 0.36425384 0.61441056 0.01041243 0.01133658]
[0.02247728 0.00213602 0.25074728 0.09084538 0.5613379 ]
[0.02342713 0.30614667 0.36717647 0.52587227 0.00961615]
[0.55306772 0.06046471 0.00088536 0.65082776 0.16789051]
[0.59913362 0.11159834 0.08448556 0.4257514  0.05284682]
[0.01207055 0.16293305 0.35282308 0.52400526 0.29989583]
[0.1249725  0.18674636 0.37597459 0.37992913 0.4123157 ]
[0.05288253 0.20153378 0.52799871 0.44880096 0.01698951]
[0.04373653 0.03350468 0.69230113 0.01868319 0.05176085]
[0.00125244 0.00084965 0.00448139 0.67080227 0.2923192 ]
[0.01766508 0.36843978 0.13177035 0.04610632 0.55334931]
[0.39961849 0.31025022 0.00451158 0.35346139 0.53508798]
[0.19755435 0.02620039 0.5741171  0.0827376  0.34580402]
[ 9.67597947e-02  1.06953281e-01 -4.97846949e-05  5.45171420e-02
  6.36638052e-01]
[0.01519065 0.0368108  0.16564662 0.67399115 0.11999512]
[-9.02708530e-05 -9.25226480e-06  2.10187089e-01  4.17990242e-01
  4.66711199e-01]
[0.47617434 0.82754052 0.00848259 0.08787115 0.06284769]
[0.69029842 0.09478706 0.49595208 0.03127016 0.00419244]
[0.10260944 0.08458204 0.3676103  0.4280435  0.32476303]
[0.11784884 0.54942377 0.11681052 0.50359885 0.22845548]
[0.01454309 0.01167964 0.04150861 0.24650767 0.52353722]
[0.01357223 0.42990031 0.00944274 0.45975818 0.31939563]
[0.33506527 0.03961275 0.55177848 0.23492042 0.01983083]
[0.06584245 0.04539848 0.05137383 0.06032424 0.57179298]
[0.09394914 0.08101679 0.42687074 0.46380451 0.23625975]
[0.0115975  0.14238284 0.3544738  0.30059588 0.41752755]
[0.74228545 0.01065049 0.09897433 0.03715784 0.07644231]
[0.34695501 0.04582257 0.60294075 0.19485662 0.04216144]
[0.18532978 0.70938878 0.43200376 0.02167761 0.00444445]
[-1.23565984e-04  1.51363169e-03  7.23487360e-01  2.92148888e-02
  3.93177257e-01]
[0.59210036 0.02213789 0.0344738  0.02672516 0.37953219]
[0.19863114 0.49434964 0.11597939 0.29001536 0.32523296]
[0.36265401 0.06324763 0.31293501 0.14824651 0.45274865]
[0.48942819 0.06487969 0.60604994 0.01954116 0.14789703]
[3.27649242e-04 2.80210862e-04 5.16843718e-01 4.29457990e-01
 6.79934378e-02]
[0.23177188 0.49779572 0.00361535 0.64955139 0.00745494]
[0.72117173 0.10881335 0.49754472 0.07880697 0.00209751]
[ 1.11345768e-03  1.68259150e-03 -5.41591173e-05  7.60758335e-01
  9.46451005e-02]
[0.62585861 0.08457037 0.38763129 0.04337189 0.33757066]
[0.30569271 0.34350589 0.30075793 0.03981486 0.37373907]
[0.03822205 0.10997916 0.46655486 0.25238878 0.33868775]
[0.87611601 0.08654826 0.00913788 0.00109931 0.0579248 ]
[0.01610582 0.00169705 0.70085178 0.01895884 0.13681017]
[0.00268428 0.78523514 0.193773   0.38093622 0.17214555]
[0.00312644 0.00086695 0.39251175 0.58138194 0.07614732]
[2.87482692e-01 2.74079151e-02 8.33091628e-01 2.07116737e-01
 5.38565316e-04]
[0.00545544 0.02847594 0.43995843 0.46374495 0.2362774 ]
[0.01712387 0.00261938 0.01371875 0.39963267 0.45411482]
[0.16813263 0.2217671  0.61362212 0.05537551 0.03062411]
[5.22786647e-04 1.41844469e-03 6.75809596e-03 3.25223374e-01
 5.57769089e-01]
[0.43513637 0.0765737  0.37746944 0.17875385 0.36735599]
[0.13344725 0.29831188 0.47263654 0.06279358 0.30606733]
[0.03261336 0.09382312 0.39331602 0.21255192 0.42355391]
[0.05102398 0.04877557 0.12027868 0.33586597 0.51412085]
[0.13062523 0.01590846 0.03269703 0.59657799 0.35471142]
[0.0122065  0.02587814 0.2417659  0.70357865 0.06398809]
[0.07544999 0.46038334 0.33112803 0.59848019 0.00092044]
[1.00287475e-03 2.93981106e-04 2.48363779e-01 7.02248812e-01
 2.48976335e-02]
[0.11681719 0.09099834 0.47464059 0.08441324 0.42290025]
[0.00377031 0.2849755  0.06455114 0.63383482 0.04529229]
[2.17522705e-01 4.57595782e-01 3.32276401e-01 6.08862185e-01
 3.31716422e-04]
[0.29685239 0.43588204 0.36070168 0.34042621 0.05117626]
[0.19227251 0.04325167 0.4152401  0.02622697 0.48020976]
[0.34701931 0.06503482 0.60959238 0.01361801 0.04675905]
[0.01467341 0.002525   0.61694253 0.06795936 0.32405529]
[0.09598131 0.20352773 0.06494101 0.70236012 0.00287947]
[0.131335   0.00400039 0.26091979 0.69097637 0.02473939]
[0.68122461 0.18164585 0.00974289 0.07094572 0.30943727]
[0.04829222 0.09436091 0.00599242 0.98518396 0.01201459]
[0.0267429  0.15844397 0.65634933 0.37880361 0.00354854]
[0.05923242 0.14202279 0.58966514 0.20397171 0.19530604]
[0.01506497 0.64883055 0.47706124 0.03598123 0.13548205]
[0.72186728 0.00980226 0.01972037 0.1214859  0.28419603]
[0.77096819 0.02985799 0.00679796 0.15734972 0.01507914]
[ 2.03318158e-04 -6.32046788e-05  3.39199385e-01  5.56684034e-01
  1.91883099e-01]
[0.00902387 0.63716756 0.14392412 0.05494033 0.43321947]
[0.03041422 0.57700352 0.49244789 0.05336957 0.02410051]
[0.00135458 0.0016022  0.43354633 0.42750206 0.34816791]
[0.00461126 0.01740323 0.18804183 0.26558778 0.54397932]
[0.31812277 0.59865935 0.00439245 0.45179205 0.09280087]
[0.11610983 0.63571128 0.05480422 0.13553289 0.31452006]
[0.44442042 0.05273414 0.07347345 0.15183254 0.43835723]
[0.74792484 0.58108118 0.00760715 0.02682574 0.01106059]
[0.36902303 0.30674506 0.00662912 0.23490113 0.49745978]
[0.01807764 0.08753699 0.33896347 0.09087688 0.49049698]
[0.19639533 0.02450649 0.04071159 0.28088623 0.55648683]
[0.00892643 0.01165106 0.4988941  0.65654241 0.00337199]
[0.00441817 0.38185293 0.25803062 0.60194696 0.01485524]
[0.07980134 0.18829102 0.15526542 0.59693735 0.17605889]
[0.45014119 0.00855668 0.33282946 0.43524445 0.22692999]
[0.27561021 0.03548053 0.35027134 0.48678584 0.30892241]
[0.08041085 0.08037269 0.58794601 0.31423519 0.19784557]
[0.12560101 0.30316806 0.65000958 0.04253208 0.09035506]
[0.62999852 0.57928993 0.06318285 0.0585102  0.00176818]
[-1.62720421e-04 -6.11523767e-04  2.35307309e-04  3.78717754e-02
  6.54864229e-01]
[3.04727944e-04 2.28085212e-02 7.17256442e-01 1.36367601e-01
 4.33936697e-03]
[0.00674307 0.00177369 0.66334118 0.05487257 0.10365865]
[0.01189431 0.01084634 0.66191181 0.47247385 0.03577759]
[0.0365253  0.30062647 0.5915043  0.1716023  0.09270009]
[0.03827557 0.0819894  0.21224071 0.49142653 0.32690066]
[0.22939519 0.19709114 0.63178104 0.03172316 0.12028758]
[9.60480502e-05 2.73026176e-02 8.83326728e-01 1.49446335e-02
 2.43349556e-05]
[0.00175726 0.00106007 0.07147644 0.63695618 0.23484512]
[0.08036012 0.0656113  0.00713812 0.68959675 0.03403311]
[ 0.42287142  0.04576043  0.091669   -0.00135196  0.69562853]
[0.15492758 0.11773201 0.46608745 0.01694214 0.38434578]
[0.01354891 0.03816978 0.58427281 0.11194346 0.40829473]
[0.00657403 0.54382779 0.10657871 0.4816366  0.24536675]
[0.51642773 0.14594637 0.07613887 0.01337473 0.48360832]
[0.04524729 0.04888402 0.28565674 0.0022472  0.52156266]
[0.28702588 0.03340461 0.02260074 0.02637606 0.56358479]
[0.32136545 0.75500727 0.00845232 0.04124482 0.29486859]
[0.04727838 0.1200774  0.2348136  0.60477329 0.28484486]
[0.04974194 0.29439952 0.09346069 0.62429996 0.02950657]
[0.00221094 0.01206723 0.11656016 0.36201026 0.52118473]
[0.11966284 0.30498477 0.46775036 0.46826751 0.03803795]
[0.58067993 0.04790169 0.01437865 0.07568898 0.43131122]
[0.00763903 0.05205745 0.20039899 0.5785197  0.35754626]
[-7.26203580e-05 -3.76954565e-04  9.16038865e-04  6.71370827e-01
  1.32150281e-01]
[0.04705229 0.23582395 0.00240491 0.57800424 0.35465736]
[0.01958557 0.63933809 0.47237292 0.11863018 0.12516435]
[0.16544686 0.42404562 0.03316429 0.53252305 0.27844985]
[ 5.85526712e-02  4.13658441e-02  2.01243418e-01  8.05408731e-01
 -2.62383254e-04]
[0.07401132 0.08444948 0.16317728 0.45024618 0.44697127]
[0.07481435 0.08110592 0.267642   0.01298484 0.52063456]
[0.03898769 0.07191579 0.01728972 0.00614052 0.60603672]
[0.02047945 0.05204912 0.49909551 0.43286785 0.03510808]
[0.45793937 0.11875615 0.27379495 0.01139391 0.47610321]
[0.26841952 0.2043293  0.4127731  0.01605743 0.37502699]
[0.10259525 0.56136766 0.14759875 0.55859493 0.00178273]
[0.01092322 0.00943449 0.54290645 0.02101545 0.4543933 ]
[0.08979672 0.16941576 0.50975629 0.4024018  0.04988694]
[0.07393413 0.10693307 0.51998893 0.33464496 0.27570676]
[0.58456308 0.68141516 0.16774393 0.01515031 0.0224258 ]
[0.73859555 0.0133224  0.12932424 0.02374877 0.04698244]
[ 1.05848424e-02 -5.86348916e-04  7.07758955e-03  8.75180193e-01
  2.42202997e-03]
[0.00645107 0.00698193 0.36817997 0.14420955 0.45461104]
[0.29173299 0.05114267 0.47443124 0.0743987  0.30742815]
[8.26062153e-02 4.64646992e-01 3.35312064e-01 5.78596927e-01
 1.00200540e-04]
[0.04154902 0.04580339 0.17177553 0.22194572 0.51233977]
[0.00317636 0.01802691 0.58206316 0.68768608 0.05026546]
[0.07828627 0.06681068 0.22609296 0.64527553 0.22078849]
[0.22491829 1.0047576  0.00896497 0.08571283 0.0992396 ]
[0.05934049 0.13050839 0.01228575 0.02692655 0.57114685]
[0.29001565 0.34250908 0.33501695 0.59737982 0.00191325]
[0.19942167 0.42942265 0.00889605 0.02224983 0.46937431]
[0.05554486 0.00211629 0.01248492 0.59176267 0.36226775]
[0.62539592 0.10707271 0.33574177 0.01287387 0.03888594]
[0.11892648 0.30310693 0.47612621 0.47383954 0.03843396]
[0.05779391 0.00126599 0.59674628 0.19288932 0.20309797]
[0.21684592 0.18600631 0.62563638 0.02832994 0.218995  ]
[0.09475608 0.08283272 0.46756814 0.50528169 0.1057692 ]
[0.08107781 0.06620149 0.00622393 0.69522728 0.03437036]
[0.05819096 0.16568184 0.60011962 0.34893448 0.02216995]
[0.06121132 0.33528889 0.02890403 0.38147543 0.45066822]
[0.11860887 0.28668629 0.61458408 0.0434737  0.11712876]
[0.02132983 0.04540451 0.42001793 0.60502649 0.06366159]
[0.00174077 0.00394529 0.11765202 0.36413702 0.52032329]
[0.0174701  0.18439521 0.00454477 0.47673306 0.56817218]
[0.10070211 0.14069296 0.51957262 0.34005749 0.28021345]
[0.08712989 0.12713815 0.61350771 0.0197571  0.26100343]
[ 6.42453976e-05 -9.55127496e-05  7.85369265e-03  7.96555918e-01
  1.81267720e-02]
[6.50513992e-01 4.81261263e-01 2.24231642e-02 6.42188004e-01
 6.16094785e-04]
[0.1877468  0.44604824 0.01582097 0.7077921  0.01456471]
[0.53651747 0.00134072 0.20489618 0.38131175 0.01590504]
[0.20284135 0.23175315 0.35488853 0.02514643 0.47362473]
[0.00403335 0.1796834  0.27604374 0.58626457 0.24216657]
[0.01592815 0.10796174 0.17219837 0.54790601 0.33867446]
[0.00256567 0.35855906 0.40962722 0.01932611 0.37681111]
[0.585889   0.10849806 0.03302604 0.14449395 0.31206946]
[0.0218698  0.06459326 0.26107742 0.66500487 0.04324755]
[0.01579191 0.01272289 0.04503635 0.2739837  0.52154035]
[0.04783803 0.62519688 0.45538256 0.28435482 0.00077104]
[0.19419935 0.56190502 0.03032823 0.56169915 0.00179485]
[0.01469038 0.00596937 0.81531137 0.00086957 0.02774   ]
[0.08051604 0.18997925 0.15969484 0.60761872 0.16946653]
[0.45928066 0.07270248 0.40056057 0.36795516 0.25458335]
[0.09980736 0.55310222 0.14695194 0.0330397  0.45346029]
[6.35691809e-01 7.20888824e-01 4.30402597e-04 2.12357422e-01
 6.81316375e-03]
[0.14877596 0.43364715 0.10022976 0.24712057 0.43245157]
[0.00934825 0.04085198 0.62226797 0.0141876  0.30478978]
[0.01852913 0.00087553 0.01467441 0.42750977 0.48565116]
[0.6793879  0.15361017 0.00964343 0.07020368 0.32043637]
[0.01256067 0.07915808 0.30762756 0.41988827 0.4314331 ]
[0.26088245 0.24579149 0.57183982 0.04072582 0.04794587]
[0.01854233 0.01756029 0.34256072 0.67221482 0.02995058]
[0.4814915  0.05960953 0.5966355  0.0223016  0.00519095]
[0.27488841 0.03287969 0.35678234 0.49213791 0.31230845]
[0.00300498 0.28895483 0.02676154 0.62328264 0.04664846]
[2.13561945e-04 2.31155925e-03 4.58944835e-01 3.28012092e-01
 3.92643984e-01]
[0.08784581 0.55336245 0.3688594  0.33189514 0.02175936]
[ 1.13825710e-02  2.12220398e-02  6.45671358e-02  7.14827768e-01
 -2.18446308e-04]
[-1.42750597e-04 -4.60151275e-04  2.62526354e-05 -5.64767438e-04
  6.70696301e-01]
[0.05367064 0.1297274  0.66173431 0.03654313 0.08663877]
[0.01426667 0.00434596 0.49627105 0.0255687  0.46016005]
[0.02694334 0.33427813 0.39085815 0.27517814 0.30615223]
[0.0020348  0.05772925 0.00476256 0.01952764 0.62569175]
[6.85608362e-01 5.32626045e-01 4.71971273e-04 1.42274489e-01
 8.49163991e-02]
[-1.50545832e-04 -5.82610832e-04  3.14730583e-02  7.02066455e-01
  5.86950045e-01]
[0.17620075 0.22402002 0.58384869 0.17055152 0.12025322]
[1.22946213e-04 3.99352325e-04 5.08111950e-03 7.55782612e-01
 9.50990989e-02]
[0.10887045 0.0764514  0.66775948 0.00947322 0.02833232]
[0.51426267 0.04738512 0.2654893  0.0768097  0.44174607]
[ 1.37157613e-04 -1.60315985e-04  4.87949005e-01  5.92038992e-01
  2.39576075e-01]
[0.03250234 0.00645016 0.15342058 0.68152203 0.12073326]
[0.05930198 0.2981395  0.69299056 0.05195608 0.00376041]
[0.01259072 0.00053677 0.42601988 0.0240557  0.46663497]
[0.01445756 0.37107385 0.13279657 0.04643535 0.557125  ]
[0.48904604 0.00644425 0.01765877 0.59144698 0.15161906]
[0.01497912 0.02588649 0.55365019 0.12200974 0.427323  ]
[5.97327754e-01 4.63982103e-01 4.04155414e-04 5.29296122e-01
 9.22784638e-02]
[4.14117416e-01 3.21273446e-04 8.66285918e-02 5.51049901e-01
 2.52083073e-02]
[0.05587848 0.04136568 0.24679597 0.6741568  0.07716048]
[0.03530538 0.05672972 0.26163078 0.07088986 0.5251903 ]
[0.62848051 0.96894282 0.00170659 0.05919063 0.17945086]
[0.00767335 0.00619101 0.40410149 0.42523489 0.30370394]
[0.07066694 0.46461987 0.06677889 0.31975665 0.38784233]
[0.45537551 0.18462672 0.59521428 0.01915337 0.14524571]
[3.77264579e-01 1.12613582e+00 3.07717882e-02 8.53804813e-02
 7.21212818e-04]
[0.05693189 0.77581606 0.27782583 0.03181356 0.23990808]
[0.00457502 0.02928361 0.65889565 0.03898717 0.00556832]
[0.00287077 0.01504004 0.08947975 0.47292842 0.47835158]
[0.09224945 0.47392638 0.04487184 0.30719756 0.38949282]
[0.64542806 0.06998268 0.14796984 0.53526782 0.03126072]
[0.03574085 0.54251869 0.02115564 0.60367506 0.0553646 ]
[0.24061014 0.38778977 0.09582633 0.09954263 0.45690494]
[0.0065242  0.80899164 0.37727771 0.12235737 0.01108692]
[0.26905921 0.39748884 0.0401041  0.49861616 0.15966103]
[0.02554143 0.15710997 0.56551183 0.40388164 0.09405167]
[8.59426747e-01 6.29770856e-04 7.43985082e-02 3.07063315e-02
 6.93396680e-03]
[0.01283156 0.24494092 0.38508451 0.61859748 0.02636618]
[0.18772333 0.5471997  0.03102236 0.03277998 0.45011052]
[2.72656999e-04 1.81725029e-04 5.24500344e-01 4.35851106e-01
 5.15749041e-02]
[0.03015918 0.4149264  0.29086872 0.28429361 0.41678327]
[0.53344652 0.00217745 0.2638219  0.45750298 0.23825144]
[0.01883339 0.01908089 0.55826519 0.32362905 0.22175712]
[ 5.32538704e-02  2.95569178e-02  4.30005889e-02  8.30006845e-01
 -2.62479181e-04]
[0.10960341 0.10971132 0.5492035  0.401722   0.25262635]
[0.00693671 0.01404547 0.18369807 0.48166547 0.36463045]
[0.0260266  0.26744666 0.12101978 0.70412683 0.02663528]
[0.11623494 0.16833731 0.62187501 0.40698319 0.01719842]
[0.37188927 0.03975049 0.0011286  0.38078458 0.52559886]
[-1.60841950e-04  1.58260660e-04  8.22424709e-03  6.51941109e-01
  2.33647536e-01]
[0.15846218 0.13002253 0.45004093 0.40238463 0.20475349]
[0.89019771 0.00848503 0.01886332 0.26364535 0.00522712]
[0.06768332 0.42645975 0.28434966 0.26384522 0.43699316]
[0.11393165 0.02164498 0.38597585 0.29356479 0.42958633]
[0.37510044 0.1298651  0.64447901 0.04000738 0.00846269]
[0.09169628 0.27310611 0.02508592 0.15153226 0.54174326]
[0.01287527 0.15468478 0.39065737 0.25714953 0.42292481]
[0.00688196 0.00182161 0.67666802 0.0560181  0.07609236]
[0.01760788 0.01540744 0.24368891 0.54246972 0.34790837]
[0.63998366 0.10957786 0.48044279 0.00279132 0.03656253]
[0.25108849 0.05421838 0.04832883 0.63055441 0.04505657]
[0.09593331 0.35872425 0.56920589 0.23311112 0.00354612]
[-1.18121229e-04 -4.89996696e-04  6.42209322e-01  7.89231087e-02
  2.77898760e-01]
[0.18717555 0.43131164 0.36528258 0.14291128 0.35013077]
[0.11927263 0.25518476 0.03809657 0.5881648  0.26056603]
[0.09943521 0.00129692 0.44130373 0.05977515 0.42484956]
[0.02115759 0.00896342 0.64967358 0.51686011 0.0207533 ]
[0.07287767 0.07606324 0.50019839 0.63065732 0.00843926]
[ 1.47798649e-04 -2.84934114e-04  1.36596808e-02  6.61595835e-01
  3.15133987e-01]
[0.33252098 0.11138422 0.13294445 0.03903724 0.50919799]
[0.60610451 0.0266619  0.00858661 0.23207879 0.37453503]
[0.06537029 0.18398291 0.65606077 0.2190936  0.03648599]
[-6.06436678e-05 -6.06402916e-04  3.55221813e-03  3.77947668e-02
  6.56349779e-01]
[0.1686822  0.17027825 0.53705109 0.4110306  0.03274136]
[0.40395833 0.01586922 0.25309761 0.63458694 0.02132899]
[0.00560585 0.03184691 0.37316233 0.61861607 0.04377728]
[0.13090707 0.10203179 0.5318125  0.09483891 0.37119191]
[0.27672014 0.21212929 0.31317348 0.49524141 0.23939216]
[0.00300802 0.13235935 0.29976855 0.5974347  0.24677146]
[0.07998574 0.05547634 0.06246047 0.00474622 0.5716792 ]
[ 2.00718417e-04 -6.70206114e-05  3.36839497e-01  5.52796723e-01
  2.01614835e-01]
[0.52545191 0.12019811 0.00195041 0.61183066 0.37030066]
[0.0976222  0.23087524 0.60829672 0.04448147 0.10388016]
[0.01187723 0.04434867 0.58079141 0.47214948 0.00445469]
[ 0.71108844  0.0789104   0.00975055 -0.0010581   0.0275709 ]
[0.00658023 0.25421134 0.2905901  0.56283942 0.21866737]
[0.4617787  0.00822528 0.34142576 0.39030237 0.21942763]
[0.0009492  0.00262444 0.01049924 0.31748235 0.54477027]
[0.63140473 0.02777604 0.37158843 0.12007669 0.02594124]
[0.00524768 0.77789344 0.51867703 0.03676385 0.00716231]
[0.2248379  0.00408932 0.97528215 0.01117939 0.00891284]
[0.05743498 0.11925109 0.46599234 0.53957355 0.00283655]
[0.05637131 0.01195314 0.59303257 0.19267907 0.20192881]
[9.29618740e-04 3.57367325e-02 4.09944411e-01 6.95446128e-01
 5.04129266e-04]
[0.00801261 0.01041745 0.48156326 0.66580565 0.06552689]
[0.01261814 0.03817818 0.19494685 0.23681068 0.5502034 ]
[0.15634371 0.37297812 0.54875603 0.19259549 0.0859056 ]
[0.45299604 0.06000632 0.56094829 0.01792704 0.23143596]
[0.47571349 0.03229235 0.06638904 0.10195159 0.49605814]
[0.02943844 0.43245214 0.51381258 0.57224225 0.00058346]
[0.72430734 0.00187825 0.34573783 0.02638941 0.03149202]
[0.12304001 0.06099584 0.57820016 0.36950428 0.16576519]
[0.31058466 0.05455982 0.50509097 0.07198568 0.32679619]
[0.00055219 0.00216731 0.40700081 0.49130062 0.19739378]
[ 1.43728456e-02  7.60080259e-03  4.70389017e-02  8.33041808e-01
 -2.62217020e-04]
[0.10110023 0.14732423 0.54606969 0.42604955 0.05288392]
[-1.23840252e-04 -4.32647530e-04  2.61825828e-02  6.18448183e-01
  5.14013666e-01]
[0.02220902 0.05356468 0.03101842 0.67886954 0.08634099]
[0.1657939  0.43084316 0.01629999 0.52818414 0.31642846]
[0.45983573 0.18644037 0.59180053 0.01915093 0.14522899]
[0.01976984 0.18893962 0.64045075 0.37792498 0.01381368]
[0.26292622 0.38842019 0.03918929 0.4872088  0.1972368 ]
[1.19006263e-02 2.11638838e-02 5.27636610e-03 3.60839295e-04
 6.28561068e-01]
[5.04590790e-04 1.55013753e-04 6.04903906e-01 5.18446794e-01
 4.98496285e-02]
[0.04948673 0.12560333 0.2455966  0.55659953 0.25612767]
[0.37729168 0.01641119 0.22205966 0.58122218 0.02660544]
[0.07068075 0.47715595 0.0625106  0.30812027 0.38804122]
[0.36032172 0.03135625 0.01757842 0.3688403  0.53402482]
[1.88535143e-01 4.07377689e-01 1.85108349e-04 7.35563813e-01
 2.70553630e-01]
[0.00403313 0.00111639 0.11782395 0.36467203 0.52108388]
[9.88266877e-02 2.52831089e-01 7.47843341e-01 1.08549168e-01
 5.41895249e-04]
[0.35313008 0.7585754  0.00553568 0.29756196 0.00717718]
[3.72787154e-03 1.71638246e-04 5.25465253e-01 6.17273806e-02
 4.42389192e-01]
[0.30068794 0.26979264 0.03827986 0.67467362 0.01441443]
[0.01382446 0.01206182 0.55867741 0.01847312 0.42603307]
[0.0917885  0.47155958 0.04464777 0.31038798 0.3897421 ]
[0.42083555 0.00747778 0.08617379 0.55237433 0.02538346]
[0.41159333 0.07269174 0.76338963 0.03413916 0.00196058]
[0.02602451 0.02897447 0.37281488 0.61900865 0.03929523]
[0.00822498 0.01157318 0.02405139 0.42865595 0.4632842 ]
[0.48105919 0.05955548 0.59609994 0.02299369 0.00518477]
[0.19739155 0.05950417 0.3722582  0.3834345  0.41144822]
[0.3966704  0.35933163 0.01865842 0.60390111 0.01479659]
[0.04708364 0.09807909 0.44030996 0.06134071 0.42410389]
[ 1.49275784e-01  1.70409275e-01  6.40328446e-01 -2.03268707e-04
  2.76715506e-01]
[0.00352542 0.10918766 0.00570098 0.98750358 0.01204377]
[0.05716656 0.02974855 0.26740316 0.07250102 0.52295979]
[5.70937524e-04 2.24427403e-03 9.11188878e-01 3.95461457e-04
 4.46494711e-01]
[0.13808441 0.11929469 0.46152549 0.39868121 0.23761925]
[0.11902581 0.33552137 0.00541821 0.12468504 0.52778753]
[0.10092489 0.08592531 0.60310249 0.34366732 0.0917271 ]
[0.36322495 0.26550224 0.4080548  0.4655596  0.00200115]
