[0.01444428 0.00581257 0.76226813 0.20811793 0.24713828]
[0.00139991 0.06155238 0.08177777 0.02681644 0.64768121]
[0.01726185 0.00130716 0.00502945 0.00432115 0.71661573]
[0.45222901 0.08409279 0.10906944 0.61139275 0.05576048]
[0.04519196 0.04017639 0.24706319 0.71501346 0.12028791]
[0.12880309 0.12214023 0.4194733  0.34192631 0.48971813]
[0.08554701 0.20783095 0.10215319 0.75975054 0.16754088]
[5.72587183e-04 9.94058161e-02 5.08808754e-02 2.68117889e-02
 6.47577058e-01]
[0.04743576 0.09347484 0.00252817 0.9721247  0.42535701]
[0.02913565 0.10517425 0.85401911 0.27839013 0.07871288]
[2.55743542e-04 3.67734543e-02 2.65728848e-02 1.02000028e-01
 6.18009210e-01]
[0.01034196 0.00108613 0.0104804  0.69377895 0.55880041]
[0.06423807 0.14090836 0.01327222 0.03156163 0.60647833]
[0.0314746  0.00245398 0.78177165 0.11116383 0.38072742]
[0.3174879  0.26262817 0.52956442 0.37046995 0.30172702]
[0.14029878 0.22734611 0.01039587 0.45260606 0.58483128]
[-8.61571151e-05 -1.86497821e-04  5.79036271e-03  2.95884633e-01
  5.94919946e-01]
[0.08065034 0.07205925 0.44022783 0.03353584 0.52054548]
[0.49271589 0.88687517 0.01538265 0.46070445 0.07505247]
[ 5.09493273e-04 -1.37887820e-04  2.61786787e-02  3.44366722e-02
  7.41525688e-01]
[0.10460175 0.20273262 0.08384318 0.54861876 0.45413544]
[0.00170637 0.02250843 0.02779946 0.02743242 0.58849659]
[ 3.17948329e-03 -8.22728609e-05  1.18067272e-01  9.36083845e-01
  1.21915505e-01]
[0.43174243 0.0805818  0.12781825 0.80045642 0.00226169]
[0.26164988 0.17127061 0.15226254 0.70358283 0.05928112]
[0.38107988 0.34219436 0.11953715 0.59400678 0.11902546]
[0.12560101 0.30316806 0.65000958 0.04253208 0.09035506]
[0.29640308 0.33563356 0.30601648 0.7972894  0.00235946]
[0.20267912 0.19190264 0.65899857 0.47815576 0.03215475]
[0.45376196 0.24155781 0.16729622 0.05568811 0.53676192]
[0.00764297 0.01334207 0.0034255  0.01753884 0.68696651]
[0.03321982 0.05291117 0.24706558 0.71511313 0.1203029 ]
[0.18772333 0.5471997  0.03102236 0.03277998 0.45011052]
[0.00639872 0.00982576 0.00759959 0.00089918 0.74220776]
[0.93213617 0.6970173  0.10338702 0.06492506 0.31233404]
[0.63353857 0.12685078 0.44767167 0.48201439 0.01292958]
[0.59037076 1.09856605 0.00453751 0.43143987 0.0844473 ]
[0.00300385 0.01928005 0.04179186 0.75839452 0.52272526]
[0.00835405 0.02585691 0.10532409 0.28241713 0.53980907]
[1.18745556e-04 8.58130853e-04 2.19821561e-02 1.09700952e+00
 1.84117031e-01]
[0.09999634 0.07585399 0.51286477 0.54898337 0.1152232 ]
[0.16556154 0.09916572 0.38616277 0.45283297 0.48888219]
[0.21882421 0.54462484 0.45438568 0.17007274 0.41414244]
[ 2.55177777e-02 -8.78755757e-05  1.42882428e-01  7.22520635e-01
  2.63124626e-01]
[0.24168651 0.22957832 0.55905319 0.40823849 0.02636766]
[0.03102567 0.02363093 0.69692139 0.5519852  0.09570264]
[0.53710299 0.04951614 0.2772792  0.08031545 0.46143029]
[0.58664361 0.10925978 0.14149189 0.42570919 0.05284156]
[0.34676833 0.6532026  0.00529491 0.25614217 0.55012186]
[0.08151437 0.19466258 0.44748204 0.64406667 0.27167216]
[-1.05211524e-04 -2.82670115e-04  4.46853744e-03  2.64274277e-01
  6.10979447e-01]
[0.11208028 0.11220058 0.56159662 0.41083472 0.25833566]
[0.64650732 0.0705744  0.47623696 0.34653253 0.07855183]
[0.01193432 0.00679451 0.49068252 0.40257543 0.54457497]
[0.00911135 0.02704336 0.11059896 0.28055404 0.54033855]
[0.02191553 0.18811538 0.00745053 0.48812187 0.58169414]
[0.10082599 0.10088998 0.69092596 0.25004346 0.22184087]
[0.36889634 0.19713164 0.31687677 0.05568316 0.53671592]
[0.02830873 0.386623   0.13853507 0.04858265 0.5817658 ]
[0.74489107 0.56041025 0.04982799 0.10405769 0.07868469]
[0.18961671 0.10018465 0.06998827 0.41676213 0.52875806]
[0.06638389 0.05384217 0.0604184  1.0512407  0.00154146]
[0.4795697  0.0892119  0.5952107  0.09823451 0.36994021]
[0.17931759 0.11750255 0.15187277 0.90518937 0.00234846]
[0.00427467 0.00740697 0.00193948 0.02069577 0.68634815]
[0.00838249 0.00217391 0.00595191 0.00468324 0.67970987]
[0.00152515 0.02962938 0.59131095 0.70340896 0.04858854]
[0.0264709  0.07525179 0.62437943 0.6620484  0.08178494]
[0.15578149 0.01292159 0.31019799 0.65113582 0.31037166]
[0.70362021 0.52602271 0.06181022 0.14979157 0.1737014 ]
[0.02425112 0.01642571 0.11371811 0.00765646 0.62428231]
[3.98132885e-02 8.34098282e-02 1.02328095e+00 1.01617526e-01
 7.69878327e-04]
[-4.36352991e-05  2.19722682e-01  2.56991081e-01  9.48991255e-01
  3.25017973e-03]
[0.01225384 0.02960082 0.22016073 0.76960906 0.14531895]
[0.41528584 0.03828215 0.09587729 0.51858089 0.38182296]
[0.34520524 0.00679644 0.45007996 0.68496665 0.08610393]
[0.67433861 0.6413599  0.10456784 0.27096306 0.03047907]
[8.20629666e-04 2.30195330e-03 1.37709808e-02 3.82342109e-04
 7.21349271e-01]
[0.06584245 0.04539848 0.05137383 0.06032424 0.57179298]
[0.13127753 0.19618595 0.39491995 0.39917931 0.4364096 ]
[6.03413966e-02 3.10211663e-04 7.66747887e-01 1.09296318e-01
 3.77853650e-01]
[0.13145468 0.01081053 0.26180191 0.69331922 0.10133127]
[ 6.14210339e-02 -3.65938150e-04  1.26683077e-02  8.43235331e-02
  6.10718912e-01]
[0.78265591 0.13414332 0.46821823 0.0198276  0.05022426]
[0.53150897 0.50433522 0.15173176 0.47000936 0.0355897 ]
[0.36682888 0.28491518 0.43048293 0.485358   0.00989551]
[0.60966549 0.05032261 0.05718524 0.07996341 0.45950161]
[0.0465015  0.192496   0.75769676 0.01552157 0.59600728]
[0.01258485 0.02414396 0.17522892 0.46218207 0.3828003 ]
[0.30033721 0.05587945 0.22406018 0.8707213  0.00210039]
[0.03390056 0.62272254 0.58393046 0.05967179 0.1474875 ]
[0.72776586 0.55548786 0.04844096 0.0832153  0.33715062]
[0.00266519 0.37443431 0.64412964 0.38748746 0.06491769]
[0.91770039 0.13364541 0.01534091 0.52957206 0.07704591]
[ 2.30513509e-05 -1.86683918e-04 -1.50430643e-05 -2.04965228e-03
  8.22258919e-01]
[0.00845159 0.54759392 0.6823063  0.09351477 0.05059127]
[0.3295251  0.06076941 0.01855525 0.42575957 0.48240638]
[0.01648129 0.00122124 0.00480179 0.00450206 0.69115229]
[0.05585728 0.62699463 0.72297961 0.10418532 0.01245534]
[0.04754055 0.03646477 0.75199907 0.03098944 0.08156919]
[0.40180553 0.07495408 0.186418   0.79279742 0.01075388]
[2.27299268e-02 2.08914528e-04 1.60571986e-01 7.71432296e-01
 2.71029326e-01]
[0.03396659 0.027373   0.01011877 0.55867942 0.46190331]
[0.10799357 0.26064024 0.69858605 0.05400362 0.09453474]
[0.03290897 0.00391774 0.67110548 0.18313357 0.43238498]
[0.06729509 0.01207079 0.45574861 0.97370571 0.00436152]
[ 1.19587236e-03 -4.22675958e-04  2.96528298e-02  9.19587729e-01
  4.43724113e-01]
[2.03223082e-04 1.01581582e-03 5.14750461e-01 6.40279485e-01
 3.93962660e-01]
[1.18580092e-04 8.91432258e-04 2.24576275e-02 1.12072506e+00
 1.82060854e-01]
[0.10938786 0.01784242 0.96330191 0.1636366  0.0672366 ]
[0.01614937 1.03703458 0.0465016  0.09739664 0.36226898]
[0.39738965 0.33036053 0.01185328 0.23933141 0.52622852]
[0.03518955 0.32804454 0.36612027 0.7110731  0.03021655]
[0.38037989 0.10968009 0.17972972 0.76052964 0.01031267]
[ 5.41883534e-02  6.77901516e-02  5.98370417e-02  1.04111389e+00
 -2.24242103e-04]
[0.21426079 0.53326318 0.44491603 0.18462346 0.42834644]
[0.04121121 0.01483416 0.68694025 0.54607202 0.08326252]
[0.02121146 0.00307477 0.02788543 0.61517038 0.4975007 ]
[0.47006329 0.00126514 0.09708284 0.65805494 0.0337274 ]
[0.47755538 0.89077098 0.00366689 0.34923947 0.28914786]
[ 3.22640803e-03 -7.48556590e-05  1.19721903e-01  9.49226446e-01
  1.48801153e-02]
[ 9.52114646e-04  2.39601282e-03  1.44030228e-02 -5.36681028e-04
  6.63631230e-01]
[0.06724269 0.00180414 0.47005361 0.64239418 0.27601524]
[0.00528396 0.00184191 0.6496771  0.49780978 0.17723767]
[0.50743801 0.26507332 0.52498261 0.45585366 0.02698324]
[0.00678327 0.00423941 0.00083635 0.12081816 0.64410955]
[0.00757794 0.04253993 0.58260434 0.68939649 0.0503911 ]
[0.5059191  0.00569692 0.64560998 0.14680866 0.06511364]
[0.01051713 0.04594369 0.87325127 0.08887065 0.19446505]
[0.81096602 0.12713967 0.06724469 0.076739   0.25521447]
[0.07248383 0.05591352 0.04358199 0.01113904 0.62862101]
[2.68580982e-04 3.78996279e-02 2.71847597e-02 1.04816876e-01
 6.15055041e-01]
[0.07487762 0.23723413 0.84314906 0.07329626 0.02191537]
[0.39961849 0.31025022 0.00451158 0.35346139 0.53508798]
[9.98479280e-03 4.63921020e-02 5.70949983e-04 7.15015426e-01
 4.92770427e-01]
[0.0754317  0.09775346 0.25315612 0.5798692  0.37309662]
[0.44046443 1.07545352 0.00391396 0.0855983  0.29429768]
[0.36528215 0.68672816 0.00557217 0.49051713 0.08763566]
[0.29067101 0.24040531 0.49112454 0.34201836 0.31137525]
[0.1062359  0.20590422 0.08048534 0.55242214 0.45727434]
[0.25056633 0.23802979 0.57869922 0.17793457 0.21264394]
[3.57438399e-03 9.55822864e-05 6.02207035e-01 6.52818160e-02
 5.05742663e-01]
[0.06989859 0.02434768 0.03958684 1.03699917 0.00277558]
[0.01036705 0.00432205 0.20944248 0.26395687 0.6298197 ]
[0.64121917 0.01279179 0.12930364 0.58305285 0.27520932]
[0.081471   0.23534105 0.49844404 0.76599045 0.04664993]
[9.92889524e-05 8.77819782e-03 1.87224552e-03 9.03757499e-03
 7.02305815e-01]
[0.12836551 0.01933581 0.11711299 0.92798044 0.01217449]
[0.11950955 0.11297053 0.38878256 0.88780543 0.00237892]
[0.00527791 0.01132978 0.18301842 0.68360756 0.2563759 ]
[0.01819573 0.01351812 0.31974206 0.71791872 0.0839553 ]
[6.25975199e-04 3.43654715e-03 6.06379799e-02 1.00699325e+00
 3.78916991e-01]
[0.5216273  0.12843618 0.00194207 0.61291163 0.37103689]
[0.38232935 0.2092955  0.27343035 0.6025825  0.17699376]
[0.02026936 0.00321524 0.24584432 0.34775363 0.56308562]
[0.02660866 0.01504957 0.58734916 0.80247549 0.01273339]
[0.00230343 0.01488247 0.00378087 0.47489059 0.6354332 ]
[0.13294117 0.57922862 0.05069985 0.58231019 0.36578425]
[ 4.33428572e-01  4.97867080e-01  5.54692499e-02 -3.68415693e-04
  6.29989058e-01]
[0.05620164 0.05586189 0.41891126 0.15478557 0.51953043]
[0.02241863 0.03605615 0.16444203 0.50616433 0.52585232]
[0.03839419 0.06291699 0.45466823 0.97139268 0.00743458]
[0.53344652 0.00217745 0.2638219  0.45750298 0.23825144]
[1.01821075e-04 7.73124637e-03 2.24352526e-01 5.24353567e-01
 5.22079158e-01]
[0.00214786 0.04073569 0.58733522 0.70585045 0.06266583]
[0.0954961  0.08215322 0.23904332 0.64605319 0.25446936]
[-6.06436678e-05 -6.06402916e-04  3.55221813e-03  3.77947668e-02
  6.56349779e-01]
[0.19486827 0.1491894  0.12365308 0.70794453 0.11909647]
[0.0267552  0.01710371 0.68250908 0.16129748 0.43593636]
[0.01839453 0.00808846 0.83754053 0.04076972 0.29539395]
[0.61578267 0.47062217 0.03566777 0.09747089 0.28658139]
[0.03958007 0.74636595 0.55068168 0.06345137 0.15652926]
[0.00318544 0.4511278  0.7130343  0.23879587 0.04023908]
[0.03946852 0.03029017 0.00295203 0.69901794 0.49120652]
[0.09915358 0.07522668 0.59822806 0.32422471 0.20069465]
[0.10390848 0.40011193 0.08799019 0.65159332 0.05486382]
[0.17234731 0.17914217 0.58380222 0.44423522 0.03713043]
[0.26085505 0.29800233 0.52060423 0.54527498 0.04545249]
[0.02695108 0.00524847 0.02149245 0.46317975 0.52664197]
[0.01940371 0.01805118 0.01946178 0.72132215 0.21243053]
[0.03792321 0.0915274  0.19706561 0.6644084  0.12060639]
[0.00954295 0.01066415 0.4637231  0.02637468 0.49495426]
[0.60210605 0.09189099 0.1445838  0.41224777 0.03921593]
[0.05716656 0.02974855 0.26740316 0.07250102 0.52295979]
[0.51763511 0.66105222 0.02459332 0.38941726 0.08981976]
[0.14285927 0.01277829 0.03307489 0.62735815 0.37354647]
[0.00333461 0.25976655 0.53598641 0.50373942 0.24863874]
[0.05109261 0.00833079 0.73717723 0.28144851 0.00940452]
[0.0016248  0.49357868 0.09990544 0.24075261 0.56010175]
[1.23605731e-02 2.19936087e-02 5.43801659e-03 4.53853837e-04
 6.52226600e-01]
[0.22703471 0.53184308 0.02324527 0.1155117  0.57178548]
[0.06949878 0.11883578 0.51926088 0.32666242 0.46283135]
[6.21968771e-05 1.62459083e-02 1.76451122e-01 4.62716567e-01
 3.83241410e-01]
[0.29586573 0.0919447  0.46849522 0.75563845 0.01747694]
[0.01131649 0.21061796 0.65846008 0.52092426 0.0698121 ]
[4.42090112e-03 1.03939881e-04 2.95739880e-03 7.72824257e-01
 1.40845650e-02]
[0.01566562 0.00076246 0.01066806 0.00248937 0.71783731]
[0.09632252 0.24642016 0.72892499 0.10509871 0.01448122]
[0.00213689 0.0025118  0.472964   0.65370014 0.09149443]
[0.20336043 1.07097781 0.01609775 0.47706537 0.0783668 ]
[1.62176079e-04 9.58088981e-03 2.74103502e-01 5.21921674e-01
 5.41257004e-01]
[0.0826137  0.46468907 0.33519671 0.57854153 0.00640603]
[0.13054574 0.6511804  0.06173905 0.13961588 0.32385922]
[0.02353697 0.56046137 0.0019519  0.90732385 0.04993682]
[0.35455915 0.7853033  0.06832781 0.1846047  0.04925344]
[0.02904656 0.06053943 0.0867178  0.94130829 0.01405197]
[0.10033028 0.24213085 0.64908819 0.04749908 0.11062874]
[0.01351385 0.00540357 0.72343936 0.46873088 0.02916832]
[0.12772803 0.55651997 0.08081787 0.59344663 0.36637177]
[0.07661887 0.21566443 0.76866822 0.05529301 0.06485063]
[0.38833196 0.83709211 0.08235526 0.02326034 0.32328608]
[0.06859944 0.38237728 0.41672953 0.59258593 0.25361967]
[0.14981609 0.35186106 0.60612912 0.04125241 0.29492024]
[5.38144954e-03 1.78719304e-02 7.00246843e-04 1.80529252e-02
 8.19985044e-01]
[7.86688404e-04 3.95524428e-03 5.64020564e-03 1.01829497e+00
 4.01961338e-02]
[0.04779193 0.18154507 0.49500685 0.05666684 0.44174394]
[0.02922607 0.41337886 0.49082779 0.54671892 0.08665076]
[0.73859555 0.0133224  0.12932424 0.02374877 0.04698244]
[0.0153298  0.03710109 0.91395469 0.29615553 0.08221289]
[0.08865627 0.90487824 0.11243819 0.15993823 0.15935355]
[0.52460763 0.09803915 0.53794373 0.49049567 0.03331416]
[0.05406452 0.0098984  0.11792075 0.85181289 0.01240715]
[ 1.12004505e-01  1.23870589e-01 -4.89905870e-05  6.34295544e-02
  7.36829507e-01]
[0.76794455 0.89530935 0.3971281  0.02157511 0.06052538]
[0.07874859 0.50493567 0.63879986 0.08741528 0.05904544]
[0.01092322 0.00943449 0.54290645 0.02101545 0.4543933 ]
[0.12574955 0.36737756 0.42102384 0.55261546 0.22277523]
[0.00372827 0.00389047 0.99876097 0.059336   0.54342218]
[1.43047725e-02 2.86455593e-02 7.44036155e-04 1.83361379e-01
 8.17704168e-01]
[0.3490938  0.0643904  0.24195379 0.80559828 0.00225113]
[0.01591628 0.00592083 0.02096269 0.15628257 0.64350921]
[0.00621748 0.00089972 0.00149828 0.01564144 0.69067634]
[0.02480839 0.00666766 0.16263442 0.80802385 0.0136954 ]
[0.50348104 0.28033035 0.72673923 0.08410643 0.01249146]
[0.02075783 0.01431422 0.13767692 0.69868532 0.25441976]
[0.00453886 0.11844249 0.0189414  0.02559717 0.61060916]
[0.15086683 0.01229515 0.56594835 0.49879547 0.10177594]
[0.8928274  0.09991635 0.40413378 0.00768134 0.03862226]
[0.10110023 0.14732423 0.54606969 0.42604955 0.05288392]
[0.2800077  0.03744449 0.14030399 0.71662376 0.05949104]
[0.36367023 0.31808003 0.59281649 0.05242362 0.27129991]
[0.23245622 0.06507003 0.41158444 0.16814415 0.48856193]
[0.06332793 0.35301946 0.47172276 0.65786839 0.06389597]
[0.02076523 0.00973404 0.50289615 0.62643357 0.36478193]
[0.72976225 0.06100437 0.38495447 0.10465004 0.19081754]
[0.64786273 0.00864958 0.42972627 0.47466864 0.31632904]
[0.18469902 0.01653948 0.43681703 0.64500693 0.38045276]
[0.02673025 0.00349993 0.39270356 0.60042726 0.41820574]
[0.04154785 0.08041592 0.92792366 0.09199538 0.1078187 ]
[0.17167068 0.33290166 0.13754972 0.0607593  0.5808907 ]
[0.17547386 0.01251517 0.00200424 0.21577724 0.72079884]
[0.01515924 0.02427673 0.11431746 0.12756491 0.62208363]
[0.20555191 0.33391827 0.08663148 0.43557081 0.56234419]
[0.00210479 0.04897152 0.07940918 0.05998441 0.64131562]
[0.14021298 0.05805903 0.82554686 0.07680971 0.30479962]
[0.5541438  0.00085483 0.10942231 0.72814954 0.3028345 ]
[0.10221835 0.72130683 0.60742415 0.16366126 0.19183914]
[0.71326398 0.82327072 0.11914505 0.03207233 0.51569781]
[0.36413115 0.4928481  0.03164084 0.06533445 0.52390217]
[ 3.36181496e-05 -3.09864187e-04  1.44446739e-01  1.12912313e-01
  6.59776055e-01]
[0.0026189  0.36831251 0.6358096  0.38221029 0.29073816]
[4.75926241e-01 5.51731400e-01 8.01432454e-02 2.26966075e-04
 6.96450811e-01]
[0.48141885 0.84174259 0.61697516 0.20848557 0.05227247]
[0.06597072 0.19484328 1.07043952 0.18913704 0.02231852]
[0.02114946 0.03521931 0.74565189 0.520389   0.24286511]
[0.14940384 0.41302599 0.31207891 0.02523175 0.65956096]
[0.16416039 0.3947532  0.6471286  0.04466087 0.3181125 ]
[0.70848449 0.15686818 0.29422768 0.19991962 0.21253708]
[0.0153363  0.00795264 0.61523906 0.50530098 0.39002885]
[0.35721008 0.0039435  0.00589028 0.17278616 0.6697045 ]
[0.03692047 0.32024825 0.0098389  0.80589933 0.24917819]
[0.0306782  0.09517393 0.27057469 0.18019023 0.59276027]
[6.75589828e-03 3.78460839e-05 5.42689097e-01 9.35781942e-01
 7.58524196e-02]
[0.03400776 0.00473081 0.53712746 0.4265396  0.50122277]
[0.12465608 0.10764848 0.56761511 0.5118103  0.32099906]
[0.10485095 0.47900285 0.35911779 0.63949926 0.04668001]
[0.02196048 0.05260115 0.11390898 0.38247856 0.54639847]
[0.33053112 0.38305137 0.05565156 1.06125072 0.05059124]
[0.07392176 0.00581788 0.05641259 0.21745099 0.60457714]
[0.09474389 0.06169851 0.05513109 0.25365615 0.59153501]
[0.091375   0.07061094 0.05419667 0.12645859 0.61677452]
[0.15047868 0.71143669 0.16029204 0.38218602 0.43465202]
[0.75205011 0.11664815 0.49345557 0.19561241 0.07153528]
[0.35278962 0.47429539 0.18781973 0.05149696 0.43985277]
[0.14595572 0.24625608 0.47571451 0.15353623 0.55498607]
[0.31441354 0.0309671  0.26975034 0.43887694 0.53206272]
[0.15978905 0.03845553 0.02824249 0.28388518 0.59190641]
[0.80753118 0.94148278 0.41759787 0.03430476 0.19941252]
[0.09643091 0.58036536 0.38741515 0.39444523 0.51129172]
[0.54525841 0.15490527 0.08092988 0.18924195 0.54231503]
[0.03364094 0.19079178 0.20091816 0.72915896 0.30812292]
[0.54153648 0.97041722 0.01685727 0.48272673 0.19162304]
[0.01927511 0.02513895 0.14739918 0.70879656 0.49536324]
[0.44635878 0.51809549 0.7733261  0.0342695  0.30484714]
[6.81382903e-03 3.54880107e-04 1.90132576e-02 1.05417233e+00
 8.36493403e-02]
[0.01827969 0.13376616 0.77735181 0.14858517 0.09289725]
[0.32302467 0.696274   0.06537537 0.56528903 0.35472627]
[0.03047398 0.33806285 0.81734869 0.54303576 0.01926306]
[0.02548229 0.00263571 0.42481113 0.51260365 0.59161566]
[0.00149698 0.00617017 0.00815205 0.18861529 0.66698212]
[0.835005   0.00964164 0.24239576 0.30645903 0.1921557 ]
[0.52475903 0.01815928 0.10367055 0.77997392 0.27315931]
[0.01677059 0.04088368 0.21265288 0.92524625 0.08689935]
[0.21662305 0.49527215 0.43567946 0.52174805 0.25090793]
[0.03036421 0.02889412 0.35407798 0.24415885 0.61100172]
[0.85410132 0.015501   0.14955261 0.04865711 0.10279669]
[0.31034624 0.65135293 0.46837852 0.34633696 0.08209238]
[0.92237094 1.09263281 0.140317   0.04210018 0.06215573]
[0.0099453  0.1702685  0.13323198 0.78912273 0.04641142]
[0.03440244 0.54230081 0.49841365 0.27874888 0.44432841]
[0.4625031  0.03363498 0.24518341 0.64934489 0.37952635]
[0.24813638 0.59913175 0.46188534 0.06467809 0.09133146]
[0.20929845 0.17377292 0.40611272 0.21202194 0.52884501]
[0.77979298 0.14542392 0.18808188 0.09928523 0.05695001]
[0.39780841 0.81859683 0.08647211 0.2097718  0.24488391]
[0.50560473 0.56699722 0.21038383 0.03323665 0.25460655]
[0.07116302 0.13793626 0.85807846 0.03333683 0.36469617]
[0.202259   0.03976206 0.15247853 0.33805966 0.54778253]
[0.13609259 0.02411749 0.38159671 0.12782385 0.60685145]
[0.10803378 0.01273245 0.09293257 0.5759089  0.52843119]
[0.63434839 0.38475831 0.09468321 0.01183183 0.66381534]
[0.50707676 0.79993059 0.31869329 0.03114833 0.34119459]
[0.2895954  0.0968219  0.01254053 0.70120552 0.52050734]
[0.19117723 0.03420406 0.33037565 0.14243814 0.56436356]
[0.32551905 0.07674339 0.3505848  0.05470613 0.62320088]
[0.96953573 0.7369694  0.10795167 0.0679683  0.32652323]
[0.13034098 0.61289425 0.16320712 0.82066009 0.00789121]
[0.21410904 0.11221724 0.67798507 0.05598481 0.50896509]
[0.03320826 0.02940109 0.18178031 0.52555528 0.44382116]
[0.70528283 0.52726682 0.06195637 0.15015052 0.17411271]
[ 1.90422063e-01 -3.63719680e-04  6.36577225e-01  5.77823828e-01
  3.42198126e-01]
[0.6457456  0.01643871 0.12754822 0.61656325 0.29364744]
[ 2.14268703e-02 -3.41820750e-04  2.13717165e-01  1.06197059e+00
  3.86335430e-02]
[0.34418142 0.28049478 0.34404327 0.41017825 0.54011451]
[0.55816901 0.00086548 0.10474293 0.73188999 0.30438765]
[0.39237148 0.24007158 0.40565165 0.18736257 0.49761258]
[0.02289938 0.0710205  0.20175077 0.26061663 0.60081102]
[0.56786362 0.00684376 0.72282276 0.17894001 0.20133172]
[0.45726338 0.89559741 0.05098349 0.13051016 0.080826  ]
[0.00258248 0.05902078 0.07531246 0.06066978 0.64044195]
[0.42774059 0.69322699 0.12550853 0.14238502 0.42299767]
[0.00913511 0.03438361 0.29497951 0.85887715 0.07815865]
[0.61852688 0.05932734 0.31939396 0.09283838 0.53156305]
[0.15268446 0.25931467 0.02306061 0.47966058 0.53374147]
[0.01004398 0.05131138 0.77838134 0.72210753 0.18001759]
[0.38594471 0.3527443  0.66150438 0.05807769 0.26440052]
[0.00634655 0.03217685 0.14111269 0.97799838 0.08441832]
[0.13952833 0.01799641 0.03204769 0.80506915 0.43429167]
[0.03246129 0.11142022 0.05092875 0.13110817 0.61256027]
[0.02617057 0.01550496 0.47221392 0.3671858  0.52232491]
[0.62206904 0.00233292 0.46825917 0.64835434 0.00860036]
[0.03851557 0.38824174 0.93946855 0.30460168 0.01967561]
[0.08084192 0.09343285 0.4830676  0.02830414 0.5238545 ]
[0.85059617 0.08491702 0.17679194 0.04889521 0.10048733]
[0.23518879 0.0041883  0.02330452 0.74943984 0.27890347]
[0.42400135 0.07636771 0.0594692  0.11749594 0.57871581]
[0.0155604  0.17609098 0.42635329 0.88003379 0.01849212]
[0.05334482 0.13586178 0.21391328 0.83228834 0.04360604]
[0.85860032 0.99569045 0.15087186 0.03868461 0.05732665]
[0.13310218 0.02514203 0.065918   0.11159886 0.64726594]
[0.51301934 0.25599313 0.52631205 0.45715199 0.27335429]
[0.02851332 0.00557133 0.0224578  0.48748375 0.55416955]
[0.01976284 0.03118634 0.14699597 0.42390404 0.60359222]
[0.4705306  0.36559556 0.28265266 0.48022951 0.09272657]
[0.07730568 0.00611153 0.0590891  0.23034127 0.60252959]
[0.82876713 0.61966801 0.09734366 0.08711644 0.35547513]
[0.05406879 0.15383932 0.55125847 0.59837982 0.29958524]
[0.01575817 0.00639014 0.8308027  0.22702155 0.26939323]
[0.01593425 0.00097449 0.6287536  0.08894778 0.50977431]
[0.05830261 0.30174477 0.82246802 0.543137   0.08022057]
[0.31606522 0.53714017 0.03179447 0.05338812 0.52729975]
[0.07573933 0.03057714 0.94205364 0.09340249 0.10943626]
[0.43193015 0.21542318 0.46879627 0.08322155 0.52807721]
[0.09959714 0.00677295 0.89121388 0.11063074 0.15698329]
[0.33794448 0.03611388 0.46516036 0.83853281 0.04003922]
[0.0277423  0.07969856 0.89447471 0.14567365 0.10571316]
[0.1111208  0.23736651 0.63762689 0.45870787 0.30282257]
[0.38284653 0.84096385 0.0787206  0.19831251 0.05280423]
[0.00203801 0.7738733  0.32173485 0.59194185 0.33786688]
[0.01492569 0.18180024 0.44295461 0.37694244 0.52372852]
[0.03111072 0.09477109 0.27001679 0.17981433 0.59153745]
[0.00459814 0.19888289 0.31905035 0.67159805 0.27734533]
[0.0308072  0.06277689 0.8320332  0.11901939 0.28758623]
[0.0070687  0.07872469 0.00255016 0.01675578 0.79126287]
[0.8045671  0.93802551 0.41606518 0.0386748  0.06481962]
[0.00825963 0.03773956 0.77041857 0.44265352 0.42891712]
[0.05299144 0.61470637 0.00215384 0.99884545 0.08229563]
[0.00089    0.00587458 0.02765421 0.19023785 0.70315818]
[0.09501179 0.52947135 0.38201019 0.65962755 0.00735748]
[0.00834615 0.05060835 0.10769656 0.73154052 0.50981886]
[0.02062403 0.03979608 0.01650337 0.37536458 0.61921997]
[0.15013392 0.70980715 0.16340557 0.38287184 0.43460233]
[0.30254718 0.10089959 0.01291124 0.74474988 0.46835864]
[0.08518535 0.08186831 0.30754264 0.22246201 0.55701189]
[0.57955509 0.10889331 0.11735265 0.05996086 0.46707426]
[0.00423228 0.00245686 0.16981795 0.00511647 0.72192918]
[0.03626645 0.66600701 0.62448253 0.0990429  0.15851356]
[0.03549727 0.0212115  0.67590406 0.52887362 0.22907154]
[0.04496344 0.13030352 0.19114954 1.04518477 0.0632752 ]
[0.14153414 0.11035358 0.5211306  0.05962258 0.46396337]
[0.08902943 0.07608215 0.07254572 0.78114328 0.18221433]
[0.04379828 0.12932103 0.82290741 0.14751971 0.09809757]
[0.01427959 0.05184846 0.42327287 0.85736977 0.06466121]
[0.0865891  0.25934366 0.15034479 0.72240894 0.24316858]
[0.07703982 0.21685001 0.77734444 0.05592212 0.29366608]
[0.00886174 0.00731972 0.25179083 0.69674977 0.34767518]
[0.0941518  0.13694464 0.50179727 0.32090583 0.46535154]
[0.07283584 0.02938419 0.52854119 0.04463597 0.53364229]
[0.24744766 0.06999108 0.4413791  0.18019177 0.52315443]
[0.00391218 0.01962153 0.05827758 1.02437874 0.08682558]
[0.18776211 0.38918612 0.30998929 0.02504844 0.65893941]
[0.3803827  0.33259115 0.61995999 0.05492219 0.28373953]
[0.38147262 0.20882535 0.34472398 0.66027801 0.19497616]
[0.08835675 0.40501878 0.27460206 0.05449971 0.58795247]
[0.36525405 0.05605865 0.02206243 0.47034139 0.53270838]
[0.01222181 0.58272652 0.37651052 0.63460308 0.28460028]
[0.00873729 0.01667651 0.20296452 0.55433878 0.45936648]
[0.10961712 0.08480338 0.06500728 0.11002862 0.63832518]
[0.10285721 0.09650505 0.5716585  0.61047621 0.12863062]
[0.20165984 0.57795369 0.90178023 0.1509991  0.05263377]
[0.12606061 0.01034244 0.25107087 0.66481848 0.31309047]
[0.03233632 0.01351215 0.01155509 0.4743398  0.61078133]
[0.05063079 0.58738318 0.00582314 0.95266049 0.07544429]
[0.10117499 0.25244518 0.36567904 0.48451145 0.49092208]
[0.07434343 0.21319404 0.76171436 0.05982668 0.28960258]
[0.18372986 0.3563064  0.1472063  0.04229519 0.61618365]
[0.56611009 0.45009453 0.00289798 0.97597066 0.50524025]
[0.01714888 0.05316507 0.16122861 0.29801751 0.61144952]
[0.25541439 0.05706455 0.54464907 0.54961071 0.30059768]
[0.02105247 0.01588068 0.37067145 0.73635486 0.08806882]
[0.0510149  0.11185405 0.01055734 0.01952123 0.69399256]
[0.01580343 0.0063018  0.83148321 0.22720925 0.26961421]
[0.04079264 0.08698111 0.72345063 0.49507232 0.32682778]
[0.44224317 0.09852684 0.5476145  0.63581702 0.11869431]
[0.03088033 0.04223359 0.61521456 0.10068919 0.51210318]
[0.01668209 0.0400674  0.92148199 0.13713666 0.31825127]
[0.3813042  0.837575   0.07840339 0.2435536  0.05340467]
[-3.95062782e-05  2.26898528e-01  2.65362545e-01  9.79968014e-01
  1.15022070e-02]
[6.39924816e-03 2.97499837e-04 1.78813865e-02 9.91469610e-01
 2.91964665e-01]
[0.00570331 0.02497447 0.5153195  0.64196018 0.38900636]
[0.02679298 0.37670356 0.32422057 0.87232199 0.01813381]
[0.18599129 0.45946008 0.4708134  0.08140395 0.51743648]
[0.00448121 0.1439599  0.10244831 1.11984553 0.0119918 ]
[0.0118668  0.49276398 0.33296856 0.77405608 0.01958643]
[0.09578355 0.09582231 0.64403226 0.34506814 0.21584262]
[2.00832322e-02 1.01661070e-04 1.25638574e-01 8.50405148e-01
 9.84129869e-02]
[0.13048778 0.10170345 0.53011115 0.06020745 0.46836001]
[0.01052515 0.03383721 0.12185396 0.52435698 0.54957391]
[0.06592784 0.00175702 0.22686052 0.71975252 0.2609568 ]
[0.12447595 0.0900419  0.16985349 0.73210768 0.46909633]
[0.0375402  0.0578825  0.78285654 0.15944928 0.47298606]
[0.09805971 0.2382586  0.11963405 0.78006534 0.17369534]
[0.01231238 0.00715208 0.50792162 0.41646298 0.56234775]
[0.01283028 0.04635148 1.04183419 0.33790996 0.09294093]
[0.39973242 0.24399125 0.42649247 0.11427584 0.49898646]
