[0.69105955 0.77153808 0.13908677 0.08953815 0.25554354]
[0.3148763  0.24523903 0.61661943 0.61462304 0.01053977]
[0.27779374 0.50607007 0.39459715 0.54814878 0.15384953]
[0.01103034 0.01242862 0.33762292 0.05481366 0.59009428]
[0.23727181 0.2534808  0.47621025 0.18625131 0.45611275]
[0.00302557 0.01352039 0.67094053 0.44511664 0.06257496]
[0.28891983 0.54619327 0.56589616 0.04935506 0.35124997]
[8.55305877e-01 2.46840594e-01 3.21746457e-01 2.82009364e-01
 3.71262596e-04]
[1.05340776 0.01596    0.13990186 0.05703028 0.03480325]
[0.21758292 0.96834729 0.41011176 0.30677047 0.36457986]
[0.00661423 0.01108569 0.61924257 0.11529919 0.32363933]
[0.72057376 0.15072698 0.01109171 0.27679992 0.22178351]
[0.33013051 0.30319375 0.45963796 0.02295878 0.42051232]
[0.0155158  0.0169717  0.00310817 0.86618957 0.18472826]
[0.54330855 0.01821949 0.4063364  0.54801789 0.16145728]
[0.1354136  0.00415226 0.60477576 0.52104907 0.14959847]
[0.80012653 0.34297372 0.32753013 0.29042501 0.0471982 ]
[0.41466993 0.71461782 0.28948915 0.14352009 0.11825386]
[0.3513945  0.28669552 0.69702574 0.01451903 0.02992704]
[0.38074637 0.11143352 0.77115675 0.28175135 0.01404796]
[0.26911233 0.17448903 0.51833914 0.61107524 0.29081384]
[ 1.74751954e-02  3.66137121e-02  6.67283697e-01 -6.11432881e-04
  3.05971422e-01]
[0.45129835 0.85332708 0.05376901 0.05241329 0.21412835]
[0.84179855 0.05582789 0.12503451 0.05433104 0.14656439]
[0.54880963 0.09406278 0.40786921 0.06651206 0.56939177]
[0.01642658 0.40057221 0.00354058 0.70213247 0.00229903]
[0.20426796 0.45257178 0.40943146 0.59952252 0.07280515]
[0.00658979 0.01034473 0.00985135 0.14718004 0.59745467]
[0.25417057 0.28228773 0.37293056 0.61633686 0.24055274]
[0.03265738 1.18212451 0.12570761 0.327411   0.01102695]
[0.55906118 0.43477926 0.04177318 0.01572743 0.54708783]
[0.04826593 0.01027652 0.24142368 0.8523455  0.00831196]
[0.47473936 0.00331464 0.15674498 0.48106859 0.56743972]
[0.5524469  0.61669853 0.11118464 0.07152072 0.42173415]
[0.07058302 0.11406081 0.10362488 0.0489668  0.59772309]
[0.76150035 0.0094688  0.17783493 0.34872908 0.18216575]
[-1.68241283e-04  1.74512337e-02  1.44898735e-02  8.12230076e-01
  5.93997618e-02]
[0.00624158 0.00439191 0.01249604 1.01237444 0.01126998]
[0.08061073 0.0448383  0.01146214 1.03642337 0.00599298]
[ 8.75890391e-02  9.57504424e-02  5.02303575e-01 -2.51050165e-04
  4.47033210e-01]
[0.23802148 0.52739403 0.47703914 0.00173726 0.41652402]
[0.64073161 0.00825202 0.14963009 0.29309629 0.43942737]
[6.94767134e-02 3.55207643e-02 8.08711622e-01 3.52333217e-01
 1.50548969e-04]
[7.18492744e-02 4.01261692e-04 8.53469490e-01 4.17013156e-01
 2.95693737e-01]
[0.24697156 1.09912088 0.1140213  0.31355437 0.00428084]
[0.01830315 0.01380431 1.1760673  0.15377733 0.02051299]
[0.14892373 0.02958769 0.01162121 0.62662115 0.59138701]
[0.24446258 0.19183105 0.46873477 0.02008752 0.6018963 ]
[2.87209874e-03 7.03843410e-04 2.47488679e-01 9.32554161e-01
 5.17511282e-02]
[ 4.89738586e-03  1.00793468e-02  8.38831880e-01 -2.18237719e-04
  5.50588244e-02]
[0.4426371  0.13140846 0.02814294 0.46560202 0.54420445]
[0.14770475 0.00223587 0.69571389 0.73673661 0.00148655]
[0.00739429 0.99097414 0.05500322 0.09284438 0.18663246]
[0.3353279  0.96930711 0.09809077 0.00171756 0.19554808]
[0.00655348 0.16481315 0.8428058  0.27510433 0.01403476]
[6.24014830e-01 4.18492909e-01 4.60627578e-02 3.29395798e-01
 2.94733993e-04]
[0.10826138 0.03603788 0.16251836 0.50065341 0.3806657 ]
[0.00654866 1.09504482 0.07509506 0.36945396 0.01038522]
[0.13737964 0.8096342  0.08385363 0.45068528 0.02684721]
[0.02508183 0.69329518 0.46072966 0.49180284 0.0715601 ]
[0.19974687 0.46125983 0.73622816 0.00269761 0.0720953 ]
[0.31172267 0.71995904 0.53220961 0.0026783  0.07180644]
[-1.38667719e-04 -5.57038814e-04  1.66991543e-03  6.32126644e-01
  3.19780771e-01]
[0.21693908 0.04844085 0.18099822 0.97660467 0.00900531]
[0.08894101 0.00228155 0.41927408 0.8592089  0.03139279]
[0.66566148 0.10303442 0.09962705 0.50610584 0.14880208]
[0.64472752 0.69986262 0.23991523 0.10093992 0.21540824]
[0.33103006 0.14907827 0.04311012 0.79839677 0.00260933]
[0.69604496 0.71963873 0.05912813 0.09996132 0.20064535]
[0.22084861 0.29620823 0.00412431 0.7622183  0.00247298]
[0.47684414 0.62054332 0.00190703 0.27494058 0.2203025 ]
[0.02902123 0.01425036 0.77453187 0.02168158 0.02661996]
[0.55399621 0.74786611 0.01266151 0.33067055 0.18588762]
[0.01363876 0.99350669 0.31126751 0.27976352 0.04778601]
[1.16616737 0.19127353 0.15033578 0.14054575 0.02496301]
[0.00290923 0.15497152 0.87818526 0.09592299 0.0593219 ]
[0.13023155 0.06798103 0.06850674 0.76560912 0.1908654 ]
[1.65107789e-01 2.67000078e-03 7.72041654e-01 3.41485983e-01
 1.33464729e-04]
[0.00241088 0.01080235 0.54188822 0.3590939  0.33873729]
[0.08455526 0.14546445 0.75346421 0.14556739 0.04267803]
[0.87492905 0.37794779 0.13665779 0.09702124 0.0030239 ]
[0.72192985 0.38094318 0.07007301 0.31174295 0.17532488]
[0.82927472 0.01036578 0.00917205 0.04314875 0.17398466]
[ 3.11678190e-04  1.86083501e-04  1.80999971e-04 -1.63627835e-04
  6.77030462e-01]
[0.63780476 0.13334994 0.28192    0.23055257 0.33154351]
[0.19957998 0.00587384 0.93990445 0.09879573 0.03191995]
[0.08119257 0.16600303 0.10152268 0.44348093 0.46788454]
[0.11921357 0.70262597 0.24628745 0.42101824 0.03701231]
[0.85058511 0.14683742 0.09601827 0.0144331  0.02977067]
[0.01216817 0.01293632 0.06813706 0.56574342 0.55171904]
[ 2.93945079e-03 -5.12948351e-04  2.36313912e-01  8.90359129e-01
  1.70561636e-01]
[0.5120422  0.01602889 0.38365663 0.64255756 0.07163065]
[0.7950225  0.13652351 0.59198055 0.12229854 0.00232952]
[0.04209573 0.02703153 0.00693404 0.85502478 0.29082267]
[0.0024514  0.23266643 0.64110319 0.06658703 0.33779789]
[0.31684004 0.25845678 0.6326401  0.00171098 0.0270754 ]
[0.06008264 0.48002102 0.50049953 0.42230025 0.57106776]
[0.82661457 0.17192665 0.09993261 0.33520275 0.00428612]
[0.01069086 1.20168949 0.06670424 0.11218186 0.07975727]
[1.17711583e-05 4.87185817e-01 3.92729824e-01 5.53064360e-01
 5.80209347e-02]
