[0.20426796 0.45257178 0.40943146 0.59952252 0.07280515]
[0.80348594 0.01069257 0.41553529 0.41397322 0.29621964]
[0.02275101 0.02310096 0.99181776 0.04894012 0.06919538]
[3.54200690e-04 8.73490269e-03 1.20668922e-01 3.71241480e-02
 7.05723189e-01]
[0.69604496 0.71963873 0.05912813 0.09996132 0.20064535]
[0.41649183 0.32453603 0.81272635 0.03633586 0.03920358]
[0.31172267 0.71995904 0.53220961 0.0026783  0.07180644]
[0.28499732 0.22173062 0.76560497 0.20652664 0.03880655]
[0.00645308 0.09798631 0.0668894  0.84112755 0.25365367]
[0.63780476 0.13334994 0.28192    0.23055257 0.33154351]
[5.67352402e-04 5.25000119e-02 1.65778792e-02 4.39950455e-01
 5.96186302e-01]
[0.55399621 0.74786611 0.01266151 0.33067055 0.18588762]
[0.23727181 0.2534808  0.47621025 0.18625131 0.45611275]
[0.24446258 0.19183105 0.46873477 0.02008752 0.6018963 ]
[0.0024514  0.23266643 0.64110319 0.06658703 0.33779789]
[0.4426371  0.13140846 0.02814294 0.46560202 0.54420445]
[0.00498893 0.0098014  0.00368096 0.3930353  0.65059929]
[0.02508183 0.69329518 0.46072966 0.49180284 0.0715601 ]
[0.27779374 0.50607007 0.39459715 0.54814878 0.15384953]
[0.06008264 0.48002102 0.50049953 0.42230025 0.57106776]
[0.13023155 0.06798103 0.06850674 0.76560912 0.1908654 ]
[0.3148763  0.24523903 0.61661943 0.61462304 0.01053977]
[0.00664245 0.00081561 0.20068444 0.73153865 0.35766587]
[0.09732524 0.01249927 0.01247303 1.12758352 0.0251033 ]
[0.5120422  0.01602889 0.38365663 0.64255756 0.07163065]
[0.01415531 0.18946065 0.07073975 0.32684075 0.66158891]
[0.17195703 0.32496184 0.71107649 0.04981443 0.35438638]
[ 8.30713862e-04 -4.03841206e-04  8.66508848e-02  8.16340280e-01
  3.86602639e-01]
[0.64540575 0.34388504 0.15588445 0.40772866 0.14621375]
[0.21758292 0.96834729 0.41011176 0.30677047 0.36457986]
[0.40510815 0.18275006 0.05277225 0.97759296 0.00737187]
[0.07058302 0.11406081 0.10362488 0.0489668  0.59772309]
[0.00661423 0.01108569 0.61924257 0.11529919 0.32363933]
[0.23802148 0.52739403 0.47703914 0.00173726 0.41652402]
[0.47684414 0.62054332 0.00190703 0.27494058 0.2203025 ]
[0.04354735 0.87997858 0.40719891 0.30197627 0.42169127]
[0.00658979 0.01034473 0.00985135 0.14718004 0.59745467]
[0.00739429 0.99097414 0.05500322 0.09284438 0.18663246]
[0.25417057 0.28228773 0.37293056 0.61633686 0.24055274]
[0.0540087  0.35900431 0.13972064 0.25366734 0.62364342]
[0.26911233 0.17448903 0.51833914 0.61107524 0.29081384]
[0.03890449 0.09292457 0.03278227 1.11823143 0.02489211]
[0.05483877 0.07368566 0.88405487 0.36838971 0.05547268]
[0.05514395 0.07024226 0.05976054 0.72909602 0.2708181 ]
[0.01216817 0.01293632 0.06813706 0.56574342 0.55171904]
[0.55906118 0.43477926 0.04177318 0.01572743 0.54708783]
[0.54880963 0.09406278 0.40786921 0.06651206 0.56939177]
[0.21693908 0.04844085 0.18099822 0.97660467 0.00900531]
[0.33013051 0.30319375 0.45963796 0.02295878 0.42051232]
[0.01103034 0.01242862 0.33762292 0.05481366 0.59009428]
[0.54330855 0.01821949 0.4063364  0.54801789 0.16145728]
[0.47473936 0.00331464 0.15674498 0.48106859 0.56743972]
[0.5524469  0.61669853 0.11118464 0.07152072 0.42173415]
[0.04616511 0.14149757 0.65596208 0.44277565 0.07485484]
[0.85406816 0.4634693  0.3069286  0.44902378 0.13147886]
[0.00241088 0.01080235 0.54188822 0.3590939  0.33873729]
[0.21418668 0.00681559 0.13940507 0.90761257 0.17752567]
[0.08119257 0.16600303 0.10152268 0.44348093 0.46788454]
[-3.95331420e-05  1.10336914e-02  3.19523820e-02  6.60716131e-01
  3.27307878e-01]
[0.03640834 0.04024912 0.00730831 0.9009288  0.24863783]
[0.0820904  0.03817469 0.41928683 0.85923509 0.03139375]
[0.45909969 0.34967343 0.17591821 0.82299892 0.17289806]
[1.16616737 0.19127353 0.15033578 0.14054575 0.02496301]
[0.09672157 0.04965525 0.83606139 0.34928685 0.05259181]
[0.00466239 0.00141436 0.02419508 1.03098449 0.04457574]
[1.17711583e-05 4.87185817e-01 3.92729824e-01 5.53064360e-01
 5.80209347e-02]
[0.86939606 0.31309914 0.12772745 0.57353933 0.03946593]
[0.83918466 0.2462815  0.74893904 0.37446021 0.01823606]
[0.66566148 0.10303442 0.09962705 0.50610584 0.14880208]
[0.01363876 0.99350669 0.31126751 0.27976352 0.04778601]
[0.0786109  0.55146679 0.48872491 0.59940957 0.41710495]
[0.69105955 0.77153808 0.13908677 0.08953815 0.25554354]
[0.28891983 0.54619327 0.56589616 0.04935506 0.35124997]
[0.10826138 0.03603788 0.16251836 0.50065341 0.3806657 ]
[0.14892373 0.02958769 0.01162121 0.62662115 0.59138701]
[0.50346797 0.59411761 0.19660449 0.85774048 0.12919078]
[ 2.93945079e-03 -5.12948351e-04  2.36313912e-01  8.90359129e-01
  1.70561636e-01]
[0.38074637 0.11143352 0.77115675 0.28175135 0.01404796]
[0.01476737 0.00941809 0.00473377 0.00611073 0.62794239]
[0.64073161 0.00825202 0.14963009 0.29309629 0.43942737]
[0.00137117 0.11036694 0.03469973 0.92163309 0.06262133]
[0.64472752 0.69986262 0.23991523 0.10093992 0.21540824]
[0.08455526 0.14546445 0.75346421 0.14556739 0.04267803]
[0.00543856 0.0432884  0.54319273 0.88389019 0.22528159]
[0.17624417 0.03924645 0.14706171 0.87164549 0.14351421]
[0.01767399 0.00644756 0.0888874  1.11584358 0.04607443]
[0.08894101 0.00228155 0.41927408 0.8592089  0.03139279]
[0.03471337 0.00665153 0.63277317 0.28308302 0.31721711]
[0.33103006 0.14907827 0.04311012 0.79839677 0.00260933]
[0.24296685 0.19065442 0.46986051 0.02124988 0.60208508]
[ 3.81508578e-04 -1.95861128e-06  1.61527478e-02  3.42593924e-01
  5.83464691e-01]
[1.25491104e-04 5.34858469e-03 1.35070650e-01 4.75185215e-02
 8.04634702e-01]
[0.21321778 0.00678202 0.15950809 0.95053669 0.18592086]
[0.5813415  0.00400206 0.43458184 0.58625629 0.05447155]
[0.00197821 0.01892809 0.08201866 1.02949859 0.02646646]
[0.0265658  0.00803066 0.01232427 0.2470181  0.70546246]
[0.08061073 0.0448383  0.01146214 1.03642337 0.00599298]
[0.00099948 0.01062393 0.01704781 0.09464941 0.83180707]
[0.00292387 0.00546853 0.11078153 0.05272594 0.68572109]
[4.58189532e-04 4.46414102e-02 1.41168462e-02 3.74535687e-01
 5.99931576e-01]
