[0.33013051 0.30319375 0.45963796 0.02295878 0.42051232]
[0.54880963 0.09406278 0.40786921 0.06651206 0.56939177]
[0.23727181 0.2534808  0.47621025 0.18625131 0.45611275]
[0.00504429 0.00288899 0.03187075 0.03087421 0.69976031]
[0.24446258 0.19183105 0.46873477 0.02008752 0.6018963 ]
[0.17195703 0.32496184 0.71107649 0.04981443 0.35438638]
[0.05514395 0.07024226 0.05976054 0.72909602 0.2708181 ]
[0.85406816 0.4634693  0.3069286  0.44902378 0.13147886]
[0.59835421 0.89842984 0.57742369 0.0510296  0.12765978]
[0.06858065 0.03746524 0.10376417 0.10114067 0.69764662]
[0.4426371  0.13140846 0.02814294 0.46560202 0.54420445]
[0.06074458 0.30212529 0.60809473 0.63122314 0.44255006]
[0.04342043 0.02284695 0.07580204 0.01235399 0.80835128]
[0.47473936 0.00331464 0.15674498 0.48106859 0.56743972]
[0.02145988 0.01417084 0.00482883 0.07951295 0.76711038]
[0.17624417 0.03924645 0.14706171 0.87164549 0.14351421]
[0.50346797 0.59411761 0.19660449 0.85774048 0.12919078]
[0.00265303 0.04114356 0.17238988 0.40074327 0.70659547]
[0.86939606 0.31309914 0.12772745 0.57353933 0.03946593]
[0.00292387 0.00546853 0.11078153 0.05272594 0.68572109]
[0.05483877 0.07368566 0.88405487 0.36838971 0.05547268]
[0.69105955 0.77153808 0.13908677 0.08953815 0.25554354]
[0.63780476 0.13334994 0.28192    0.23055257 0.33154351]
[0.26911233 0.17448903 0.51833914 0.61107524 0.29081384]
[0.04354735 0.87997858 0.40719891 0.30197627 0.42169127]
[0.25417057 0.28228773 0.37293056 0.61633686 0.24055274]
[0.28499732 0.22173062 0.76560497 0.20652664 0.03880655]
[0.08119257 0.16600303 0.10152268 0.44348093 0.46788454]
[0.02508183 0.69329518 0.46072966 0.49180284 0.0715601 ]
[0.10826138 0.03603788 0.16251836 0.50065341 0.3806657 ]
[0.03198414 0.03034583 0.28508564 0.03913494 0.65750121]
[0.21758292 0.96834729 0.41011176 0.30677047 0.36457986]
[0.23802148 0.52739403 0.47703914 0.00173726 0.41652402]
[0.75632475 0.11714745 0.11320027 0.57531277 0.1691193 ]
[0.13023155 0.06798103 0.06850674 0.76560912 0.1908654 ]
[0.40510815 0.18275006 0.05277225 0.97759296 0.00737187]
[-3.95331420e-05  1.10336914e-02  3.19523820e-02  6.60716131e-01
  3.27307878e-01]
[5.80506625e-04 1.43029761e-04 7.08384015e-02 1.27134180e-01
 7.70765844e-01]
[0.14892373 0.02958769 0.01162121 0.62662115 0.59138701]
[0.1968394  0.20156359 0.13718975 0.02160243 0.6728083 ]
[0.07058302 0.11406081 0.10362488 0.0489668  0.59772309]
[0.00668259 0.01120355 0.62548243 0.11835736 0.32622429]
[0.83918466 0.2462815  0.74893904 0.37446021 0.01823606]
[0.30220082 0.46843909 0.44784532 0.91064945 0.06956841]
[0.00645308 0.09798631 0.0668894  0.84112755 0.25365367]
[0.00410429 0.0648247  0.04437169 0.05509685 0.814675  ]
[0.09732524 0.01249927 0.01247303 1.12758352 0.0251033 ]
[0.06008264 0.48002102 0.50049953 0.42230025 0.57106776]
[0.01925853 0.0352256  0.06345991 0.35733906 0.62938842]
[0.0540087  0.35900431 0.13972064 0.25366734 0.62364342]
[0.18857233 0.50829183 0.87543009 0.1655402  0.30890461]
[0.54330855 0.01821949 0.4063364  0.54801789 0.16145728]
[0.04616511 0.14149757 0.65596208 0.44277565 0.07485484]
[0.01216817 0.01293632 0.06813706 0.56574342 0.55171904]
[0.64540575 0.34388504 0.15588445 0.40772866 0.14621375]
[0.27906186 0.54841013 0.08678178 0.02194487 0.74476705]
[0.80348594 0.01069257 0.41553529 0.41397322 0.29621964]
[0.00543856 0.0432884  0.54319273 0.88389019 0.22528159]
[0.01103034 0.01242862 0.33762292 0.05481366 0.59009428]
[0.0786109  0.55146679 0.48872491 0.59940957 0.41710495]
[0.45909969 0.34967343 0.17591821 0.82299892 0.17289806]
[0.01415531 0.18946065 0.07073975 0.32684075 0.66158891]
[0.64472752 0.69986262 0.23991523 0.10093992 0.21540824]
[5.67352402e-04 5.25000119e-02 1.65778792e-02 4.39950455e-01
 5.96186302e-01]
[0.21321778 0.00678202 0.15950809 0.95053669 0.18592086]
[0.5120422  0.01602889 0.38365663 0.64255756 0.07163065]
[0.00371192 0.05089874 0.01853531 0.08424962 0.82707208]
[0.01767399 0.00644756 0.0888874  1.11584358 0.04607443]
[0.69604496 0.71963873 0.05912813 0.09996132 0.20064535]
[0.01476737 0.00941809 0.00473377 0.00611073 0.62794239]
[0.0265658  0.00803066 0.01232427 0.2470181  0.70546246]
[0.49635825 0.38915908 0.24110178 0.34278439 0.59942548]
[4.58189532e-04 4.46414102e-02 1.41168462e-02 3.74535687e-01
 5.99931576e-01]
[0.01416478 0.02439636 0.1583042  0.25936362 0.76963379]
[0.3157605  0.19715112 0.17030455 0.68619225 0.55358506]
[0.11818795 0.04953111 0.06664159 0.35983307 0.66769317]
[0.36890421 0.79567078 0.2890935  0.30646088 0.60715811]
[0.31652388 0.24631155 0.85025205 0.22959682 0.04314187]
[0.07197917 0.02622135 0.05804239 0.78073913 0.57406751]
[0.03316142 0.04125799 0.09070405 0.10465545 0.83742622]
[0.02287103 0.02256616 0.03090372 0.14969413 0.77786784]
[0.06509701 0.01944343 0.16119531 0.24177741 0.77451024]
[7.29590419e-04 2.92884680e-04 8.49131130e-02 1.52801576e-01
 9.23869958e-01]
[0.2966095  0.23078452 0.78637423 0.33652803 0.04163781]
[0.5524469  0.61669853 0.11118464 0.07152072 0.42173415]
[0.00661423 0.01108569 0.61924257 0.11529919 0.32363933]
[0.06183153 0.07880862 0.06890068 0.82633641 0.30688543]
[0.06550932 0.02061909 0.03035547 0.2613515  0.76771451]
[0.02470633 0.06680372 0.28570645 0.06137445 0.69867206]
[0.10159345 0.04020881 0.4815498  0.12773541 0.68910778]
[0.20896095 0.21565858 0.73266342 0.22587171 0.46928788]
[0.02792761 0.78484665 0.52150902 0.58696282 0.08241269]
[0.21123902 0.21703051 0.14743318 0.02495427 0.72336919]
[0.02417282 0.08336638 0.68342727 0.26957867 0.33940637]
[0.64073161 0.00825202 0.14963009 0.29309629 0.43942737]
[0.24296685 0.19065442 0.46986051 0.02124988 0.60208508]
[0.00349795 0.00929614 0.06205575 0.31151803 0.7620033 ]
[0.01844773 0.07270723 0.40951682 0.06366364 0.71546267]
[0.04274009 0.01189949 0.29894651 0.04114185 0.68948262]
[0.05309226 0.20498993 0.05592504 0.74718815 0.50711726]
