[0.33013051 0.30319375 0.45963796 0.02295878 0.42051232]
[0.54880963 0.09406278 0.40786921 0.06651206 0.56939177]
[0.23727181 0.2534808  0.47621025 0.18625131 0.45611275]
[0.00504429 0.00288899 0.03187075 0.03087421 0.69976031]
[0.24446258 0.19183105 0.46873477 0.02008752 0.6018963 ]
[0.17195703 0.32496184 0.71107649 0.04981443 0.35438638]
[0.05514395 0.07024226 0.05976054 0.72909602 0.2708181 ]
[0.85406816 0.4634693  0.3069286  0.44902378 0.13147886]
[0.59835421 0.89842984 0.57742369 0.0510296  0.12765978]
[0.4426371  0.13140846 0.02814294 0.46560202 0.54420445]
[0.06074458 0.30212529 0.60809473 0.63122314 0.44255006]
[0.47473936 0.00331464 0.15674498 0.48106859 0.56743972]
[0.17624417 0.03924645 0.14706171 0.87164549 0.14351421]
[0.50346797 0.59411761 0.19660449 0.85774048 0.12919078]
[0.00265303 0.04114356 0.17238988 0.40074327 0.70659547]
[0.86939606 0.31309914 0.12772745 0.57353933 0.03946593]
[0.00292387 0.00546853 0.11078153 0.05272594 0.68572109]
[0.05483877 0.07368566 0.88405487 0.36838971 0.05547268]
[0.69105955 0.77153808 0.13908677 0.08953815 0.25554354]
[0.63780476 0.13334994 0.28192    0.23055257 0.33154351]
[0.26911233 0.17448903 0.51833914 0.61107524 0.29081384]
[0.04354735 0.87997858 0.40719891 0.30197627 0.42169127]
[0.25417057 0.28228773 0.37293056 0.61633686 0.24055274]
[0.28499732 0.22173062 0.76560497 0.20652664 0.03880655]
[0.08119257 0.16600303 0.10152268 0.44348093 0.46788454]
[0.02508183 0.69329518 0.46072966 0.49180284 0.0715601 ]
[0.10826138 0.03603788 0.16251836 0.50065341 0.3806657 ]
[0.21758292 0.96834729 0.41011176 0.30677047 0.36457986]
[0.23802148 0.52739403 0.47703914 0.00173726 0.41652402]
[0.75632475 0.11714745 0.11320027 0.57531277 0.1691193 ]
[0.13023155 0.06798103 0.06850674 0.76560912 0.1908654 ]
[0.40510815 0.18275006 0.05277225 0.97759296 0.00737187]
[-3.95331420e-05  1.10336914e-02  3.19523820e-02  6.60716131e-01
  3.27307878e-01]
[5.80506625e-04 1.43029761e-04 7.08384015e-02 1.27134180e-01
 7.70765844e-01]
[0.14892373 0.02958769 0.01162121 0.62662115 0.59138701]
[0.07058302 0.11406081 0.10362488 0.0489668  0.59772309]
[0.83918466 0.2462815  0.74893904 0.37446021 0.01823606]
[0.30220082 0.46843909 0.44784532 0.91064945 0.06956841]
[0.00645308 0.09798631 0.0668894  0.84112755 0.25365367]
[0.00410429 0.0648247  0.04437169 0.05509685 0.814675  ]
[0.09732524 0.01249927 0.01247303 1.12758352 0.0251033 ]
[0.06008264 0.48002102 0.50049953 0.42230025 0.57106776]
[0.0540087  0.35900431 0.13972064 0.25366734 0.62364342]
[0.18857233 0.50829183 0.87543009 0.1655402  0.30890461]
[0.54330855 0.01821949 0.4063364  0.54801789 0.16145728]
[0.04616511 0.14149757 0.65596208 0.44277565 0.07485484]
[0.01216817 0.01293632 0.06813706 0.56574342 0.55171904]
[0.64540575 0.34388504 0.15588445 0.40772866 0.14621375]
[0.80348594 0.01069257 0.41553529 0.41397322 0.29621964]
[0.00543856 0.0432884  0.54319273 0.88389019 0.22528159]
[0.01103034 0.01242862 0.33762292 0.05481366 0.59009428]
[0.0786109  0.55146679 0.48872491 0.59940957 0.41710495]
[0.45909969 0.34967343 0.17591821 0.82299892 0.17289806]
[0.01415531 0.18946065 0.07073975 0.32684075 0.66158891]
[0.64472752 0.69986262 0.23991523 0.10093992 0.21540824]
[5.67352402e-04 5.25000119e-02 1.65778792e-02 4.39950455e-01
 5.96186302e-01]
[0.21321778 0.00678202 0.15950809 0.95053669 0.18592086]
[0.5120422  0.01602889 0.38365663 0.64255756 0.07163065]
[0.00371192 0.05089874 0.01853531 0.08424962 0.82707208]
[0.01767399 0.00644756 0.0888874  1.11584358 0.04607443]
[0.69604496 0.71963873 0.05912813 0.09996132 0.20064535]
[0.01476737 0.00941809 0.00473377 0.00611073 0.62794239]
[0.0265658  0.00803066 0.01232427 0.2470181  0.70546246]
[4.58189532e-04 4.46414102e-02 1.41168462e-02 3.74535687e-01
 5.99931576e-01]
[0.5524469  0.61669853 0.11118464 0.07152072 0.42173415]
[0.00661423 0.01108569 0.61924257 0.11529919 0.32363933]
[0.64073161 0.00825202 0.14963009 0.29309629 0.43942737]
[0.24296685 0.19065442 0.46986051 0.02124988 0.60208508]
[0.00349795 0.00929614 0.06205575 0.31151803 0.7620033 ]
[3.54200690e-04 8.73490269e-03 1.20668922e-01 3.71241480e-02
 7.05723189e-01]
[0.55399621 0.74786611 0.01266151 0.33067055 0.18588762]
[0.00849936 0.09276785 0.06181213 0.00849213 0.84911461]
[0.08455526 0.14546445 0.75346421 0.14556739 0.04267803]
[0.03640834 0.04024912 0.00730831 0.9009288  0.24863783]
[0.09672157 0.04965525 0.83606139 0.34928685 0.05259181]
[0.21693908 0.04844085 0.18099822 0.97660467 0.00900531]
[0.00137117 0.11036694 0.03469973 0.92163309 0.06262133]
[0.31172267 0.71995904 0.53220961 0.0026783  0.07180644]
[0.02275101 0.02310096 0.99181776 0.04894012 0.06919538]
[0.00241088 0.01080235 0.54188822 0.3590939  0.33873729]
[0.0024514  0.23266643 0.64110319 0.06658703 0.33779789]
[0.00664245 0.00081561 0.20068444 0.73153865 0.35766587]
[0.20426796 0.45257178 0.40943146 0.59952252 0.07280515]
[0.03890449 0.09292457 0.03278227 1.11823143 0.02489211]
[1.25491104e-04 5.34858469e-03 1.35070650e-01 4.75185215e-02
 8.04634702e-01]
[0.41649183 0.32453603 0.81272635 0.03633586 0.03920358]
[0.28891983 0.54619327 0.56589616 0.04935506 0.35124997]
[0.55906118 0.43477926 0.04177318 0.01572743 0.54708783]
[0.04274009 0.01189949 0.29894651 0.04114185 0.68948262]
[0.02145988 0.01417084 0.00482883 0.07951295 0.76711038]
[0.06858065 0.03746524 0.10376417 0.10114067 0.69764662]
[0.0820904  0.03817469 0.41928683 0.85923509 0.03139375]
[0.01416478 0.02439636 0.1583042  0.25936362 0.76963379]
[0.66566148 0.10303442 0.09962705 0.50610584 0.14880208]
[0.01925853 0.0352256  0.06345991 0.35733906 0.62938842]
[0.27779374 0.50607007 0.39459715 0.54814878 0.15384953]
[0.16986686 0.53053445 0.89397911 0.25306962 0.04490083]
[0.2966095  0.23078452 0.78637423 0.33652803 0.04163781]
[0.05309226 0.20498993 0.05592504 0.74718815 0.50711726]
[0.21418668 0.00681559 0.13940507 0.90761257 0.17752567]
