[0.22935758 0.04242135 0.05531212 0.71590263 0.06570584]
[0.00785045 0.48031843 0.1008398  0.56471077 0.23496987]
[0.13971284 0.04496129 0.63721044 0.27866614 0.24125475]
[0.01340702 0.00535654 0.70816234 0.19319415 0.22955084]
[0.01138331 0.00425026 0.59927868 0.44518747 0.26366914]
[0.0024979  0.00723241 0.58442736 0.41852983 0.39438929]
[0.01332932 0.71650731 0.48728212 0.0104293  0.02497204]
[0.57372544 0.12791138 0.39032613 0.07936272 0.05025178]
[0.00391041 0.00070916 0.20628959 0.70511219 0.2549257 ]
[0.26355494 0.03813207 0.00433148 0.79138747 0.05954003]
[ 1.54377630e-02  1.08583075e-01  7.50938139e-02 -2.10673842e-04
  6.61177354e-01]
[0.09025993 0.01960659 0.07414928 0.23107472 0.52806031]
[0.02004315 0.00838096 0.01515264 0.88184162 0.01087766]
[0.02291752 0.18693523 0.6614559  0.03688177 0.105852  ]
[ 1.07483757e-02 -9.81485997e-05  5.76741122e-02  6.48925773e-01
  4.48492975e-01]
[0.10904693 0.00456449 0.57739773 0.0300087  0.41025279]
[0.05763478 0.09786213 0.44452654 0.29292345 0.44146134]
[0.75665792 0.05721591 0.17185306 0.02123409 0.24714772]
[0.00774298 0.30385635 0.36229798 0.38373158 0.40608514]
[0.29858249 0.05067101 0.07185395 0.43859667 0.44465049]
[0.08417248 0.01244232 0.0632791  0.89133467 0.005529  ]
[0.15433143 0.03207614 0.90224404 0.13154326 0.04457269]
[0.20702737 0.03504857 0.16763874 0.00640008 0.64849748]
[0.14236264 0.02618244 0.01633044 0.47563849 0.51815542]
[0.24368165 0.04510952 0.76702586 0.03963381 0.05387054]
[0.12110881 0.59617646 0.00924984 0.59858069 0.28695009]
[0.09141896 0.15817703 0.6307098  0.03516527 0.22045884]
[ 3.48551590e-02 -3.92905190e-04  1.15560952e-01  8.30642796e-01
  3.36211819e-02]
[0.00561743 0.48313493 0.62157414 0.03892703 0.2451165 ]
[0.08905153 0.15407262 0.64416235 0.20441039 0.11746455]
[ 2.89870651e-02 -2.01206079e-04  7.87174011e-01  1.92053629e-01
  3.41789304e-04]
[6.13930138e-03 5.72236268e-04 2.09707479e-01 6.79169756e-01
 6.07594840e-02]
[0.01309074 0.03802986 0.49410726 0.03945178 0.46297535]
[0.03266428 0.00675346 0.04979959 0.72327653 0.49804378]
[ 2.04952529e-02 -4.60614383e-04  1.09431390e-01  7.92298752e-03
  6.12799802e-01]
[ 2.98285077e-03 -5.88712643e-04  1.66511030e-02  1.08852172e-01
  6.05583608e-01]
[0.16147998 0.03308048 0.55795234 0.39322784 0.06292683]
[0.03130875 0.02566451 0.1643339  0.52030299 0.42774673]
[0.01231615 0.48946105 0.64507928 0.22366745 0.02961242]
[0.00092047 0.00481707 0.0818482  0.67094965 0.25472328]
[0.00149298 0.00414592 0.00112613 0.02950911 0.60668132]
[0.08196396 0.00283026 0.52483549 0.10243711 0.4315763 ]
[0.01930341 0.09630104 0.01592558 0.68301107 0.0735034 ]
[0.00450113 0.0135729  0.04065141 0.54158421 0.52939139]
[0.40230921 0.0043372  0.310932   0.69462347 0.04957419]
[0.38958185 0.70117289 0.1389615  0.32370777 0.03134357]
[0.04149086 0.01392117 0.03298897 0.54922503 0.38117202]
[0.2732012  0.05423119 0.06459891 0.71427186 0.03232334]
[0.00247922 0.02102908 0.67950932 0.03690633 0.10591887]
[0.01446444 0.11826954 0.41926013 0.53187756 0.11358018]
[0.6990547  0.14032996 0.11946265 0.01788191 0.03174016]
[0.01048228 0.03424771 0.00128302 0.91441614 0.06762673]
[0.09833482 0.68532285 0.32454983 0.00579805 0.52494051]
[0.13916245 0.34231281 0.73134468 0.0295011  0.05762357]
[0.24147668 0.40934574 0.56890145 0.03788836 0.06514541]
[0.06754115 0.62100428 0.11175585 0.22921007 0.47289416]
[0.08739015 0.16115383 0.03177372 0.48367687 0.46595647]
[0.22619043 0.03554665 0.19520107 0.00676039 0.56939921]
[0.00804926 0.00080052 0.27260819 0.41605362 0.41954182]
[0.16913497 0.03520812 0.9886975  0.04842419 0.048442  ]
[0.00620385 0.50149126 0.10527761 0.60185886 0.05642888]
[0.52287435 0.21949577 0.4462681  0.01820174 0.25906091]
[0.00659541 0.79388824 0.3666562  0.23173902 0.12776783]
[0.59418521 0.7021401  0.0637572  0.15397402 0.25253362]
[0.01625005 0.05517117 0.70091186 0.04344964 0.05274684]
[0.59379379 0.00215373 0.45540289 0.00960639 0.21352594]
[0.42683295 0.7682469  0.01245155 0.36372989 0.06009115]
[0.39911208 0.06538966 0.5956279  0.04236517 0.08996316]
[0.00561483 0.48291728 0.63626003 0.2303175  0.12821947]
[0.00101413 0.00528321 0.08888064 0.72874412 0.07918142]
[9.51602697e-03 3.16036427e-02 7.60971981e-01 2.16917674e-05
 9.73800362e-02]
[0.8222105  0.15358138 0.11487097 0.3160859  0.08202218]
[0.16995401 0.29940238 0.48701169 0.20186732 0.36248024]
[ 3.70815298e-03 -2.94542785e-05  3.11730232e-01  8.26302327e-02
  6.39142616e-01]
[0.02676681 0.05588551 0.08545192 0.82885651 0.13376161]
[0.00356639 0.48679872 0.17453694 0.49210255 0.26214589]
[0.00452822 0.51355974 0.57994661 0.09806243 0.0019973 ]
[0.00147965 0.00500956 0.07056296 0.08657054 0.56541242]
[1.07265676e-01 1.93271294e-01 1.42296610e-01 8.33730797e-01
 5.27130728e-04]
[0.22250902 0.02439622 0.17904917 0.41902544 0.41993592]
[0.07412863 0.43734343 0.00672152 0.43534671 0.43831178]
[0.0047033  0.24307719 0.14941475 0.88397075 0.00256924]
[0.06063424 0.41245255 0.55734384 0.00419184 0.5248659 ]
[0.02515509 0.07208025 0.07294624 0.52290351 0.52315315]
[0.00770354 0.72879731 0.26842422 0.354964   0.3203305 ]
[0.01796612 0.06061313 0.61081241 0.00606092 0.3415309 ]
[ 1.15993500e-03 -3.96905513e-04  1.27841008e-03  7.84967841e-01
  2.30939636e-01]
[0.10021829 0.56136416 0.67802332 0.0100417  0.01111965]
[ 1.92545266e-03 -5.84820246e-04  5.50539775e-06  1.19475534e-02
  7.08601712e-01]
[0.52648136 0.09839139 0.39064425 0.47697271 0.00538786]
[0.05480965 0.00358914 0.64882891 0.01897389 0.2232207 ]
[0.00296207 0.00469327 0.0299561  0.31958162 0.56917922]
[0.0104427  0.00404172 0.81187968 0.22060039 0.18719021]
[0.44634829 0.00487871 0.34496    0.04037981 0.43056997]
[0.61900687 0.44239911 0.07265927 0.36230923 0.22008759]
[0.01006444 0.03415768 0.43685702 0.54891997 0.05213534]
[0.59656633 0.03712869 0.51126286 0.35073081 0.02405432]
[0.46106326 0.0919195  0.10902922 0.60606479 0.03205456]
[0.20099147 0.59075439 0.44768744 0.00497132 0.37663402]
[0.06101843 0.49914707 0.66151888 0.04263737 0.02791963]
