[0.08739015 0.16115383 0.03177372 0.48367687 0.46595647]
[0.52648136 0.09839139 0.39064425 0.47697271 0.00538786]
[0.00470315 0.04508308 0.62908736 0.01790159 0.32592649]
[0.05782465 0.09818558 0.44099041 0.29333381 0.43930107]
[0.08196396 0.00283026 0.52483549 0.10243711 0.4315763 ]
[0.29854999 0.05044898 0.07183928 0.43445769 0.44172993]
[0.01138331 0.00425026 0.59927868 0.44518747 0.26366914]
[0.00804926 0.00080052 0.27260819 0.41605362 0.41954182]
[0.2732012  0.05423119 0.06459891 0.71427186 0.03232334]
[0.46755685 0.01541232 0.61652013 0.01620883 0.01012063]
[0.00101413 0.00528321 0.08888064 0.72874412 0.07918142]
[0.01332932 0.71650731 0.48728212 0.0104293  0.02497204]
[0.00771875 0.02116828 0.08214898 0.68002015 0.11256466]
[0.00774298 0.30385635 0.36229798 0.38373158 0.40608514]
[0.00537586 0.00062972 0.38006695 0.57864893 0.05133276]
[0.05927395 0.10666488 0.47615531 0.28132695 0.45935565]
[0.01048228 0.03424771 0.00128302 0.91441614 0.06762673]
[0.7476142  0.01638158 0.01228088 0.32016354 0.05531845]
[0.14236264 0.02618244 0.01633044 0.47563849 0.51815542]
[0.00145496 0.00403718 0.00109914 0.02878546 0.59280501]
[1.04236170e-01 1.77247880e-01 1.32756824e-01 7.89136066e-01
 4.76292127e-04]
[0.02004315 0.00838096 0.01515264 0.88184162 0.01087766]
[0.0055502  0.47751586 0.617551   0.03561428 0.24311303]
[0.08333817 0.01231319 0.06237838 0.8809738  0.00383723]
[2.79640759e-05 5.62407422e-03 1.34216596e-01 6.67710867e-05
 6.13687952e-01]
[0.57372544 0.12791138 0.39032613 0.07936272 0.05025178]
[ 1.92545266e-03 -5.84820246e-04  5.50539775e-06  1.19475534e-02
  7.08601712e-01]
[0.10904693 0.00456449 0.57739773 0.0300087  0.41025279]
[0.04149086 0.01392117 0.03298897 0.54922503 0.38117202]
[0.52287435 0.21949577 0.4462681  0.01820174 0.25906091]
[0.01796612 0.06061313 0.61081241 0.00606092 0.3415309 ]
[0.09025993 0.01960659 0.07414928 0.23107472 0.52806031]
[4.85211257e-04 1.93809473e-03 1.65674470e-01 2.06410085e-01
 5.49791221e-01]
[0.57875841 0.04782414 0.44508792 0.00923482 0.25498931]
[0.10021829 0.56136416 0.67802332 0.0100417  0.01111965]
[0.03130875 0.02566451 0.1643339  0.52030299 0.42774673]
[0.00129094 0.0794754  0.36581974 0.51696418 0.21514407]
[0.59656633 0.03712869 0.51126286 0.35073081 0.02405432]
[0.00699917 0.57508166 0.67565536 0.00838285 0.0641901 ]
[0.13916245 0.34231281 0.73134468 0.0295011  0.05762357]
[0.05301308 0.00346977 0.62763817 0.25635843 0.23270376]
[0.38958185 0.70117289 0.1389615  0.32370777 0.03134357]
[ 1.15924912e-03 -5.08050039e-04  1.26743051e-03  7.78485741e-01
  2.24941430e-01]
[0.75665792 0.05721591 0.17185306 0.02123409 0.24714772]
[0.23468589 0.68980762 0.52268382 0.00616422 0.02955219]
[0.61783575 0.44156119 0.07440678 0.36172927 0.2204783 ]
[0.00147965 0.00500956 0.07056296 0.08657054 0.56541242]
[0.59379379 0.00215373 0.45540289 0.00960639 0.21352594]
[0.41405264 0.06631879 0.61762867 0.03690202 0.0968058 ]
[6.90109539e-03 1.21497299e-02 2.22758285e-01 8.51821756e-01
 5.42443656e-04]
[0.01309074 0.03802986 0.49410726 0.03945178 0.46297535]
[0.24368165 0.04510952 0.76702586 0.03963381 0.05387054]
[0.08713206 0.48736993 0.10437042 0.60632656 0.00948028]
[0.02515509 0.07208025 0.07294624 0.52290351 0.52315315]
[0.00351298 0.02887989 0.43814596 0.54420339 0.07631251]
[0.06727933 0.02291712 0.0534432  0.69517972 0.05466096]
[0.26355494 0.03813207 0.00433148 0.79138747 0.05954003]
[0.0047033  0.24307719 0.14941475 0.88397075 0.00256924]
[0.44634829 0.00487871 0.34496    0.04037981 0.43056997]
[0.00452822 0.51355974 0.57994661 0.09806243 0.0019973 ]
[0.46106326 0.0919195  0.10902922 0.60606479 0.03205456]
[0.6990547  0.14032996 0.11946265 0.01788191 0.03174016]
[0.00292495 0.00442841 0.02881398 0.32178696 0.57285289]
[0.19415866 0.06584363 0.03842389 0.6276279  0.22966339]
[0.00244546 0.02075331 0.67084983 0.03640864 0.10456398]
[ 2.89870651e-02 -2.01206079e-04  7.87174011e-01  1.92053629e-01
  3.41789304e-04]
[ 3.48551590e-02 -3.92905190e-04  1.15560952e-01  8.30642796e-01
  3.36211819e-02]
[0.22619043 0.03554665 0.19520107 0.00676039 0.56939921]
[0.44287371 0.09274798 0.09275259 0.5616297  0.10483297]
[0.05480965 0.00358914 0.64882891 0.01897389 0.2232207 ]
[0.13669266 0.00587473 0.72356586 0.03814902 0.06342057]
[0.00092047 0.00481707 0.0818482  0.67094965 0.25472328]
[0.16147998 0.03308048 0.55795234 0.39322784 0.06292683]
[0.22250902 0.02439622 0.17904917 0.41902544 0.41993592]
[6.13930138e-03 5.72236268e-04 2.09707479e-01 6.79169756e-01
 6.07594840e-02]
[0.0063157  0.00223217 0.48320219 0.42890169 0.44933038]
[0.40230921 0.0043372  0.310932   0.69462347 0.04957419]
[0.01116901 0.05581968 0.01548135 0.52537273 0.3906227 ]
[0.21261467 0.01278511 0.18226886 0.87009341 0.02610056]
[0.41104257 0.73981487 0.00365506 0.36372212 0.05842234]
[0.01625005 0.05517117 0.70091186 0.04344964 0.05274684]
[0.00158931 0.00253296 0.16012388 0.54687538 0.51831224]
[0.01930341 0.09630104 0.01592558 0.68301107 0.0735034 ]
[0.15587868 0.0335918  0.82892654 0.03990364 0.04183661]
[0.23964929 0.40624555 0.56459888 0.03769047 0.06465022]
[0.02386427 0.22574602 0.13974221 0.82662772 0.00237659]
[0.00772354 0.00074137 0.26178957 0.41851606 0.41624606]
[9.51602697e-03 3.16036427e-02 7.60971981e-01 2.16917674e-05
 9.73800362e-02]
[0.03273283 0.00676884 0.04767781 0.70153253 0.48781708]
[0.61900687 0.44239911 0.07265927 0.36230923 0.22008759]
[0.09141896 0.15817703 0.6307098  0.03516527 0.22045884]
[ 1.07483757e-02 -9.81485997e-05  5.76741122e-02  6.48925773e-01
  4.48492975e-01]
[0.00492038 0.40039162 0.08406867 0.48024014 0.39830256]
[0.00356639 0.48679872 0.17453694 0.49210255 0.26214589]
[0.5257507  0.09825404 0.39010221 0.4567923  0.05248705]
[0.05763478 0.09786213 0.44452654 0.29292345 0.44146134]
[ 2.90778907e-02 -2.01897194e-04  7.89625644e-01  5.93899477e-02
  3.25163787e-04]
[0.42326769 0.07218675 0.26168682 0.05664407 0.41519885]
[0.28282855 0.041077   0.02312771 0.79340092 0.03507654]
[0.01006444 0.03415768 0.43685702 0.54891997 0.05213534]
