[3.85750348e-02 1.78422912e-04 2.15537148e-01 1.09086951e+00
 5.27933950e-02]
[0.01404358 0.02858366 0.02165897 1.08921993 0.00279081]
[0.03113778 0.09660095 0.27460654 0.18290675 0.61299209]
[0.04126545 0.08449716 0.06324407 0.95072582 0.00239984]
[0.0010274  0.04680599 0.0623657  0.01994499 0.65121245]
[0.00364704 0.02234708 0.04830899 0.77561068 0.53483556]
[0.01839329 0.03281387 0.00137643 0.97840928 0.07237679]
[0.35282609 0.27479619 0.0487141  0.62050606 0.44395538]
[0.01101078 0.66598753 0.87469493 0.45212494 0.01671607]
[0.0512768  0.01695451 0.03899296 0.64098207 0.44483642]
[0.00559078 0.76138213 0.28040736 0.37090324 0.32420765]
[0.00397786 0.05780842 0.07025864 0.0725266  0.63112298]
[0.19897869 0.03682547 0.14768486 0.84361826 0.00243367]
[0.20702737 0.03504857 0.16763874 0.00640008 0.64849748]
[0.11338976 0.01339297 0.09753534 0.77861125 0.23318586]
[ 1.30487007e-03 -3.73496260e-04  1.42366022e-03  8.70720378e-01
  2.56143757e-01]
[ 7.29999310e-06 -5.98532592e-04  8.60187869e-03  2.71181167e-01
  7.13544171e-01]
[0.42683295 0.7682469  0.01245155 0.36372989 0.06009115]
[0.00676605 0.01106175 0.00834831 0.00117934 0.81464207]
[0.00250731 0.00950169 0.12991662 0.72270005 0.60059669]
[0.09866531 0.69157157 0.32745923 0.00586929 0.52964915]
[0.29703588 0.00686459 0.38732614 0.27315873 0.53390414]
[0.06350112 0.01806784 0.27939272 0.18216861 0.60713157]
[0.65249287 0.76487453 0.08714103 0.1676519  0.196466  ]
[0.23707459 0.04386818 0.05717362 0.74004445 0.0678171 ]
[0.02175612 0.06321638 0.70944231 0.04992219 0.26198084]
[0.16597045 0.48269259 0.67797683 0.04851915 0.1024563 ]
[0.02227732 0.06908898 0.27906828 0.18362721 0.61101337]
[0.13916245 0.34231281 0.73134468 0.0295011  0.05762357]
[0.00135471 0.05806761 0.07037518 0.07265037 0.63216964]
[0.2732012  0.05423119 0.06459891 0.71427186 0.03232334]
[0.64815463 0.01296388 0.13064052 0.72478092 0.06068964]
[0.09500785 0.02016723 0.07797663 0.27744458 0.61868405]
[-7.81284969e-05 -1.45975409e-04  7.71140334e-03  3.93599988e-01
  7.30502325e-01]
[0.56371939 0.00088016 0.11131349 0.74076523 0.30807291]
[0.00096023 0.0441468  0.05886515 0.65280608 0.45339157]
[0.01537217 0.01500858 0.10427418 0.05457791 0.65804467]
[3.91325772e-04 4.64952362e-02 6.43111412e-02 2.51235648e-02
 6.76924681e-01]
[0.01718043 0.00806399 0.00552798 0.00142485 0.76058226]
[0.45222901 0.08409279 0.10906944 0.61139275 0.05576048]
[0.01726185 0.00130716 0.00502945 0.00432115 0.71661573]
[0.14236264 0.02618244 0.01633044 0.47563849 0.51815542]
[0.0423277  0.00596583 0.06382645 0.66335236 0.45833157]
[0.43260365 0.00470678 0.33429841 0.04875643 0.41535886]
[0.03130875 0.02566451 0.1643339  0.52030299 0.42774673]
[0.16279314 0.83047702 0.21887544 0.27652057 0.08666779]
[2.71670812e-04 8.67492217e-02 8.25229666e-02 9.22618978e-02
 8.11493573e-01]
[0.04173512 0.00134448 0.09501225 0.72289581 0.5025557 ]
[0.44962832 0.08962546 0.10632479 0.60690774 0.03179799]
[0.69037853 0.11823704 0.55883446 0.0286367  0.09562016]
[0.02291752 0.18693523 0.6614559  0.03688177 0.105852  ]
[0.06979031 0.01397932 0.09627823 0.14244536 0.61990922]
[0.00167715 0.04859785 0.07877498 0.05948859 0.63619486]
[0.64584455 0.12051346 0.52390003 0.03960151 0.05382857]
[0.03974998 0.02194133 0.01354542 0.64653355 0.64472268]
[0.05079037 0.01700539 0.03866444 0.63557113 0.44109039]
[0.52956558 0.23341803 0.06557225 0.6257416  0.05513255]
[0.3932161  0.70771669 0.14544927 0.32724742 0.26263316]
[0.02027968 0.00851598 0.01587813 1.15169938 0.01629241]
[0.00602115 0.03019579 0.08807831 0.7351182  0.07990277]
[0.73791793 0.13729813 0.16999694 0.0498512  0.26162308]
[0.0022545  0.00997376 0.21313733 0.26429534 0.66080037]
[0.12110881 0.59617646 0.00924984 0.59858069 0.28695009]
[0.00620385 0.50149126 0.10527761 0.60185886 0.05642888]
[0.54882191 0.09236975 0.44280109 0.0048936  0.21049632]
[0.00180256 0.26034025 0.07700913 0.45957054 0.57262125]
[0.77017111 0.00761082 0.59879715 0.00703701 0.15284034]
[9.51602697e-03 3.16036427e-02 7.60971981e-01 2.16917674e-05
 9.73800362e-02]
[ 7.12594097e-04 -5.19679354e-04  2.75931877e-03  2.13765178e-02
  6.97153389e-01]
[0.27138201 0.82001704 0.0181015  0.66830733 0.11208438]
[0.01396866 0.00560342 0.73745789 0.20127463 0.23908175]
[2.96942576e-01 1.74324684e-04 5.86250287e-02 7.54326063e-01
 4.73016839e-01]
[0.18310881 0.30434598 0.13011613 0.51415735 0.36719136]
[0.04967294 0.01590478 0.05463287 0.48156856 0.53432857]
[0.00193858 0.01949215 0.00515207 0.00447723 0.69154693]
[0.15433143 0.03207614 0.90224404 0.13154326 0.04457269]
[0.07360976 0.01208557 0.01770483 0.21564527 0.62269665]
[0.05868937 0.00221138 0.0422119  0.24187143 0.66555713]
[0.61900687 0.44239911 0.07265927 0.36230923 0.22008759]
[0.58360343 0.00093277 0.02843696 0.77921815 0.15117765]
[0.26466397 0.01613761 0.2268702  0.42036136 0.45127   ]
[ 3.30153975e-03 -5.86381524e-04  1.83395096e-02  1.20070798e-01
  6.66828889e-01]
[0.01097293 0.66373129 0.87584113 0.45212494 0.01671607]
[0.01231845 0.03577948 0.46532865 0.58888449 0.05579311]
[0.59422082 0.00215571 0.45573034 0.00961484 0.24511312]
[ 1.91695085e-01 -1.04139493e-04  2.49717622e-02  3.09858416e-01
  6.82315357e-01]
[0.21176424 0.11194725 0.07801521 0.46560322 0.59043914]
[0.09508537 0.11189334 0.08460534 1.0142645  0.0237609 ]
[0.10059139 0.30730459 0.50263789 0.20953123 0.60326971]
[0.20308279 0.01702636 0.15484931 0.58455958 0.49207099]
[0.18322047 0.16042476 0.71102585 0.08632314 0.1223772 ]
[0.62208762 0.32987104 0.28562608 0.37785193 0.33733112]
[0.24223481 0.00493581 0.19510311 0.69712128 0.2739975 ]
[0.310959   0.59271826 0.48662343 0.36013837 0.06092848]
[0.48070925 0.19730135 0.66473365 0.11193339 0.09219275]
[0.02861515 0.09371571 0.64197184 0.12548035 0.52675309]
[0.00075989 0.12243328 0.06093643 0.06208873 0.7130412 ]
[0.58652226 0.06025668 0.80685584 0.15543752 0.04668099]
[0.45147884 0.0049418  0.34892426 0.04086848 0.43552196]
[0.03452954 0.0036853  0.02976672 0.29018911 0.70608033]
