[0.75665792 0.05721591 0.17185306 0.02123409 0.24714772]
[ 2.98285077e-03 -5.88712643e-04  1.66511030e-02  1.08852172e-01
  6.05583608e-01]
[0.01930341 0.09630104 0.01592558 0.68301107 0.0735034 ]
[0.24368165 0.04510952 0.76702586 0.03963381 0.05387054]
[0.16913497 0.03520812 0.9886975  0.04842419 0.048442  ]
[0.08417248 0.01244232 0.0632791  0.89133467 0.005529  ]
[0.09025993 0.01960659 0.07414928 0.23107472 0.52806031]
[0.00303036 0.68995472 0.77889487 0.13243681 0.00282227]
[0.0047033  0.24307719 0.14941475 0.88397075 0.00256924]
[0.02004315 0.00838096 0.01515264 0.88184162 0.01087766]
[0.21943397 0.04056317 0.69075041 0.10453611 0.04892185]
[0.0172348  0.03576745 0.05434807 0.60259398 0.50022031]
[0.20099147 0.59075439 0.44768744 0.00497132 0.37663402]
[0.09833482 0.68532285 0.32454983 0.00579805 0.52494051]
[0.59422082 0.00215571 0.45573034 0.00961484 0.24511312]
[0.00702838 0.02124664 0.06500418 0.54209395 0.53245122]
[0.07412863 0.43734343 0.00672152 0.43534671 0.43831178]
[0.0007637  0.00459745 0.00117234 0.030748   0.63043774]
[0.25369924 0.03994085 0.21929886 0.00784234 0.63914262]
[ 1.07483757e-02 -9.81485997e-05  5.76741122e-02  6.48925773e-01
  4.48492975e-01]
[0.14236264 0.02618244 0.01633044 0.47563849 0.51815542]
[0.42683295 0.7682469  0.01245155 0.36372989 0.06009115]
[0.01048228 0.03424771 0.00128302 0.91441614 0.06762673]
[4.13752547e-04 2.14806134e-01 1.47601629e-01 5.51224504e-01
 4.64089852e-01]
[0.04745333 0.17034    0.60167526 0.42130052 0.06742372]
[0.38958185 0.70117289 0.1389615  0.32370777 0.03134357]
[0.00247922 0.02102908 0.67950932 0.03690633 0.10591887]
[0.04374805 0.01457086 0.03476391 0.55670775 0.38649285]
[0.39911208 0.06538966 0.5956279  0.04236517 0.08996316]
[9.51602697e-03 3.16036427e-02 7.60971981e-01 2.16917674e-05
 9.73800362e-02]
[0.07105624 0.65327397 0.11756023 0.24122059 0.49746448]
[0.77017111 0.00761082 0.59879715 0.00703701 0.15284034]
[0.08740742 0.15708014 0.65714506 0.28871702 0.24990424]
[0.01309074 0.03802986 0.49410726 0.03945178 0.46297535]
[0.20702737 0.03504857 0.16763874 0.00640008 0.64849748]
[0.06529306 0.18750225 0.03387918 0.45856947 0.45238925]
[ 3.54833654e-02 -3.88979566e-04  1.17634596e-01  8.45579484e-01
  3.62374664e-02]
[0.00620385 0.50149126 0.10527761 0.60185886 0.05642888]
[0.6990547  0.14032996 0.11946265 0.01788191 0.03174016]
[0.52287435 0.21949577 0.4462681  0.01820174 0.25906091]
[0.00559078 0.76138213 0.28040736 0.37090324 0.32420765]
[0.09141896 0.15817703 0.6307098  0.03516527 0.22045884]
[0.12110881 0.59617646 0.00924984 0.59858069 0.28695009]
[0.00101413 0.00528321 0.08888064 0.72874412 0.07918142]
[0.61900687 0.44239911 0.07265927 0.36230923 0.22008759]
[0.08471113 0.42585332 0.66933246 0.14132779 0.08646939]
[0.00785045 0.48031843 0.1008398  0.56471077 0.23496987]
[0.01138331 0.00425026 0.59927868 0.44518747 0.26366914]
[0.00804926 0.00080052 0.27260819 0.41605362 0.41954182]
[0.0024979  0.00723241 0.58442736 0.41852983 0.39438929]
[0.17800481 0.51011878 0.64917398 0.00952298 0.0106292 ]
[0.01796612 0.06061313 0.61081241 0.00606092 0.3415309 ]
[0.2732012  0.05423119 0.06459891 0.71427186 0.03232334]
[0.45147884 0.0049418  0.34892426 0.04086848 0.43552196]
[0.05858223 0.00663386 0.01891523 0.79004929 0.2331393 ]
[0.01446444 0.11826954 0.41926013 0.53187756 0.11358018]
[0.01396866 0.00560342 0.73745789 0.20127463 0.23908175]
[0.40230921 0.0043372  0.310932   0.69462347 0.04957419]
[0.46106326 0.0919195  0.10902922 0.60606479 0.03205456]
[0.59628927 0.7001512  0.06377072 0.1540071  0.25258722]
[ 7.70639335e-01  6.23641912e-03  5.99152914e-01 -1.26601419e-05
  3.54468056e-02]
[0.02291752 0.18693523 0.6614559  0.03688177 0.105852  ]
[0.01231615 0.48946105 0.64507928 0.22366745 0.02961242]
[0.04319801 0.0355887  0.2264213  0.71762658 0.28276728]
[0.00561483 0.48291728 0.63626003 0.2303175  0.12821947]
[0.00774298 0.30385635 0.36229798 0.38373158 0.40608514]
[0.00380195 0.51752377 0.18986526 0.52527142 0.28455561]
[0.00676605 0.01106175 0.00834831 0.00117934 0.81464207]
[0.15433143 0.03207614 0.90224404 0.13154326 0.04457269]
[0.18125716 0.3007347  0.12839859 0.50817202 0.36110227]
[0.59656633 0.03712869 0.51126286 0.35073081 0.02405432]
[0.8222105  0.15358138 0.11487097 0.3160859  0.08202218]
[0.01625005 0.05517117 0.70091186 0.04344964 0.05274684]
[0.02676681 0.05588551 0.08545192 0.82885651 0.13376161]
[0.13916245 0.34231281 0.73134468 0.0295011  0.05762357]
[ 1.30487007e-03 -3.73496260e-04  1.42366022e-03  8.70720378e-01
  2.56143757e-01]
[0.03418537 0.05757185 0.26310097 0.17142283 0.57171212]
[0.0104427  0.00404172 0.81187968 0.22060039 0.18719021]
[0.26355494 0.03813207 0.00433148 0.79138747 0.05954003]
[0.08196396 0.00283026 0.52483549 0.10243711 0.4315763 ]
[ 1.54377630e-02  1.08583075e-01  7.50938139e-02 -2.10673842e-04
  6.61177354e-01]
[0.01006444 0.03415768 0.43685702 0.54891997 0.05213534]
[0.69037853 0.11823704 0.55883446 0.0286367  0.09562016]
[0.2188849  0.03708934 0.17723553 0.41826233 0.41813866]
[0.16995401 0.29940238 0.48701169 0.20186732 0.36248024]
[0.01101078 0.66598753 0.87469493 0.45212494 0.01671607]
[0.55385616 0.2431047  0.48281144 0.20429098 0.23557334]
[0.02515509 0.07208025 0.07294624 0.52290351 0.52315315]
[0.10213535 0.02226169 0.08389385 0.26004042 0.5133413 ]
[0.19897869 0.03682547 0.14768486 0.84361826 0.00243367]
[0.22935758 0.04242135 0.05531212 0.71590263 0.06570584]
[0.01097293 0.66373129 0.87584113 0.45212494 0.01671607]
[0.03130875 0.02566451 0.1643339  0.52030299 0.42774673]
[ 7.34148961e-04 -6.00143125e-04  2.81596821e-03  1.96389905e-02
  6.46727865e-01]
[0.64584455 0.12051346 0.52390003 0.03960151 0.05382857]
[0.03266428 0.00675346 0.04979959 0.72327653 0.49804378]
[0.57479063 0.01131493 0.7468196  0.12602011 0.04875286]
[ 2.72262829e-04 -5.77953659e-04  2.34175450e-02  7.74657316e-01
  2.79955049e-01]
[0.0012049  0.05588036 0.04681665 0.61923506 0.48603566]
[0.07536965 0.01461472 0.02698388 0.75102051 0.03350306]
