[0.01444428 0.00581257 0.76226813 0.20811793 0.24713828]
[-4.72117401e-05  2.13507167e-01  2.63859362e-01  9.58606926e-01
  3.65812730e-01]
[0.00578325 0.10831166 0.12146842 0.01623977 0.73896363]
[0.00210479 0.04897152 0.07940918 0.05998441 0.64131562]
[0.60479743 0.30188397 0.62044672 0.16721578 0.19596035]
[0.1407448  0.33974536 0.72828206 0.04791219 0.10128357]
[0.0155604  0.17609098 0.42635329 0.88003379 0.01849212]
[0.03019183 0.01796536 0.54431127 0.432254   0.56624928]
[0.20308279 0.01702636 0.15484931 0.58455958 0.49207099]
[0.00364704 0.02234708 0.04830899 0.77561068 0.53483556]
[-7.81284969e-05 -1.45975409e-04  7.71140334e-03  3.93599988e-01
  7.30502325e-01]
[0.01726185 0.00130716 0.00502945 0.00432115 0.71661573]
[0.00676605 0.01106175 0.00834831 0.00117934 0.81464207]
[0.09588811 0.09592739 0.64473414 0.34845052 0.21647829]
[0.22447968 0.13463688 0.53171986 0.62268759 0.31032651]
[0.21176424 0.11194725 0.07801521 0.46560322 0.59043914]
[0.03538472 0.1277315  1.03613723 0.33769448 0.09557056]
[0.04711205 0.13911364 0.82453949 0.14802955 0.09843311]
[0.00397786 0.05780842 0.07025864 0.0725266  0.63112298]
[0.45222901 0.08409279 0.10906944 0.61139275 0.05576048]
[0.00576862 0.02525895 0.52104978 0.64912183 0.39928942]
[0.04519196 0.04017639 0.24706319 0.71501346 0.12028791]
[0.19699859 0.12882769 0.11444524 0.85138059 0.11554205]
[0.32826543 0.00765018 0.42803098 0.3020874  0.61862881]
[0.00423228 0.00245686 0.16981795 0.00511647 0.72192918]
[0.01336094 0.00105697 0.0115736  0.07013807 0.79827044]
[0.18280487 0.17353705 0.59513161 0.45289707 0.03785883]
[0.07852024 0.03171973 0.93583472 0.09279798 0.10874134]
[0.00075989 0.12243328 0.06093643 0.06208873 0.7130412 ]
[0.01517029 0.05046172 0.00165796 0.05365453 0.82044782]
[0.35844472 0.02205258 0.30722615 0.56997615 0.37593385]
[0.00741117 0.0369625  0.108303   0.92436555 0.09074182]
[0.00096023 0.0441468  0.05886515 0.65280608 0.45339157]
[0.00671142 0.26074519 0.11608126 0.8644944  0.11732353]
[0.35282609 0.27479619 0.0487141  0.62050606 0.44395538]
[ 2.86763735e-02 -2.34570493e-05  1.60457856e-01  8.11625503e-01
  2.95487176e-01]
[0.00273632 0.00989213 0.01492327 0.09507055 0.85421296]
[ 1.30487007e-03 -3.73496260e-04  1.42366022e-03  8.70720378e-01
  2.56143757e-01]
[0.06278195 0.05599266 0.241707   0.70512433 0.11881843]
[0.01482379 0.32615565 0.5236346  0.44443735 0.22231958]
[0.06388913 0.07504795 0.01096371 0.57155341 0.62733434]
[1.94125822e-02 3.46492061e-02 5.58516912e-04 1.00827129e+00
 7.68474324e-02]
[ 1.91695085e-01 -1.04139493e-04  2.49717622e-02  3.09858416e-01
  6.82315357e-01]
[0.01492724 0.16897872 0.40919041 0.84452597 0.22086911]
[0.14748671 0.09917592 0.17891316 0.84731815 0.11502069]
[0.21338499 0.03566785 0.1722256  0.00452077 0.66721711]
[0.07689998 0.00250428 0.00443528 0.01913902 0.94772017]
[0.45488599 0.00498369 0.35151336 0.0411908  0.43878811]
[0.23707459 0.04386818 0.05717362 0.74004445 0.0678171 ]
[0.0472116  0.0967105  0.07232762 1.08746596 0.00280274]
[0.6353521  0.45757303 0.07474296 0.37275314 0.22640608]
[0.14154924 0.10773622 0.61719104 0.67181987 0.31521108]
[0.00835333 0.03651806 0.747838   0.20753878 0.38583761]
[0.00111614 0.20164959 0.02998439 0.03243156 0.9040282 ]
[0.04651382 0.13734578 0.81410642 0.23429519 0.0992268 ]
[0.60381355 0.06320279 0.31201303 0.09064365 0.51927176]
[9.93186078e-03 9.59138084e-05 1.17082718e-02 2.79174277e-01
 7.96578634e-01]
[0.34421521 0.0641279  0.25542926 0.78319228 0.00246688]
[0.02227732 0.06908898 0.27906828 0.18362721 0.61101337]
[0.01537217 0.01500858 0.10427418 0.05457791 0.65804467]
[0.18566385 0.00215658 1.02479321 0.00727196 0.37548749]
[0.02175612 0.06321638 0.70944231 0.04992219 0.26198084]
[0.65629743 0.06749574 0.90282147 0.17417941 0.05228124]
[0.56542065 0.12538258 0.7065247  0.16993242 0.11451656]
[0.0010274  0.04680599 0.0623657  0.01994499 0.65121245]
[0.06188789 0.06190481 0.41694578 0.64585336 0.45610949]
[0.52281156 0.26168453 0.53703973 0.69639391 0.22571357]
[0.5189374  0.13028504 0.19282343 1.01463832 0.03666728]
[0.06034102 0.04879142 0.04198317 0.93346822 0.37175267]
[0.06920967 0.00643244 0.02916344 0.1422682  0.74911437]
[0.76203558 0.91912196 0.018506   0.54400689 0.08995202]
[0.1002301  0.20952674 0.70792387 0.96957881 0.04839075]
[0.1794476  0.52189768 0.7606094  0.05408908 0.11383055]
[0.03113778 0.09660095 0.27460654 0.18290675 0.61299209]
[0.1266508  0.01511421 0.06339925 0.92667224 0.56545462]
[0.25852357 0.10567742 1.0150085  0.10297884 0.11997782]
[-2.73846231e-05  1.38822429e-04  1.24374275e-02  4.29520613e-01
  7.65330498e-01]
[0.10392853 0.17016708 0.07581982 0.02502906 0.65460516]
[0.00791408 0.37994875 0.40721425 0.7736482  0.29848268]
[0.50881841 0.58989123 0.0856839  0.02203517 0.74598815]
[0.74165143 0.33049535 0.57790942 0.64957484 0.01687657]
[0.16933723 0.01528646 0.57473166 0.82535891 0.33540262]
[0.09963597 0.55522407 0.40057183 0.72528173 0.0529752 ]
[1.90867571e-02 7.31884507e-04 2.23679044e-02 1.95792153e-01
 7.90120330e-01]
[0.66291002 0.36327187 0.49520481 0.52953691 0.23165209]
[0.56371939 0.00088016 0.11131349 0.74076523 0.30807291]
[0.54199893 0.9756138  0.01692622 0.49752147 0.08226118]
[0.67278473 0.36869089 0.49127727 0.53328108 0.23328627]
[0.0298825  0.03973617 0.39257853 0.73026842 0.58363115]
[0.17300414 0.02877392 0.35509933 0.77114797 0.37794559]
[0.0537316  0.01877342 0.07342043 0.19455193 0.75794891]
[0.09681884 0.0205626  0.07946136 0.30485992 0.67191573]
[0.28618426 0.08162186 0.51065616 0.21017604 0.60963287]
[0.20278344 0.16160315 0.06205605 0.89831344 0.49491519]
[0.10961712 0.08480338 0.06500728 0.11002862 0.63832518]
[0.00978903 0.08029039 0.28530112 0.01855518 0.73886372]
[0.01993061 0.0391714  0.08223985 0.95682288 0.41880365]
[0.11219504 0.01082816 0.04726707 0.23175207 0.74120749]
[0.50033085 0.11154347 0.62585346 0.72426562 0.13520677]
[0.01673594 0.04011895 0.08745452 0.65566901 0.5852731 ]
