[0.01309074 0.03802986 0.49410726 0.03945178 0.46297535]
[0.24368165 0.04510952 0.76702586 0.03963381 0.05387054]
[0.04745333 0.17034    0.60167526 0.42130052 0.06742372]
[0.18125716 0.3007347  0.12839859 0.50817202 0.36110227]
[0.45147884 0.0049418  0.34892426 0.04086848 0.43552196]
[0.09515292 0.88504273 0.16358319 0.35023096 0.12980234]
[0.12110881 0.59617646 0.00924984 0.59858069 0.28695009]
[0.05858223 0.00663386 0.01891523 0.79004929 0.2331393 ]
[0.0104427  0.00404172 0.81187968 0.22060039 0.18719021]
[0.00286146 0.0945576  0.06512037 0.95070436 0.00239978]
[0.20702737 0.03504857 0.16763874 0.00640008 0.64849748]
[ 2.98285077e-03 -5.88712643e-04  1.66511030e-02  1.08852172e-01
  6.05583608e-01]
[0.26466397 0.01613761 0.2268702  0.42036136 0.45127   ]
[0.44622153 0.08936676 0.10584613 0.60248979 0.03307499]
[0.02231564 0.00110633 0.0051364  0.73218448 0.26376307]
[0.00167715 0.04859785 0.07877498 0.05948859 0.63619486]
[0.20099147 0.59075439 0.44768744 0.00497132 0.37663402]
[0.0047033  0.24307719 0.14941475 0.88397075 0.00256924]
[0.0172348  0.03576745 0.05434807 0.60259398 0.50022031]
[0.14236264 0.02618244 0.01633044 0.47563849 0.51815542]
[0.01231615 0.48946105 0.64507928 0.22366745 0.02961242]
[0.00397786 0.05780842 0.07025864 0.0725266  0.63112298]
[0.27802604 0.00082981 0.06578963 0.71290701 0.44709561]
[0.24223481 0.00493581 0.19510311 0.69712128 0.2739975 ]
[0.00101413 0.00528321 0.08888064 0.72874412 0.07918142]
[0.02027968 0.00851598 0.01587813 1.15169938 0.01629241]
[0.25774595 0.20061464 0.03665665 0.45300154 0.42268263]
[0.00180256 0.26034025 0.07700913 0.45957054 0.57262125]
[0.59422082 0.00215571 0.45573034 0.00961484 0.24511312]
[0.09141896 0.15817703 0.6307098  0.03516527 0.22045884]
[0.17106255 0.30135729 0.49018544 0.20319671 0.36484485]
[0.61900687 0.44239911 0.07265927 0.36230923 0.22008759]
[0.22935758 0.04242135 0.05531212 0.71590263 0.06570584]
[0.00620385 0.50149126 0.10527761 0.60185886 0.05642888]
[0.00380195 0.51752377 0.18986526 0.52527142 0.28455561]
[0.69037853 0.11823704 0.55883446 0.0286367  0.09562016]
[0.42683295 0.7682469  0.01245155 0.36372989 0.06009115]
[0.42570149 0.00462483 0.32900669 0.64095195 0.05174182]
[0.13916245 0.34231281 0.73134468 0.0295011  0.05762357]
[0.80652997 0.26341065 0.01301045 0.3800806  0.06279476]
[0.04967294 0.01590478 0.05463287 0.48156856 0.53432857]
[ 1.30487007e-03 -3.73496260e-04  1.42366022e-03  8.70720378e-01
  2.56143757e-01]
[0.03418537 0.05757185 0.26310097 0.17142283 0.57171212]
[0.40316478 0.7256302  0.23520237 0.36236657 0.05986572]
[0.00559078 0.76138213 0.28040736 0.37090324 0.32420765]
[0.01006444 0.03415768 0.43685702 0.54891997 0.05213534]
[0.01138331 0.00425026 0.59927868 0.44518747 0.26366914]
[3.85750348e-02 1.78422912e-04 2.15537148e-01 1.09086951e+00
 5.27933950e-02]
[0.09866531 0.69157157 0.32745923 0.00586929 0.52964915]
[0.05699381 0.32439518 0.06830897 0.75538272 0.03420156]
[0.00106663 0.01782107 0.00516505 0.00395718 0.67629035]
[0.09025993 0.01960659 0.07414928 0.23107472 0.52806031]
[3.38566527e-01 2.84453479e-04 4.38692610e-01 7.78351542e-01
 1.47098097e-01]
[0.16279314 0.83047702 0.21887544 0.27652057 0.08666779]
[0.08537125 0.42916989 0.67453822 0.28191772 0.09121882]
[0.02291752 0.18693523 0.6614559  0.03688177 0.105852  ]
[0.3932161  0.70771669 0.14544927 0.32724742 0.26263316]
[0.00096023 0.0441468  0.05886515 0.65280608 0.45339157]
[0.59628927 0.7001512  0.06377072 0.1540071  0.25258722]
[ 1.54377630e-02  1.08583075e-01  7.50938139e-02 -2.10673842e-04
  6.61177354e-01]
[0.56371939 0.00088016 0.11131349 0.74076523 0.30807291]
[0.58668785 0.06027386 0.80708359 0.15548199 0.01255522]
[0.03130875 0.02566451 0.1643339  0.52030299 0.42774673]
[0.01839329 0.03281387 0.00137643 0.97840928 0.07237679]
[0.0423277  0.00596583 0.06382645 0.66335236 0.45833157]
[0.20308279 0.01702636 0.15484931 0.58455958 0.49207099]
[0.01097293 0.66373129 0.87584113 0.45212494 0.01671607]
[0.02515509 0.07208025 0.07294624 0.52290351 0.52315315]
[0.15433143 0.03207614 0.90224404 0.13154326 0.04457269]
[0.00247922 0.02102908 0.67950932 0.03690633 0.10591887]
[0.19897869 0.03682547 0.14768486 0.84361826 0.00243367]
[0.01396866 0.00560342 0.73745789 0.20127463 0.23908175]
[0.08196396 0.00283026 0.52483549 0.10243711 0.4315763 ]
[0.01101078 0.66598753 0.87469493 0.45212494 0.01671607]
[0.43260365 0.00470678 0.33429841 0.04875643 0.41535886]
[0.2732012  0.05423119 0.06459891 0.71427186 0.03232334]
[0.25133863 0.01529485 0.2154523  0.00766711 0.64945615]
[0.00135471 0.05806761 0.07037518 0.07265037 0.63216964]
[0.56065149 0.00155389 0.02233789 0.74296654 0.1444785 ]
[2.96942576e-01 1.74324684e-04 5.86250287e-02 7.54326063e-01
 4.73016839e-01]
[9.51602697e-03 3.16036427e-02 7.60971981e-01 2.16917674e-05
 9.73800362e-02]
[0.57479063 0.01131493 0.7468196  0.12602011 0.04875286]
[0.00164262 0.098109   0.11840941 0.03700509 0.64610374]
[0.00702838 0.02124664 0.06500418 0.54209395 0.53245122]
[0.2188849  0.03708934 0.17723553 0.41826233 0.41813866]
[0.05079037 0.01700539 0.03866444 0.63557113 0.44109039]
[0.44962832 0.08962546 0.10632479 0.60690774 0.03179799]
[0.04126545 0.08449716 0.06324407 0.95072582 0.00239984]
[0.77017111 0.00761082 0.59879715 0.00703701 0.15284034]
[0.1294784  0.02366289 0.42286419 0.61059335 0.05585041]
[0.64584455 0.12051346 0.52390003 0.03960151 0.05382857]
[ 7.12594097e-04 -5.19679354e-04  2.75931877e-03  2.13765178e-02
  6.97153389e-01]
[0.01404358 0.02858366 0.02165897 1.08921993 0.00279081]
[0.58360343 0.00093277 0.02843696 0.77921815 0.15117765]
[0.39911208 0.06538966 0.5956279  0.04236517 0.08996316]
[ 7.34148961e-04 -6.00143125e-04  2.81596821e-03  1.96389905e-02
  6.46727865e-01]
[0.03266428 0.00675346 0.04979959 0.72327653 0.49804378]
[0.00676605 0.01106175 0.00834831 0.00117934 0.81464207]
[0.0512768  0.01695451 0.03899296 0.64098207 0.44483642]
[0.04173512 0.00134448 0.09501225 0.72289581 0.5025557 ]
