[3.85750348e-02 1.78422912e-04 2.15537148e-01 1.09086951e+00
 5.27933950e-02]
[0.02656817 0.21659001 0.76605346 0.05343901 0.12275358]
[0.01404358 0.02858366 0.02165897 1.08921993 0.00279081]
[0.03113778 0.09660095 0.27460654 0.18290675 0.61299209]
[0.04126545 0.08449716 0.06324407 0.95072582 0.00239984]
[0.06388913 0.07504795 0.01096371 0.57155341 0.62733434]
[0.0010274  0.04680599 0.0623657  0.01994499 0.65121245]
[0.6353521  0.45757303 0.07474296 0.37275314 0.22640608]
[0.00364704 0.02234708 0.04830899 0.77561068 0.53483556]
[0.01839329 0.03281387 0.00137643 0.97840928 0.07237679]
[0.35282609 0.27479619 0.0487141  0.62050606 0.44395538]
[0.05804698 0.02877267 0.06320326 0.57253209 0.6284052 ]
[0.01101078 0.66598753 0.87469493 0.45212494 0.01671607]
[0.0021847  0.00102971 0.18765551 0.00587015 0.79753616]
[0.0512768  0.01695451 0.03899296 0.64098207 0.44483642]
[0.04401613 0.13752426 0.8096174  0.2329915  0.09867744]
[0.18280487 0.17353705 0.59513161 0.45289707 0.03785883]
[0.17300414 0.02877392 0.35509933 0.77114797 0.37794559]
[0.55881141 0.00626158 0.43180422 0.01284506 0.53759928]
[0.08162125 0.45489754 0.32826004 0.59398262 0.28689537]
[0.00559078 0.76138213 0.28040736 0.37090324 0.32420765]
[0.00397786 0.05780842 0.07025864 0.0725266  0.63112298]
[0.01339497 0.02197025 0.00993155 0.19648402 0.68584367]
[0.19897869 0.03682547 0.14768486 0.84361826 0.00243367]
[0.03019183 0.01796536 0.54431127 0.432254   0.56624928]
[0.20702737 0.03504857 0.16763874 0.00640008 0.64849748]
[0.09588811 0.09592739 0.64473414 0.34845052 0.21647829]
[0.11338976 0.01339297 0.09753534 0.77861125 0.23318586]
[ 1.30487007e-03 -3.73496260e-04  1.42366022e-03  8.70720378e-01
  2.56143757e-01]
[0.63079263 0.06484966 0.86774333 0.16732872 0.01112509]
[0.18034411 0.07355595 0.72100655 0.69345889 0.11625971]
[0.35844472 0.02205258 0.30722615 0.56997615 0.37593385]
[0.10470853 0.091483   0.4066033  0.60706042 0.12002724]
[0.01482379 0.32615565 0.5236346  0.44443735 0.22231958]
[0.34421521 0.0641279  0.25542926 0.78319228 0.00246688]
[ 7.29999310e-06 -5.98532592e-04  8.60187869e-03  2.71181167e-01
  7.13544171e-01]
[0.42683295 0.7682469  0.01245155 0.36372989 0.06009115]
[0.00676605 0.01106175 0.00834831 0.00117934 0.81464207]
[0.00250731 0.00950169 0.12991662 0.72270005 0.60059669]
[0.48070925 0.19730135 0.66473365 0.11193339 0.09219275]
[0.09866531 0.69157157 0.32745923 0.00586929 0.52964915]
[0.00620599 0.03111553 0.09142345 0.76263124 0.08289976]
[0.11651393 0.02553553 0.65887024 0.65732923 0.11869907]
[0.21176424 0.11194725 0.07801521 0.46560322 0.59043914]
[0.0395068  0.11663922 0.68418845 0.13013425 0.2419759 ]
[0.29703588 0.00686459 0.38732614 0.27315873 0.53390414]
[0.18566385 0.00215658 1.02479321 0.00727196 0.37548749]
[0.07852024 0.03171973 0.93583472 0.09279798 0.10874134]
[0.0160572  0.00652158 0.84640071 0.10077337 0.25568785]
[0.06350112 0.01806784 0.27939272 0.18216861 0.60713157]
[0.65249287 0.76487453 0.08714103 0.1676519  0.196466  ]
[0.00674132 0.32474395 0.34813505 0.66275432 0.42494002]
[0.23707459 0.04386818 0.05717362 0.74004445 0.0678171 ]
[0.00273632 0.00989213 0.01492327 0.09507055 0.85421296]
[0.02175612 0.06321638 0.70944231 0.04992219 0.26198084]
[0.16597045 0.48269259 0.67797683 0.04851915 0.1024563 ]
[0.05517593 0.05637439 0.38848642 0.58488693 0.42077838]
[0.00210479 0.04897152 0.07940918 0.05998441 0.64131562]
[0.20308279 0.01702636 0.15484931 0.58455958 0.49207099]
[0.02362758 0.0207865  0.09133883 0.26522187 0.71640158]
[0.04519196 0.04017639 0.24706319 0.71501346 0.12028791]
[ 1.91695085e-01 -1.04139493e-04  2.49717622e-02  3.09858416e-01
  6.82315357e-01]
[0.00835333 0.03651806 0.747838   0.20753878 0.38583761]
[0.01444428 0.00581257 0.76226813 0.20811793 0.24713828]
[0.74165143 0.33049535 0.57790942 0.64957484 0.01687657]
[0.10059139 0.30730459 0.50263789 0.20953123 0.60326971]
[0.02227732 0.06908898 0.27906828 0.18362721 0.61101337]
[0.04651382 0.13734578 0.81410642 0.23429519 0.0992268 ]
[0.13916245 0.34231281 0.73134468 0.0295011  0.05762357]
[0.00135471 0.05806761 0.07037518 0.07265037 0.63216964]
[1.90867571e-02 7.31884507e-04 2.23679044e-02 1.95792153e-01
 7.90120330e-01]
[0.1407448  0.33974536 0.72828206 0.04791219 0.10128357]
[0.2732012  0.05423119 0.06459891 0.71427186 0.03232334]
[0.64815463 0.01296388 0.13064052 0.72478092 0.06068964]
[0.01302848 0.04333102 0.00141883 0.05064182 0.74926745]
[0.21338499 0.03566785 0.1722256  0.00452077 0.66721711]
[0.09500785 0.02016723 0.07797663 0.27744458 0.61868405]
[0.47011191 0.08353658 0.1132512  0.66833242 0.10420617]
[0.09431296 0.09434437 0.63416103 0.34270144 0.25099411]
[ 2.86763735e-02 -2.34570493e-05  1.60457856e-01  8.11625503e-01
  2.95487176e-01]
[-7.81284969e-05 -1.45975409e-04  7.71140334e-03  3.93599988e-01
  7.30502325e-01]
[0.56371939 0.00088016 0.11131349 0.74076523 0.30807291]
[0.62428498 0.13055839 0.76887203 0.19880103 0.08701967]
[0.58652226 0.06025668 0.80685584 0.15543752 0.04668099]
[0.00096023 0.0441468  0.05886515 0.65280608 0.45339157]
[0.02509392 0.03330719 0.33001691 0.61356588 0.49057126]
[0.01537217 0.01500858 0.10427418 0.05457791 0.65804467]
[0.45488599 0.00498369 0.35151336 0.0411908  0.43878811]
[0.06278195 0.05599266 0.241707   0.70512433 0.11881843]
[3.91325772e-04 4.64952362e-02 6.43111412e-02 2.51235648e-02
 6.76924681e-01]
[0.00576862 0.02525895 0.52104978 0.64912183 0.39928942]
[0.01718043 0.00806399 0.00552798 0.00142485 0.76058226]
[0.00075989 0.12243328 0.06093643 0.06208873 0.7130412 ]
[0.01336094 0.00105697 0.0115736  0.07013807 0.79827044]
[0.04711205 0.13911364 0.82453949 0.14802955 0.09843311]
[0.18692208 0.1024684  0.63050293 0.42231349 0.17219449]
[0.45222901 0.08409279 0.10906944 0.61139275 0.05576048]
[0.01726185 0.00130716 0.00502945 0.00432115 0.71661573]
[0.03538472 0.1277315  1.03613723 0.33769448 0.09557056]
[0.04372696 0.00278825 0.0996799  0.75849447 0.52725043]
