[0.00537586 0.00062972 0.38006695 0.57864893 0.05133276]
[0.10204085 0.18159791 0.81088003 0.03930512 0.04123538]
[0.08713206 0.48736993 0.10437042 0.60632656 0.00948028]
[0.00351298 0.02887989 0.43814596 0.54420339 0.07631251]
[0.29309757 0.06118665 0.06137798 0.43218054 0.42099728]
[0.56020845 0.07406064 0.41286369 0.448962   0.00548635]
[0.01271321 0.03691114 0.4940964  0.04002703 0.46294756]
[0.00771875 0.02116828 0.08214898 0.68002015 0.11256466]
[0.00804926 0.00080052 0.27260819 0.41605362 0.41954182]
[0.02515509 0.07208025 0.07294624 0.52290351 0.52315315]
[0.5257507  0.09825404 0.39010221 0.4567923  0.05248705]
[0.44634829 0.00487871 0.34496    0.04037981 0.43056997]
[0.00264644 0.01412546 0.64921978 0.48246313 0.00984699]
[6.53954953e-04 3.49076540e-03 6.18386864e-02 7.16887455e-01
 7.75927974e-02]
[ 1.25998670e-03 -5.00191453e-04  1.36760733e-03  8.37627964e-01
  1.64210090e-04]
[0.59656633 0.03712869 0.51126286 0.35073081 0.02405432]
[0.00129094 0.0794754  0.36581974 0.51696418 0.21514407]
[0.01332932 0.71650731 0.48728212 0.0104293  0.02497204]
[0.19415866 0.06584363 0.03842389 0.6276279  0.22966339]
[0.00109079 0.0056647  0.10182419 0.70512427 0.02767048]
[0.05674762 0.0963674  0.44004826 0.182716   0.38858666]
[0.00145496 0.00403718 0.00109914 0.02878546 0.59280501]
[0.41405264 0.06631879 0.61762867 0.03690202 0.0968058 ]
[0.0063157  0.00223217 0.48320219 0.42890169 0.44933038]
[0.6990547  0.14032996 0.11946265 0.01788191 0.03174016]
[0.00770041 0.00073741 0.26102223 0.41728329 0.41502505]
[0.44287371 0.09274798 0.09275259 0.5616297  0.10483297]
[0.00452822 0.51355974 0.57994661 0.09806243 0.0019973 ]
[0.01006444 0.03415768 0.43685702 0.54891997 0.05213534]
[1.65536029e-01 5.50498921e-01 6.86519933e-01 2.31930448e-04
 1.06844504e-01]
[0.46755685 0.01541232 0.61652013 0.01620883 0.01012063]
[0.23468589 0.68980762 0.52268382 0.00616422 0.02955219]
[0.00096207 0.02892394 0.03712591 0.53261122 0.36519937]
[0.02607636 0.04850402 0.56999268 0.32532692 0.22490063]
[2.60310492e-04 3.31574585e-01 7.23490756e-02 4.24103930e-01
 4.39128266e-01]
[0.69640501 0.13980567 0.06081012 0.03203897 0.11571435]
[0.57852798 0.04780486 0.44192759 0.00919917 0.2541896 ]
[0.00292495 0.00442841 0.02881398 0.32178696 0.57285289]
[2.73992032e-04 3.50727683e-02 7.46265020e-01 7.40393275e-03
 5.81867169e-02]
[0.00774298 0.30385635 0.36229798 0.38373158 0.40608514]
[0.2732012  0.05423119 0.06459891 0.71427186 0.03232334]
[0.42326769 0.07218675 0.26168682 0.05664407 0.41519885]
[ 2.90778907e-02 -2.01897194e-04  7.89625644e-01  5.93899477e-02
  3.25163787e-04]
[0.75665792 0.05721591 0.17185306 0.02123409 0.24714772]
[0.02528983 0.14169961 0.40967807 0.61575314 0.00582654]
[0.16147998 0.03308048 0.55795234 0.39322784 0.06292683]
[0.38958185 0.70117289 0.1389615  0.32370777 0.03134357]
[0.03418569 0.000828   0.52950499 0.10247089 0.43171582]
[0.00884937 0.00140486 0.30205021 0.6224012  0.01287836]
[0.26355494 0.03813207 0.00433148 0.79138747 0.05954003]
[0.01138331 0.00425026 0.59927868 0.44518747 0.26366914]
[0.00244546 0.02075331 0.67084983 0.03640864 0.10456398]
[4.85211257e-04 1.93809473e-03 1.65674470e-01 2.06410085e-01
 5.49791221e-01]
[0.41104257 0.73981487 0.00365506 0.36372212 0.05842234]
[0.38297349 0.14577815 0.0957068  0.55584439 0.23843433]
[0.01221242 0.0015601  0.19328591 0.62670416 0.35419418]
[0.09025993 0.01960659 0.07414928 0.23107472 0.52806031]
[5.97485710e-03 5.41378416e-04 2.04240640e-01 6.97932886e-01
 6.21570800e-02]
[0.1703018  0.02981521 0.78057756 0.01075437 0.05362051]
[0.22250902 0.02439622 0.17904917 0.41902544 0.41993592]
[0.26418963 0.03833129 0.02400145 0.74167297 0.02252287]
[0.09141896 0.15817703 0.6307098  0.03516527 0.22045884]
[0.27207317 0.05056621 0.03349212 0.3893532  0.49090241]
[0.02386427 0.22574602 0.13974221 0.82662772 0.00237659]
[0.01146548 0.10848704 0.62215231 0.01785035 0.32509268]
[0.0055502  0.47751586 0.617551   0.03561428 0.24311303]
[0.08196396 0.00283026 0.52483549 0.10243711 0.4315763 ]
[-1.83437171e-05  4.90281825e-03  1.18358343e-01 -1.95096161e-04
  5.72463496e-01]
[0.82249704 0.1408747  0.01930968 0.07552036 0.05623913]
[0.05301308 0.00346977 0.62763817 0.25635843 0.23270376]
[0.05480965 0.00358914 0.64882891 0.01897389 0.2232207 ]
[0.01419482 0.00208869 0.63160928 0.4597482  0.05833632]
[0.00147965 0.00500956 0.07056296 0.08657054 0.56541242]
[0.57372544 0.12791138 0.39032613 0.07936272 0.05025178]
[0.59379379 0.00215373 0.45540289 0.00960639 0.21352594]
[0.08253703 0.26223787 0.00743261 0.73556097 0.05532262]
[0.01930048 0.09628648 0.01592318 0.68290809 0.07349277]
[6.04024712e-03 4.55335101e-04 1.43282671e-01 5.13246960e-01
 4.47637661e-01]
[0.00356639 0.48679872 0.17453694 0.49210255 0.26214589]
[0.57346824 0.02578446 0.48460619 0.33397404 0.06814182]
[0.7476142  0.01638158 0.01228088 0.32016354 0.05531845]
[0.48281993 0.09018365 0.35825381 0.43725158 0.22409438]
[0.46106326 0.0919195  0.10902922 0.60606479 0.03205456]
[0.00092047 0.00481707 0.0818482  0.67094965 0.25472328]
[0.10720595 0.00447724 0.56766414 0.02946662 0.40333066]
[0.13819622 0.00813919 0.76184662 0.04092841 0.0224545 ]
[0.05398914 0.08949331 0.40515012 0.2606031  0.39942024]
[0.00445743 0.23078357 0.15042444 0.73150204 0.00987565]
[0.14073501 0.34618318 0.73959953 0.01135833 0.05824164]
[0.22619043 0.03554665 0.19520107 0.00676039 0.56939921]
[0.69646215 0.05587795 0.01325417 0.30253019 0.24766584]
[0.06727933 0.02291712 0.0534432  0.69517972 0.05466096]
[0.14236264 0.02618244 0.01633044 0.47563849 0.51815542]
[0.08826831 0.14692405 0.01809116 0.44849202 0.43218119]
[0.01048228 0.03424771 0.00128302 0.91441614 0.06762673]
[0.31595119 0.07015012 0.23796597 0.57966372 0.04656099]
[ 1.15924912e-03 -5.08050039e-04  1.26743051e-03  7.78485741e-01
  2.24941430e-01]
[ 1.92545266e-03 -5.84820246e-04  5.50539775e-06  1.19475534e-02
  7.08601712e-01]
[0.59282733 0.00214923 0.4546618  0.00958726 0.21626571]
[0.00699917 0.57508166 0.67565536 0.00838285 0.0641901 ]
